0.608
0.630
0.577
0.542
0.554
0.562
0.539
0.528
0.547
0.555
0.554
0.561
0.566
0.555
0.547
0.540
0.536
0.530
0.520
0.523
0.516
0.522
0.523
0.524
0.521
0.527
0.518
0.510
0.509
0.503
0.508
0.511
0.516
0.518
0.522
0.516
0.511
0.506
0.508
0.515
0.510
0.506
0.503
0.499
0.494
0.491
0.495
0.494
0.497
0.500
0.497
0.500
0.502
0.499
0.496
0.504
0.501
0.498
0.495
0.493
0.490
0.489
0.485
0.482
0.479
0.484
0.490
0.488
0.486
0.483
0.489
0.497
0.494
0.495
0.497
0.499
0.497
0.495
0.497
0.494
0.493
0.491
0.489
0.488
0.489
0.491
0.496
0.502
0.500
0.501
0.499
0.502
0.505
0.503
0.501
0.500
0.498
0.496
0.497
0.499
0.497
0.495
0.494
0.493
0.492
0.490
0.488
0.489
0.491
0.490
0.488
0.486
0.485
0.485
0.486
0.485
0.488
0.488
0.489
0.490
0.492
0.491
0.494
0.497
0.498
0.499
0.498
0.497
0.495
0.497
0.497
0.495
0.494
0.495
0.497
0.499
0.498
0.497
0.501
0.503
0.503
0.504
0.507
0.508
0.508
0.508
0.509
0.511
0.514
0.514
0.516
0.515
0.516
0.517
0.517
0.515
0.515
0.514
0.515
0.514
0.513
0.513
0.512
0.515
0.515
0.514
0.513
0.514
0.515
0.517
0.518
0.519
0.518
0.518
0.517
0.516
0.516
0.515
0.515
0.514
0.513
0.514
0.513
0.512
0.511
0.510
0.509
0.510
0.509
0.508
0.509
0.509
0.511
0.510
0.509
0.508
0.509
0.508
0.509
0.509
0.509
0.508
0.508
0.508
0.507
0.507
0.508
0.507
0.507
0.508
0.509
0.508
0.507
0.506
0.506
0.505
0.504
0.505
0.504
0.503
0.502
0.501
0.501
0.500
0.499
0.499
0.498
0.498
0.497
0.496
0.495
0.495
0.494
0.494
0.496
0.495
0.495
0.494
0.493
0.494
0.493
0.495
0.495
0.496
0.497
0.498
0.499
0.500
0.501
0.500
0.502
0.502
0.504
0.504
0.505
0.504
0.505
0.506
0.506
0.507
0.508
0.507
0.507
0.506
0.505
0.506
0.506
0.505
0.505
0.505
0.504
0.506
0.505
0.506
0.506
0.507
0.506
0.506
0.506
0.508
0.509
0.509
0.510
0.510
0.512
0.513
0.513
0.512
0.512
0.511
0.510
0.511
0.512
0.512
0.511
0.512
0.512
0.513
0.513
0.513
0.513
0.512
0.512
0.511
0.511
0.510
0.510
0.509
0.509
0.508
0.508
0.509
0.510
0.510
0.509
0.511
0.510
0.510
0.509
0.509
0.508
0.508
0.507
0.507
0.506
0.507
0.508
0.508
0.508
0.509
0.509
0.508
0.508
0.508
0.507
0.507
0.507
0.507
0.506
0.506
0.506
0.507
0.507
0.507
0.508
0.507
0.507
0.507
0.506
0.506
0.506
0.506
0.506
0.506
0.507
0.507
0.507
0.507
0.507
0.506
0.506
0.507
0.507
0.507
0.506
0.506
0.507
0.507
0.507
0.507
0.508
0.508
0.507
0.507
0.507
0.507
0.507
0.507
0.508
0.508
0.508
0.508
0.507
0.507
0.507
0.507
0.508
0.507
0.507
0.507
0.506
0.506
0.505
0.506
0.506
0.507
0.507
0.508
0.509
0.509
0.510
0.510
0.511
0.512
0.512
0.513
0.512
0.512
0.512
0.513
0.513
0.513
0.513
0.512
0.513
0.512
0.512
0.512
0.512
0.512
0.512
0.512
0.511
0.511
0.511
0.510
0.510
0.510
0.510
0.510
0.511
0.511
0.511
0.511
0.511
0.511
0.511
0.512
0.512
0.512
0.512
0.511
0.511
0.512
0.512
0.513
0.513
0.513
0.512
0.512
0.512
0.511
0.511
0.512
0.512
0.512
0.513
0.512
0.512
0.512
0.512
0.513
0.513
0.512
0.513
0.512
0.512
0.512
0.512
0.512
0.513
0.513
0.514
0.513
0.513
0.513
0.513
0.514
0.514
0.514
0.514
0.513
0.513
0.513
0.512
0.512
0.512
0.511
0.511
0.511
0.510
0.510
0.511
0.511
0.511
0.510
0.511
0.511
0.511
0.511
0.512
0.512
0.512
0.512
0.512
0.513
0.512
0.512
0.512
0.512
0.511
0.511
0.511
0.511
0.511
0.511
0.511
0.511
0.510
0.510
0.511
0.510
0.510
0.510
0.511
0.511
0.511
0.511
0.511
0.511
0.511
0.512
0.512
0.512
0.512
0.512
0.512
0.512
0.512
0.512
0.512
0.512
0.512
0.512
0.512
0.512
0.512
0.512
0.512
0.512
0.512
0.511
0.511
0.511
0.510
0.510
0.510
0.510
0.510
0.510
0.510
0.511
0.510
0.510
0.510
0.511
0.510
0.511
0.511
0.511
0.511
0.511
0.511
0.511
0.511
0.511
0.511
0.511
0.511
0.511
0.511
0.512
0.512
0.512
0.512
0.512
0.512
0.512
0.512
0.512
0.512
0.512
0.512
0.513
0.513
0.513
0.513
0.514
0.514
0.514
0.514
0.514
0.514
0.513
0.513
0.513
0.513
0.513
0.514
0.513
0.513
0.514
0.513
0.513
0.514
0.514
0.514
0.514
0.514
0.514
0.515
0.515
0.515
0.515
0.514
0.515
0.515
0.515
0.515
0.516
0.516
0.516
0.517
0.517
0.517
0.517
0.517
0.516
0.516
0.516
0.516
0.516
0.516
0.516
0.516
0.516
0.517
0.517
0.517
0.516
0.516
0.516
0.516
0.517
0.516
0.517
0.516
0.516
0.516
0.516
0.516
0.516
0.516
0.517
0.517
0.517
0.516
0.516
0.516
0.516
0.517
0.517
0.517
0.517
0.517
0.517
0.517
0.517
0.517
0.518
0.517
0.517
0.517
0.517
0.518
0.518
0.518
0.518
0.518
0.518
0.518
0.518
0.518
0.518
0.518
0.518
0.518
0.518
0.518
0.518
0.519
0.519
0.519
0.520
0.520
0.519
0.520
0.520
0.520
0.520
0.520
0.520
0.520
0.520
0.521
0.521
0.521
0.521
0.521
0.521
0.522
0.522
0.522
0.522
0.523
0.523
0.523
0.523
0.523
0.523
0.524
0.524
0.523
0.523
0.523
0.523
0.523
0.524
0.524
0.524
0.524
0.524
0.525
0.525
0.525
0.525
0.525
0.525
0.525
0.525
0.525
0.525
0.525
0.524
0.524
0.524
0.524
0.525
0.525
0.525
0.525
0.525
0.525
0.525
0.525
0.525
0.526
0.526
0.526
0.526
0.526
0.526
0.526
0.527
0.527
0.527
0.527
0.527
0.527
0.528
0.528
0.528
0.528
0.528
0.528
0.528
0.528
0.528
0.528
0.529
0.529
0.529
0.529
0.529
0.528
0.529
0.529
0.529
0.529
0.529
0.529
0.529
0.529
0.529
0.529
0.529
0.530
0.529
0.529
0.529
0.529
0.529
0.529
0.529
0.529
0.529
0.529
0.529
0.529
0.529
0.529
0.529
0.529
0.529
0.529
0.529
0.529
0.529
0.529
0.529
0.529
0.529
0.529
0.529
0.529
0.529
0.529
0.529
0.529
0.530
0.530
0.530
0.530
0.530
0.530
0.531
0.531
0.531
0.531
0.531
0.531
0.531
0.531
0.531
0.531
0.532
0.532
0.531
0.531
0.532
0.532
0.532
0.532
0.532
0.532
0.532
0.532
0.532
0.533
0.533
0.533
0.532
0.532
0.532
0.532
0.533
0.533
0.533
0.533
0.533
0.533
0.533
0.533
0.533
0.533
0.533
0.533
0.533
0.533
0.533
0.533
0.534
0.534
0.534
0.534
0.534
0.534
0.534
0.534
0.534
0.534
0.534
0.535
0.535
0.535
0.535
0.535
0.536
0.536
0.536
0.536
0.536
0.536
0.536
0.536
0.536
0.536
0.536
0.536
0.536
0.536
0.536
0.536
0.536
0.536
0.536
0.537
0.537
0.537
0.537
0.537
0.537
0.537
0.537
0.537
0.537
0.537
0.537
0.537
0.537
0.538
0.537
0.538
0.538
0.538
0.538
0.538
0.537
0.537
0.537
0.537
0.537
0.537
0.537
0.538
0.538
0.538
0.538
0.538
0.538
0.538
0.538
0.538
0.538
0.538
0.538
0.538
0.538
0.539
0.538
0.538
0.538
0.538
0.539
0.539
0.539
0.539
0.539
0.539
0.539
0.539
0.539
0.539
0.539
0.539
0.539
0.540
0.540
0.540
0.540
0.539
0.539
0.539
0.539
0.539
0.539
0.539
0.539
0.539
0.540
0.540
0.540
0.540
0.540
0.540
0.540
0.540
0.540
0.540
0.540
0.540
0.540
0.540
0.540
0.540
0.540
0.540
0.539
0.540
0.540
0.540
0.540
0.540
0.540
0.540
0.540
0.540
0.540
0.540
0.540
0.540
0.540
0.540
0.540
0.540
0.540
0.540
0.540
0.541
0.541
0.541
0.541
0.541
0.541
0.541
0.541
0.541
0.541
0.541
0.541
0.541
0.541
0.541
0.541
0.541
0.541
0.541
0.540
0.540
0.540
0.540
0.540
0.540
0.540
0.540
0.540
0.540
0.540
0.540
0.540
0.540
0.540
0.540
0.540
0.540
0.540
0.540
0.540
0.540
0.540
0.540
0.540
0.540
0.540
0.540
0.540
0.540
0.540
0.540
0.540
0.540
0.540
0.540
0.540
0.540
0.540
0.540
0.540
0.541
0.541
0.541
0.541
0.541
0.541
0.541
0.541
0.541
0.541
0.541
0.541
0.541
0.541
0.541
0.541
0.541
0.541
0.541
0.541
0.541
0.541
0.541
0.541
0.541
0.541
0.541
0.541
0.541
0.541
0.541
0.541
0.541
0.541
0.541
0.541
0.541
0.541
0.541
0.541
0.541
0.541
0.541
0.541
0.541
0.541
0.541
0.541
0.540
0.540
0.540
0.540
0.541
0.541
0.541
0.541
0.541
0.541
0.541
0.541
0.541
0.541
0.541
0.541
0.541
0.541
0.541
0.541
0.541
0.541
0.541
0.541
0.541
0.541
0.541
0.541
0.541
0.542
0.542
0.542
0.541
0.541
0.541
0.542
0.542
0.542
0.542
0.542
0.542
0.542
0.542
0.542
0.542
0.542
0.542
0.542
0.542
0.542
0.542
0.542
0.542
0.542
0.542
0.542
0.542
0.543
0.543
0.543
0.543
0.543
0.543
0.543
0.543
0.544
0.544
0.544
0.544
0.544
0.544
0.544
0.544
0.544
0.544
0.544
0.544
0.544
0.544
0.545
0.545
0.545
0.545
0.545
0.545
0.545
0.545
0.545
0.545
0.545
0.545
0.545
0.545
0.545
0.545
0.545
0.545
0.545
0.545
0.545
0.545
0.545
0.545
0.545
0.545
0.545
0.545
0.545
0.545
0.545
0.545
0.545
0.545
0.545
0.545
0.545
0.545
0.545
0.545
0.545
0.545
0.545
0.545
0.546
0.545
0.546
0.546
0.546
0.546
0.546
0.546
0.546
0.546
0.546
0.546
0.546
0.546
0.546
0.546
0.546
0.546
0.546
0.545
0.546
0.546
0.546
0.545
0.545
0.545
0.545
0.545
0.546
0.546
0.546
0.546
0.546
0.546
0.546
0.546
0.546
0.546
0.546
0.546
0.546
0.546
0.546
0.547
0.547
0.547
0.546
0.546
0.546
0.546
0.546
0.547
0.547
0.547
0.547
0.547
0.547
0.547
0.547
0.547
0.547
0.547
0.547
0.547
0.547
0.547
0.547
0.547
0.547
0.547
0.547
0.547
0.547
0.547
0.547
0.546
0.546
0.546
0.546
0.546
0.546
0.546
0.547
0.546
0.546
0.546
0.546
0.546
0.546
0.546
0.546
0.546
0.546
0.546
0.546
0.546
0.546
0.546
0.546
0.546
0.546
0.546
0.546
0.546
0.546
0.546
0.546
0.546
0.546
0.546
0.546
0.546
0.546
0.546
0.546
0.546
0.546
0.546
0.546
0.546
0.546
0.546
0.546
0.546
0.546
0.546
0.546
0.546
0.546
0.546
0.546
0.546
0.546
0.546
0.546
0.546
0.546
0.546
0.546
0.546
0.546
0.546
0.546
0.546
0.546
0.546
0.546
0.546
0.546
0.546
0.546
0.546
0.546
0.546
0.546
0.546
0.546
0.546
0.546
0.546
0.546
0.546
0.546
0.546
0.546
0.546
0.546
0.546
0.546
0.546
0.546
0.546
0.546
0.546
0.546
0.546
0.546
0.546
0.546
0.546
0.545
0.545
0.545
0.545
0.545
0.545
0.545
0.545
0.545
0.545
0.545
0.544
0.544
0.544
0.544
0.544
0.544
0.544
0.544
0.544
0.544
0.544
0.544
0.544
0.544
0.544
0.544
0.544
0.544
0.544
0.544
0.544
0.544
0.544
0.544
0.544
0.544
0.544
0.544
0.544
0.544
0.545
0.545
0.545
0.545
0.545
0.545
0.545
0.545
0.545
0.545
0.545
0.545
0.545
0.545
0.545
0.545
0.545
0.545
0.545
0.545
0.545
0.545
0.545
0.545
0.545
0.545
0.545
0.545
0.545
0.545
0.545
0.545
0.545
0.545
0.545
0.545
0.545
0.545
0.545
0.545
0.544
0.544
0.544
0.545
0.545
0.544
0.544
0.544
0.545
0.545
0.545
0.545
0.545
0.545
0.545
0.545
0.545
0.545
0.545
0.545
0.545
0.545
0.545
0.544
0.544
0.545
0.545
0.545
0.544
0.544
0.544
0.544
0.544
0.545
0.545
0.545
0.545
0.545
0.545
0.545
0.545
0.545
0.545
0.545
0.545
0.545
0.545
0.545
0.545
0.545
0.546
0.546
0.546
0.546
0.545
0.546
0.545
0.545
0.546
0.546
0.546
0.546
0.546
0.546
0.546
0.546
0.546
0.546
0.546
0.546
0.546
0.546
0.546
0.546
0.546
0.546
0.546
0.546
0.546
0.546
0.546
0.546
0.546
0.546
0.546
0.546
0.546
0.546
0.546
0.546
0.546
0.546
0.545
0.545
0.546
0.546
0.546
0.546
0.546
0.546
0.546
0.546
0.546
0.546
0.546
0.546
0.546
0.546
0.546
0.546
0.546
0.546
0.546
0.546
0.546
0.546
0.546
0.546
0.546
0.546
0.546
0.546
0.546
0.546
0.546
0.546
0.546
0.546
0.547
0.547
0.547
0.547
0.547
0.547
0.547
0.547
0.547
0.547
0.547
0.547
0.547
0.547
0.547
0.547
0.547
0.547
0.547
0.547
0.547
0.547
0.547
0.547
0.547
0.547
0.547
0.547
0.546
0.546
0.546
0.546
0.546
0.546
0.546
0.546
0.546
0.546
0.546
0.547
0.546
0.546
0.546
0.546
0.546
0.546
0.546
0.547
0.547
0.546
0.546
0.547
0.547
0.547
0.547
0.547
0.547
0.547
0.547
0.547
0.547
0.547
0.547
0.547
0.547
0.547
0.547
0.547
0.547
0.547
0.547
0.547
0.547
0.547
0.547
0.547
0.546
0.547
0.547
0.547
0.547
0.547
0.547
0.546
0.547
0.547
0.547
0.547
0.547
0.547
0.546
0.546
0.546
0.546
0.546
0.546
0.546
0.546
0.546
0.546
0.546
0.546
0.546
0.546
0.546
0.546
0.546
0.546
0.546
0.546
0.546
0.546
0.546
0.546
0.546
0.546
0.545
0.545
0.545
0.545
0.545
0.545
0.545
0.545
0.545
0.545
0.545
0.545
0.545
0.545
0.545
0.545
0.545
0.545
0.545
0.545
0.544
0.544
0.544
0.544
0.544
0.544
0.544
0.544
0.544
0.544
0.544
0.544
0.544
0.544
0.544
0.544
0.544
0.544
0.544
0.544
0.543
0.543
0.544
0.544
0.543
0.543
0.543
0.543
0.543
0.543
0.543
0.543
0.543
0.543
0.543
0.543
0.543
0.543
0.543
0.543
0.543
0.543
0.543
0.543
0.543
0.543
0.542
0.542
0.542
0.542
0.542
0.542
0.542
0.542
0.542
0.542
0.542
0.542
0.542
0.542
0.542
0.542
0.542
0.542
0.542
0.542
0.542
0.542
0.542
0.541
0.541
0.541
0.541
0.541
0.541
0.541
0.541
0.541
0.541
0.541
0.541
0.541
0.541
0.541
0.541
0.541
0.541
0.541
0.541
0.541
0.541
0.541
0.541
0.541
0.541
0.541
0.540
0.540
0.540
0.540
0.540
0.540
0.540
0.540
0.540
0.540
0.540
0.540
0.540
0.540
0.540
0.540
0.540
0.540
0.540
0.540
0.540
0.540
0.540
0.539
0.539
0.539
0.539
0.539
0.539
0.539
0.539
0.539
0.539
0.539
0.539
0.539
0.539
0.539
0.539
0.538
0.538
0.538
0.538
0.538
0.538
0.538
0.538
0.538
0.538
0.538
0.538
0.538
0.538
0.538
0.538
0.538
0.537
0.537
0.537
0.537
0.537
0.537
0.537
0.537
0.537
0.537
0.537
0.537
0.537
0.537
0.536
0.536
0.536
0.536
0.536
0.536
0.536
0.536
0.536
0.536
0.536
0.536
0.536
0.536
0.536
0.535
0.535
0.535
0.535
0.535
0.535
0.535
0.535
0.535
0.535
0.535
0.535
0.535
0.535
0.535
0.535
0.535
0.535
0.535
0.535
0.535
0.535
0.535
0.535
0.535
0.535
0.535
0.535
0.534
0.534
0.534
0.534
0.534
0.534
0.534
0.534
0.534
0.534
0.534
0.534
0.534
0.534
0.534
0.534
0.534
0.533
0.533
0.533
0.533