Precisão média por imagem
0.514
0.525
0.506
0.587
0.644
0.677
0.701
0.712
0.725
0.729
0.737
0.737
0.745
0.748
0.746
0.740
0.742
0.742
0.736
0.729
0.724
0.718
0.712
0.707
0.697
0.688
0.683
0.675
0.668
0.663
0.659
0.656
0.654
0.650
0.646
0.649
0.647
0.645
0.644
0.643
0.640
0.637
0.639
0.634
0.631
0.634
0.634
0.632
0.628
0.626
0.625
0.624
0.619
0.615
0.611
0.608
0.604
0.600
0.604
0.606
0.606
0.609
0.608
0.606
0.608
0.610
0.611
0.613
0.611
0.610
0.611
0.612
0.610
0.607
0.607
0.606
0.605
0.603
0.602
0.600
0.597
0.600
0.601
0.602
0.602
0.603
0.604
0.604
0.603
0.601
0.601
0.600
0.600
0.602
0.601
0.602
0.603
0.605
0.607
0.609
0.610
0.610
0.610
0.610
0.611
0.612
0.613
0.615
0.616
0.616
0.618
0.618
0.617
0.617
0.617
0.618
0.616
0.617
0.615
0.614
0.615
0.616
0.618
0.618
0.617
0.616
0.615
0.614
0.612
0.611
0.610
0.609
0.607
0.608
0.610
0.609
0.608
0.608
0.607
0.606
0.606
0.606
0.605
0.604
0.606
0.606
0.605
0.604
0.603
0.602
0.603
0.604
0.605
0.605
0.605
0.605
0.606
0.607
0.607
0.607
0.607
0.608
0.608
0.607
0.606
0.606
0.606
0.606
0.606
0.605
0.604
0.603
0.603
0.604
0.605
0.605
0.604
0.604
0.604
0.604
0.604
0.604
0.604
0.604
0.603
0.603
0.602
0.601
0.601
0.601
0.600
0.600
0.599
0.599
0.598
0.598
0.599
0.598
0.599
0.599
0.599
0.598
0.597
0.598
0.599
0.599
0.600
0.600
0.601
0.601
0.600
0.600
0.599
0.599
0.600
0.601
0.602
0.602
0.603
0.603
0.602
0.602
0.602
0.603
0.603
0.603
0.603
0.602
0.602
0.601
0.601
0.601
0.601
0.601
0.601
0.600
0.600
0.600
0.600
0.600
0.600
0.600
0.601
0.601
0.601
0.601
0.600
0.600
0.600
0.600
0.601
0.602
0.602
0.603
0.603
0.603
0.603
0.603
0.604
0.604
0.604
0.605
0.605
0.605
0.606
0.606
0.606
0.607
0.607
0.607
0.608
0.608
0.607
0.607
0.607
0.607
0.608
0.609
0.610
0.610
0.611
0.612
0.612
0.612
0.613
0.612
0.612
0.612
0.611
0.611
0.610
0.610
0.610
0.610
0.609
0.609
0.609
0.609
0.609
0.610
0.610
0.611
0.610
0.610
0.609
0.609
0.609
0.609
0.609
0.609
0.609
0.609
0.609
0.609
0.608
0.608
0.609
0.608
0.609
0.610
0.610
0.611
0.612
0.612
0.613
0.614
0.614
0.613
0.613
0.614
0.614
0.613
0.613
0.613
0.613
0.613
0.614
0.614
0.614
0.614
0.614
0.615
0.614
0.614
0.614
0.614
0.614
0.615
0.615
0.616
0.617
0.617
0.618
0.617
0.617
0.616
0.616
0.615
0.615
0.616
0.616
0.616
0.615
0.615
0.615
0.615
0.614
0.614
0.614
0.615
0.615
0.616
0.616
0.617
0.617
0.617
0.617
0.618
0.618
0.618
0.618
0.618
0.619
0.619
0.619
0.620
0.620
0.621
0.621
0.621
0.622
0.622
0.622
0.622
0.622
0.623
0.623
0.623
0.623
0.623
0.622
0.622
0.622
0.622
0.622
0.623
0.623
0.623
0.622
0.622
0.622
0.622
0.622
0.622
0.622
0.622
0.623
0.622
0.622
0.621
0.621
0.620
0.619
0.619
0.619
0.619
0.619
0.620
0.620
0.620
0.620
0.620
0.619
0.620
0.620
0.621
0.621
0.621
0.622
0.622
0.622
0.622
0.623
0.623
0.623
0.624
0.623
0.624
0.624
0.624
0.624
0.624
0.623
0.623
0.623
0.622
0.622
0.622
0.622
0.622
0.622
0.621
0.621
0.621
0.621
0.621
0.621
0.621
0.621
0.621
0.621
0.621
0.621
0.621
0.621
0.621
0.621
0.621
0.621
0.621
0.621
0.621
0.622
0.621
0.621
0.621
0.621
0.620
0.620
0.620
0.620
0.620
0.620
0.621
0.621
0.621
0.621
0.621
0.620
0.620
0.620
0.620
0.620
0.619
0.620
0.620
0.620
0.620
0.620
0.620
0.620
0.620
0.620
0.620
0.619
0.620
0.620
0.620
0.620
0.620
0.620
0.620
0.620
0.619
0.619
0.619
0.619
0.620
0.619
0.619
0.619
0.619
0.619
0.620
0.620
0.620
0.621
0.621
0.621
0.620
0.620
0.621
0.621
0.621
0.621
0.621
0.621
0.620
0.620
0.620
0.620
0.621
0.621
0.620
0.620
0.620
0.620
0.620
0.619
0.619
0.620
0.620
0.620
0.620
0.620
0.620
0.620
0.620
0.620
0.620
0.620
0.619
0.619
0.619
0.619
0.619
0.619
0.619
0.619
0.618
0.618
0.618
0.618
0.618
0.618
0.618
0.617
0.618
0.618
0.618
0.618
0.618
0.618
0.619
0.619
0.619
0.619
0.619
0.619
0.618
0.618
0.618
0.619
0.619
0.619
0.619
0.619
0.619
0.619
0.619
0.619
0.619
0.619
0.618
0.618
0.618
0.618
0.618
0.618
0.618
0.618
0.618
0.618
0.618
0.618
0.618
0.618
0.619
0.619
0.619
0.618
0.618
0.618
0.618
0.618
0.618
0.618
0.619
0.619
0.619
0.619
0.619
0.619
0.619
0.618
0.618
0.619
0.618
0.618
0.618
0.618
0.617
0.618
0.618
0.618
0.618
0.618
0.618
0.618
0.618
0.618
0.618
0.618
0.618
0.617
0.617
0.617
0.618
0.618
0.618
0.617
0.618
0.618
0.618
0.617
0.617
0.617
0.617
0.617
0.617
0.617
0.617
0.617
0.618
0.618
0.617
0.617
0.617
0.617
0.617
0.616
0.616
0.616
0.617
0.617
0.617
0.617
0.617
0.617
0.617
0.617
0.617
0.617
0.617
0.617
0.617
0.617
0.617
0.617
0.617
0.617
0.617
0.617
0.617
0.617
0.617
0.617
0.617
0.617
0.617
0.618
0.618
0.618
0.618
0.618
0.619
0.619
0.618
0.618
0.618
0.619
0.619
0.618
0.618
0.618
0.618
0.618
0.618
0.618
0.618
0.618
0.618
0.618
0.618
0.618
0.618
0.618
0.618
0.618
0.618
0.618
0.618
0.618
0.618
0.618
0.618
0.617
0.617
0.617
0.617
0.616
0.616
0.616
0.616
0.616
0.616
0.616
0.615
0.615
0.615
0.615
0.615
0.615
0.614
0.614
0.615
0.615
0.615
0.614
0.614
0.614
0.614
0.614
0.614
0.614
0.614
0.615
0.615
0.614
0.614
0.614
0.614
0.614
0.614
0.614
0.614
0.614
0.615
0.615
0.615
0.615
0.616
0.616
0.616
0.616
0.616
0.616
0.616
0.616
0.616
0.616
0.616
0.616
0.616
0.616
0.615
0.615
0.615
0.615
0.615
0.615
0.615
0.615
0.616
0.615
0.615
0.615
0.615
0.615
0.615
0.615
0.615
0.615
0.615
0.615
0.615
0.615
0.615
0.615
0.615
0.615
0.615
0.615
0.615
0.615
0.615
0.615
0.614
0.614
0.614
0.614
0.614
0.614
0.615
0.615
0.615
0.615
0.615
0.615
0.615
0.615
0.615
0.615
0.615
0.615
0.615
0.615
0.615
0.615
0.615
0.615
0.615
0.615
0.615
0.615
0.615
0.615
0.615
0.615
0.615
0.615
0.614
0.614
0.614
0.614
0.614
0.614
0.614
0.613
0.613
0.613
0.613
0.613
0.613
0.613
0.613
0.613
0.613
0.613
0.613
0.613
0.613
0.613
0.613
0.613
0.613
0.613
0.613
0.613
0.613
0.613
0.613
0.613
0.612
0.613
0.613
0.613
0.613
0.613
0.614
0.614
0.614
0.614
0.614
0.614
0.613
0.614
0.614
0.614
0.614
0.614
0.614
0.614
0.614
0.614
0.613
0.613
0.613
0.613
0.613
0.614
0.614
0.613
0.614
0.614
0.614
0.613
0.613
0.613
0.613
0.613
0.613
0.613
0.613
0.613
0.612
0.612
0.612
0.612
0.612
0.612
0.612
0.612
0.612
0.613
0.613
0.612
0.612
0.612
0.612
0.612
0.611
0.611
0.611
0.611
0.612
0.612
0.612
0.612
0.612
0.612
0.613
0.613
0.613
0.613
0.613
0.613
0.613
0.613
0.613
0.612
0.612
0.612
0.612
0.612
0.612
0.612
0.612
0.612
0.612
0.612
0.612
0.612
0.612
0.612
0.611
0.611
0.611
0.611
0.611
0.611
0.611
0.611
0.611
0.611
0.611
0.611
0.611
0.611
0.610
0.610
0.610
0.610
0.610
0.610
0.610
0.610
0.610
0.610
0.610
0.610
0.610
0.610
0.609
0.609
0.610
0.610
0.610
0.610
0.610
0.610
0.610
0.610
0.610
0.610
0.610
0.610
0.610
0.610
0.610
0.610
0.610
0.610
0.610
0.610
0.610
0.610
0.609
0.609
0.609
0.609
0.609
0.609
0.609
0.609
0.609
0.609
0.609
0.609
0.609
0.609
0.609
0.609
0.609
0.609
0.609
0.609
0.609
0.609
0.609
0.609
0.609
0.609
0.609
0.608
0.608
0.608
0.608
0.609
0.609
0.609
0.609
0.609
0.609
0.609
0.609
0.609
0.609
0.609
0.609
0.609
0.609
0.610
0.610
0.610
0.610
0.609
0.609
0.610
0.610
0.609
0.610
0.610
0.609
0.609
0.609
0.609
0.609
0.609
0.609
0.610
0.610
0.610
0.610
0.610
0.610
0.611
0.611
0.611
0.611
0.611
0.611
0.612
0.612
0.612
0.612
0.612
0.612
0.613
0.613
0.613
0.613
0.613
0.613
0.614
0.614
0.614
0.614
0.614
0.614
0.614
0.614
0.613
0.613
0.613
0.613
0.613
0.613
0.613
0.613
0.613
0.613
0.612
0.612
0.612
0.613
0.613
0.613
0.613
0.613
0.613
0.613
0.613
0.613
0.613
0.613
0.613
0.613
0.613
0.613
0.613
0.613
0.613
0.613
0.613
0.613
0.613
0.613
0.613
0.613
0.613
0.613
0.613
0.613
0.613
0.613
0.613
0.613
0.613
0.613
0.613
0.613
0.613
0.613
0.613
0.612
0.612
0.612
0.613
0.613
0.613
0.613
0.613
0.613
0.613
0.613
0.613
0.613
0.613
0.613
0.613
0.613
0.613
0.614
0.614
0.614
0.614
0.614
0.614
0.613
0.613
0.613
0.613
0.613
0.613
0.613
0.613
0.613
0.613
0.613
0.613
0.613
0.613
0.613
0.613
0.613
0.613
0.613
0.613
0.613
0.613
0.613
0.613
0.613
0.612
0.612
0.612
0.612
0.612
0.612
0.612
0.612
0.612
0.612
0.612
0.612
0.612
0.613
0.613
0.613
0.613
0.613
0.613
0.613
0.613
0.613
0.613
0.613
0.613
0.613
0.613
0.613
0.613
0.613
0.613
0.613
0.613
0.613
0.613
0.613
0.614
0.614
0.614
0.613
0.613
0.614
0.614
0.614
0.614
0.614
0.614
0.614
0.614
0.614
0.615
0.615
0.615
0.614
0.614
0.614
0.614
0.614
0.614
0.614
0.614
0.614
0.614
0.614
0.614
0.614
0.614
0.614
0.614
0.614
0.614
0.614
0.613
0.613
0.613
0.613
0.614
0.614
0.614
0.614
0.614
0.614
0.614
0.614
0.614
0.614
0.614
0.614
0.614
0.614
0.614
0.614
0.614
0.614
0.614
0.614
0.614
0.614
0.614
0.614
0.615
0.615
0.615
0.615
0.615
0.615
0.615
0.615
0.615
0.615
0.615
0.616
0.616
0.616
0.616
0.616
0.616
0.616
0.616
0.616
0.616
0.616
0.616
0.616
0.615
0.616
0.616
0.615
0.615
0.615
0.615
0.615
0.615
0.615
0.615
0.615
0.615
0.615
0.615
0.615
0.615
0.615
0.615
0.615
0.615
0.615
0.615
0.615
0.615
0.615
0.616
0.615
0.616
0.616
0.616
0.616
0.616
0.616
0.616
0.616
0.616
0.616
0.616
0.616
0.616
0.616
0.616
0.616
0.616
0.616
0.616
0.616
0.616
0.615
0.615
0.615
0.615
0.615
0.615
0.615
0.615
0.616
0.616
0.616
0.616
0.616
0.616
0.616
0.616
0.616
0.616
0.616
0.616
0.616
0.617
0.617
0.617
0.617
0.617
0.617
0.617
0.617
0.617
0.617
0.617
0.617
0.617
0.617
0.617
0.617
0.617
0.617
0.617
0.617
0.617
0.617
0.617
0.616
0.616
0.616
0.616
0.616
0.616
0.616
0.616
0.616
0.616
0.616
0.616
0.616
0.616
0.616
0.616
0.616
0.616
0.616
0.616
0.616
0.615
0.615
0.615
0.615
0.615
0.615
0.615
0.615
0.615
0.615
0.615
0.615
0.615
0.615
0.615
0.615
0.615
0.615
0.615
0.614
0.614
0.614
0.614
0.614
0.614
0.614
0.614
0.614
0.614
0.614
0.614
0.614
0.614
0.614
0.614
0.614
0.614
0.614
0.614
0.614
0.614
0.614
0.614
0.614
0.614
0.613
0.613
0.613
0.613
0.613
0.613
0.613
0.613
0.613