Precisão média por imagem
0.581
0.536
0.509
0.532
0.517
0.530
0.547
0.549
0.531
0.515
0.505
0.490
0.478
0.472
0.483
0.493
0.491
0.497
0.503
0.496
0.500
0.500
0.503
0.505
0.504
0.502
0.499
0.493
0.489
0.486
0.484
0.479
0.479
0.481
0.484
0.489
0.492
0.490
0.494
0.496
0.500
0.497
0.495
0.494
0.491
0.488
0.487
0.489
0.488
0.489
0.492
0.490
0.488
0.487
0.488
0.490
0.488
0.486
0.488
0.488
0.487
0.484
0.484
0.485
0.485
0.484
0.485
0.487
0.488
0.489
0.489
0.490
0.488
0.487
0.487
0.487
0.486
0.485
0.485
0.484
0.483
0.483
0.482
0.482
0.481
0.481
0.480
0.480
0.480
0.480
0.479
0.479
0.478
0.479
0.480
0.480
0.481
0.481
0.480
0.481
0.480
0.479
0.478
0.477
0.476
0.478
0.480
0.481
0.481
0.481
0.479
0.478
0.478
0.479
0.481
0.481
0.482
0.483
0.484
0.485
0.484
0.483
0.483
0.483
0.482
0.484
0.485
0.486
0.488
0.488
0.489
0.488
0.488
0.487
0.488
0.488
0.490
0.491
0.490
0.490
0.490
0.489
0.489
0.490
0.491
0.490
0.489
0.489
0.488
0.487
0.487
0.487
0.487
0.486
0.485
0.484
0.484
0.485
0.486
0.487
0.487
0.486
0.485
0.485
0.484
0.485
0.486
0.486
0.486
0.485
0.485
0.485
0.485
0.486
0.485
0.484
0.483
0.483
0.483
0.484
0.484
0.485
0.486
0.485
0.486
0.487
0.489
0.489
0.489
0.490
0.491
0.492
0.493
0.493
0.492
0.492
0.492
0.491
0.491
0.491
0.490
0.490
0.489
0.489
0.488
0.488
0.487
0.487
0.487
0.487
0.487
0.488
0.489
0.488
0.488
0.488
0.488
0.488
0.487
0.488
0.488
0.489
0.489
0.490
0.489
0.489
0.489
0.488
0.487
0.487
0.488
0.488
0.488
0.488
0.488
0.488
0.487
0.487
0.488
0.487
0.487
0.487
0.487
0.487
0.487
0.487
0.488
0.488
0.488
0.488
0.488
0.488
0.487
0.487
0.487
0.487
0.487
0.487
0.487
0.487
0.487
0.487
0.487
0.487
0.487
0.487
0.486
0.486
0.486
0.486
0.486
0.486
0.487
0.488
0.487
0.488
0.487
0.487
0.488
0.489
0.488
0.488
0.488
0.487
0.487
0.486
0.486
0.486
0.486
0.486
0.485
0.485
0.485
0.486
0.486
0.486
0.486
0.486
0.486
0.486
0.485
0.485
0.485
0.484
0.484
0.483
0.483
0.484
0.484
0.484
0.484
0.484
0.484
0.484
0.484
0.485
0.485
0.486
0.486
0.486
0.485
0.485
0.485
0.485
0.485
0.486
0.485
0.485
0.485
0.485
0.485
0.485
0.485
0.485
0.485
0.485
0.485
0.486
0.486
0.486
0.485
0.485
0.485
0.484
0.484
0.484
0.484
0.484
0.484
0.483
0.483
0.483
0.482
0.482
0.482
0.482
0.481
0.481
0.481
0.480
0.480
0.480
0.480
0.479
0.479
0.479
0.479
0.479
0.479
0.479
0.479
0.480
0.479
0.479
0.479
0.478
0.478
0.478
0.478
0.478
0.479
0.479
0.479
0.480
0.480
0.480
0.480
0.480
0.481
0.480
0.480
0.481
0.481
0.481
0.480
0.480
0.480
0.480
0.480
0.480
0.481
0.481
0.481
0.481
0.481
0.482
0.482
0.482
0.482
0.482
0.482
0.482
0.482
0.483
0.483
0.484
0.484
0.484
0.484
0.483
0.484
0.484
0.484
0.484
0.484
0.483
0.483
0.483
0.483
0.483
0.483
0.483
0.483
0.483
0.484
0.484
0.484
0.484
0.483
0.483
0.483
0.483
0.483
0.483
0.482
0.482
0.482
0.482
0.482
0.482
0.482
0.482
0.482
0.482
0.482
0.482
0.482
0.482
0.482
0.482
0.481
0.481
0.481
0.481
0.481
0.481
0.481
0.481
0.481
0.481
0.481
0.481
0.481
0.481
0.481
0.481
0.481
0.481
0.482
0.481
0.481
0.482
0.482
0.482
0.482
0.483
0.483
0.483
0.483
0.483
0.482
0.482
0.482
0.482
0.482
0.483
0.482
0.482
0.482
0.482
0.483
0.482
0.482
0.482
0.482
0.482
0.482
0.482
0.481
0.482
0.482
0.482
0.482
0.481
0.482
0.482
0.482
0.481
0.481
0.482
0.482
0.482
0.482
0.481
0.481
0.481
0.482
0.482
0.481
0.482
0.482
0.482
0.482
0.482
0.482
0.482
0.483
0.482
0.482
0.482
0.482
0.482
0.482
0.482
0.482
0.482
0.482
0.482
0.482
0.482
0.482
0.482
0.482
0.482
0.482
0.482
0.482
0.482
0.482
0.482
0.481
0.482
0.481
0.482
0.482
0.482
0.483
0.483
0.482
0.482
0.482
0.482
0.483
0.482
0.482
0.482
0.482
0.482
0.482
0.482
0.483
0.483
0.483
0.483
0.483
0.483
0.483
0.483
0.483
0.483
0.483
0.483
0.483
0.483
0.483
0.483
0.483
0.482
0.483
0.483
0.483
0.483
0.483
0.482
0.482
0.482
0.482
0.482
0.482
0.482
0.482
0.483
0.483
0.483
0.483
0.483
0.483
0.483
0.483
0.483
0.483
0.483
0.483
0.484
0.484
0.484
0.484
0.484
0.484
0.484
0.484
0.484
0.484
0.484
0.484
0.484
0.484
0.484
0.484
0.484
0.484
0.485
0.485
0.485
0.484
0.484
0.484
0.484
0.484
0.484
0.484
0.484
0.485
0.485
0.485
0.485
0.485
0.485
0.485
0.485
0.485
0.485
0.485
0.485
0.485
0.485
0.485
0.485
0.485
0.485
0.485
0.485
0.485
0.485
0.485
0.485
0.485
0.485
0.485
0.485
0.485
0.484
0.485
0.485
0.485
0.485
0.485
0.485
0.485
0.485
0.485
0.485
0.486
0.486
0.486
0.486
0.486
0.486
0.486
0.486
0.486
0.486
0.486
0.486
0.486
0.486
0.486
0.486
0.487
0.486
0.486
0.487
0.487
0.487
0.487
0.487
0.487
0.487
0.487
0.486
0.486
0.486
0.486
0.486
0.486
0.487
0.486
0.486
0.486
0.486
0.486
0.486
0.486
0.486
0.486
0.486
0.486
0.486
0.486
0.486
0.486
0.487
0.487
0.487
0.487
0.487
0.487
0.487
0.487
0.487
0.487
0.487
0.487
0.487
0.487
0.488
0.487
0.487
0.487
0.487
0.487
0.487
0.487
0.487
0.487
0.487
0.487
0.487
0.487
0.487
0.487
0.487
0.487
0.487
0.487
0.487
0.488
0.488
0.488
0.488
0.488
0.488
0.488
0.488
0.488
0.488
0.488
0.489
0.488
0.489
0.489
0.489
0.488
0.489
0.489
0.489
0.489
0.489
0.489
0.489
0.489
0.489
0.489
0.489
0.489
0.490
0.490
0.490
0.490
0.490
0.490
0.490
0.490
0.490
0.490
0.490
0.490
0.490
0.490
0.490
0.490
0.490
0.490
0.490
0.490
0.490
0.490
0.490
0.489
0.489
0.489
0.489
0.490
0.490
0.490
0.490
0.490
0.490
0.490
0.491
0.491
0.491
0.491
0.491
0.491
0.491
0.491
0.491
0.491
0.491
0.491
0.491
0.491
0.491
0.491
0.491
0.491
0.491
0.491
0.491
0.491
0.491
0.491
0.491
0.491
0.491
0.491
0.491
0.491
0.491
0.491
0.491
0.491
0.491
0.491
0.491
0.491
0.491
0.491
0.491
0.491
0.491
0.491
0.491
0.491
0.491
0.491
0.491
0.491
0.491
0.491
0.491
0.491
0.492
0.492
0.491
0.491
0.491
0.491
0.491
0.491
0.490
0.490
0.490
0.490
0.490
0.490
0.490
0.490
0.490
0.491
0.490
0.490
0.490
0.490
0.490
0.490
0.490
0.490
0.490
0.490
0.490
0.490
0.490
0.490
0.490
0.490
0.491
0.491
0.491
0.491
0.491
0.491
0.491
0.491
0.491
0.491
0.491
0.491
0.492
0.491
0.492
0.492
0.492
0.492
0.492
0.492
0.492
0.492
0.492
0.492
0.492
0.492
0.492
0.492
0.492
0.492
0.492
0.492
0.492
0.492
0.493
0.493
0.493
0.492
0.492
0.492
0.493
0.492
0.493
0.492
0.492
0.492
0.492
0.493
0.492
0.493
0.493
0.493
0.493
0.493
0.493
0.493
0.493
0.493
0.493
0.493
0.493
0.493
0.493
0.493
0.493
0.493
0.493
0.493
0.493
0.493
0.493
0.493
0.493
0.493
0.493
0.494
0.494
0.494
0.494
0.494
0.494
0.494
0.494
0.494
0.494
0.494
0.494
0.495
0.495
0.495
0.494
0.494
0.494
0.494
0.494
0.494
0.494
0.495
0.495
0.495
0.495
0.495
0.495
0.495
0.495
0.495
0.495
0.495
0.495
0.495
0.495
0.495
0.495
0.495
0.496
0.495
0.495
0.495
0.495
0.495
0.495
0.495
0.495
0.495
0.495
0.495
0.495
0.495
0.495
0.495
0.495
0.495
0.495
0.495
0.495
0.496
0.495
0.496
0.496
0.496
0.496
0.496
0.495
0.495
0.495
0.495
0.496
0.496
0.496
0.495
0.496
0.496
0.496
0.496
0.496
0.496
0.496
0.496
0.496
0.496
0.496
0.496
0.496
0.496
0.496
0.496
0.496
0.496
0.497
0.497
0.497
0.496
0.497
0.497
0.497
0.497
0.497
0.497
0.497
0.497
0.497
0.497
0.497
0.497
0.497
0.497
0.497
0.497
0.497
0.497
0.497
0.497
0.496
0.496
0.496
0.496
0.496
0.496
0.496
0.496
0.496
0.496
0.497
0.497
0.496
0.496
0.496
0.497
0.497
0.497
0.497
0.497
0.497
0.497
0.497
0.497
0.497
0.497
0.497
0.497
0.497
0.497
0.497
0.497
0.497
0.497
0.497
0.497
0.497
0.497
0.497
0.497
0.497
0.497
0.497
0.497
0.497
0.497
0.497
0.497
0.497
0.497
0.497
0.497
0.497
0.497
0.497
0.498
0.497
0.497
0.497
0.498
0.497
0.497
0.497
0.497
0.497
0.497
0.497
0.497
0.497
0.498
0.498
0.498
0.498
0.498
0.498
0.498
0.498
0.497
0.497
0.498
0.498
0.498
0.498
0.498
0.497
0.497
0.498
0.498
0.498
0.497
0.497
0.497
0.497
0.497
0.497
0.497
0.497
0.497
0.497
0.497
0.497
0.497
0.497
0.497
0.497
0.497
0.497
0.497
0.497
0.497
0.497
0.497
0.497
0.497
0.497
0.497
0.497
0.497
0.497
0.497
0.497
0.497
0.497
0.497
0.497
0.497
0.497
0.497
0.497
0.497
0.497
0.497
0.497
0.497
0.497
0.497
0.497
0.497
0.497
0.497
0.497
0.497
0.497
0.497
0.497
0.497
0.497
0.497
0.497
0.497
0.497
0.497
0.497
0.497
0.497
0.497
0.497
0.497
0.497
0.497
0.497
0.497
0.497
0.497
0.497
0.497
0.497
0.497
0.498
0.498
0.498
0.498
0.498
0.498
0.498
0.498
0.498
0.498
0.498
0.498
0.498
0.498
0.498
0.498
0.498
0.498
0.498
0.498
0.498
0.498
0.498
0.498
0.498
0.498
0.498
0.498
0.498
0.498
0.498