Precisão média por imagem
0.491
0.485
0.524
0.567
0.583
0.629
0.662
0.684
0.705
0.719
0.731
0.738
0.747
0.757
0.759
0.764
0.764
0.767
0.771
0.773
0.767
0.757
0.746
0.737
0.728
0.722
0.714
0.708
0.703
0.700
0.697
0.692
0.692
0.688
0.685
0.679
0.677
0.674
0.670
0.667
0.664
0.661
0.664
0.663
0.662
0.662
0.666
0.665
0.663
0.661
0.659
0.654
0.653
0.650
0.646
0.641
0.638
0.635
0.640
0.643
0.647
0.651
0.649
0.648
0.646
0.643
0.643
0.644
0.643
0.642
0.641
0.641
0.637
0.635
0.634
0.632
0.628
0.627
0.626
0.623
0.622
0.625
0.627
0.627
0.629
0.631
0.634
0.637
0.640
0.638
0.637
0.636
0.636
0.639
0.639
0.642
0.644
0.646
0.649
0.650
0.652
0.650
0.651
0.653
0.651
0.650
0.650
0.651
0.653
0.655
0.657
0.657
0.658
0.659
0.659
0.661
0.662
0.663
0.661
0.660
0.658
0.658
0.659
0.661
0.660
0.659
0.657
0.656
0.655
0.654
0.654
0.653
0.652
0.653
0.654
0.653
0.651
0.648
0.647
0.646
0.646
0.645
0.644
0.646
0.645
0.645
0.644
0.643
0.642
0.641
0.642
0.642
0.643
0.645
0.644
0.643
0.644
0.644
0.643
0.644
0.644
0.644
0.644
0.643
0.642
0.641
0.641
0.640
0.641
0.640
0.639
0.639
0.639
0.639
0.639
0.641
0.642
0.640
0.639
0.638
0.638
0.636
0.636
0.635
0.634
0.634
0.632
0.631
0.631
0.630
0.629
0.629
0.629
0.628
0.628
0.627
0.626
0.627
0.626
0.626
0.626
0.625
0.625
0.624
0.625
0.625
0.625
0.625
0.625
0.625
0.624
0.622
0.623
0.625
0.626
0.627
0.628
0.629
0.629
0.628
0.627
0.626
0.625
0.626
0.625
0.625
0.625
0.623
0.624
0.623
0.622
0.623
0.622
0.622
0.622
0.622
0.622
0.622
0.621
0.621
0.620
0.621
0.621
0.621
0.621
0.623
0.622
0.622
0.622
0.623
0.623
0.623
0.623
0.622
0.623
0.623
0.623
0.622
0.622
0.621
0.623
0.624
0.624
0.625
0.626
0.627
0.628
0.627
0.628
0.629
0.629
0.629
0.629
0.628
0.628
0.629
0.629
0.630
0.631
0.632
0.633
0.633
0.633
0.634
0.634
0.633
0.633
0.632
0.632
0.631
0.631
0.631
0.631
0.631
0.630
0.630
0.630
0.631
0.632
0.632
0.633
0.634
0.634
0.633
0.633
0.632
0.632
0.631
0.631
0.630
0.630
0.630
0.630
0.630
0.630
0.630
0.630
0.630
0.630
0.631
0.632
0.633
0.634
0.635
0.636
0.636
0.637
0.637
0.637
0.637
0.638
0.638
0.637
0.637
0.637
0.637
0.637
0.637
0.637
0.637
0.637
0.637
0.636
0.636
0.636
0.636
0.635
0.636
0.636
0.636
0.636
0.637
0.637
0.636
0.635
0.635
0.636
0.636
0.637
0.637
0.638
0.637
0.637
0.638
0.638
0.637
0.637
0.637
0.637
0.637
0.637
0.638
0.639
0.639
0.639
0.640
0.640
0.641
0.641
0.641
0.641
0.641
0.642
0.642
0.642
0.642
0.642
0.642
0.642
0.643
0.643
0.643
0.643
0.644
0.644
0.644
0.644
0.643
0.643
0.642
0.642
0.642
0.642
0.643
0.643
0.643
0.643
0.642
0.641
0.641
0.641
0.641
0.641
0.641
0.641
0.641
0.641
0.640
0.640
0.640
0.639
0.639
0.639
0.639
0.639
0.639
0.639
0.639
0.639
0.639
0.638
0.638
0.638
0.638
0.639
0.639
0.639
0.639
0.639
0.640
0.640
0.641
0.641
0.642
0.642
0.643
0.643
0.643
0.643
0.643
0.643
0.643
0.642
0.641
0.641
0.640
0.640
0.640
0.640
0.640
0.639
0.638
0.638
0.638
0.638
0.638
0.637
0.637
0.637
0.637
0.637
0.637
0.637
0.636
0.636
0.636
0.635
0.635
0.635
0.634
0.634
0.634
0.634
0.634
0.634
0.634
0.634
0.634
0.633
0.633
0.633
0.633
0.633
0.633
0.633
0.634
0.634
0.634
0.633
0.633
0.634
0.633
0.633
0.633
0.633
0.633
0.633
0.634
0.633
0.634
0.634
0.633
0.633
0.632
0.632
0.633
0.633
0.634
0.634
0.634
0.634
0.634
0.633
0.633
0.633
0.633
0.633
0.634
0.633
0.633
0.633
0.633
0.633
0.633
0.633
0.634
0.633
0.633
0.633
0.633
0.633
0.634
0.633
0.634
0.634
0.635
0.635
0.634
0.634
0.634
0.634
0.634
0.634
0.634
0.634
0.633
0.633
0.633
0.633
0.633
0.632
0.632
0.633
0.633
0.632
0.632
0.632
0.632
0.632
0.632
0.632
0.631
0.631
0.631
0.632
0.632
0.632
0.631
0.631
0.631
0.631
0.630
0.630
0.630
0.630
0.630
0.629
0.630
0.630
0.630
0.630
0.630
0.630
0.631
0.631
0.631
0.631
0.630
0.630
0.630
0.630
0.630
0.630
0.630
0.630
0.630
0.630
0.630
0.630
0.630
0.630
0.630
0.630
0.630
0.629
0.630
0.630
0.630
0.630
0.630
0.631
0.631
0.632
0.632
0.632
0.632
0.633
0.633
0.633
0.633
0.633
0.633
0.632
0.632
0.632
0.632
0.632
0.632
0.633
0.633
0.633
0.633
0.633
0.633
0.633
0.633
0.634
0.634
0.634
0.634
0.634
0.634
0.634
0.634
0.634
0.634
0.634
0.634
0.634
0.633
0.634
0.634
0.633
0.633
0.633
0.633
0.633
0.633
0.633
0.633
0.633
0.633
0.633
0.633
0.632
0.632
0.632
0.632
0.631
0.632
0.632
0.632
0.632
0.632
0.632
0.632
0.632
0.631
0.631
0.631
0.631
0.631
0.631
0.632
0.632
0.631
0.632
0.632
0.632
0.632
0.632
0.632
0.632
0.631
0.631
0.631
0.631
0.631
0.631
0.631
0.631
0.630
0.630
0.630
0.631
0.631
0.630
0.630
0.631
0.631
0.631
0.632
0.632
0.632
0.632
0.632
0.632
0.632
0.632
0.632
0.632
0.632
0.631
0.631
0.631
0.631
0.631
0.631
0.631
0.630
0.630
0.630
0.630
0.630
0.630
0.630
0.630
0.629
0.629
0.630
0.630
0.630
0.630
0.630
0.631
0.631
0.631
0.631
0.630
0.630
0.630
0.630
0.630
0.630
0.630
0.629
0.629
0.629
0.629
0.629
0.629
0.629
0.628
0.628
0.628
0.629
0.629
0.629
0.629
0.629
0.628
0.628
0.628
0.628
0.628
0.628
0.629
0.629
0.628
0.628
0.628
0.628
0.628
0.628
0.628
0.628
0.628
0.629
0.628
0.628
0.629
0.628
0.628
0.629
0.629
0.629
0.629
0.629
0.630
0.629
0.629
0.629
0.629
0.629
0.628
0.628
0.628
0.628
0.628
0.627
0.628
0.628
0.628
0.628
0.628
0.628
0.628
0.627
0.627
0.627
0.627
0.627
0.627
0.627
0.627
0.627
0.627
0.627
0.627
0.627
0.627
0.627
0.627
0.627
0.627
0.627
0.627
0.627
0.626
0.626
0.626
0.626
0.626
0.626
0.626
0.626
0.626
0.627
0.627
0.627
0.627
0.627
0.627
0.627
0.627
0.627
0.628
0.628
0.628
0.628
0.628
0.628
0.628
0.628
0.628
0.628
0.628
0.628
0.628
0.627
0.628
0.628
0.627
0.627
0.627
0.627
0.627
0.626
0.626
0.626
0.626
0.626
0.626
0.625
0.625
0.626
0.626
0.626
0.626
0.626
0.626
0.626
0.626
0.625
0.625
0.625
0.625
0.625
0.625
0.625
0.625
0.625
0.624
0.624
0.624
0.625
0.625
0.625
0.625
0.626
0.625
0.625
0.625
0.625
0.625
0.625
0.625
0.625
0.625
0.625
0.625
0.625
0.624
0.624
0.624
0.624
0.624
0.624
0.624
0.624
0.624
0.624
0.624
0.624
0.624
0.624
0.624
0.624
0.624
0.624
0.624
0.624
0.623
0.623
0.623
0.623
0.623
0.623
0.623
0.623
0.623
0.623
0.622
0.622
0.622
0.622
0.622
0.622
0.622
0.621
0.621
0.621
0.621
0.621
0.621
0.621
0.621
0.621
0.621
0.621
0.621
0.621
0.621
0.622
0.622
0.622
0.622
0.622
0.622
0.622
0.622
0.621
0.621
0.621
0.621
0.622
0.622
0.622
0.622
0.622
0.623
0.623
0.623
0.623
0.623
0.623
0.622
0.622
0.622
0.622
0.622
0.622
0.622
0.622
0.622
0.622
0.622
0.622
0.622
0.622
0.622
0.622
0.622
0.622
0.622
0.622
0.621
0.621
0.621
0.621
0.621
0.621
0.621
0.621
0.621
0.621
0.620
0.620
0.621
0.621
0.621
0.621
0.622
0.622
0.622
0.622
0.623
0.623
0.623
0.623
0.623
0.623
0.623
0.623
0.623
0.622
0.622
0.622
0.622
0.622
0.622
0.622
0.622
0.622
0.621
0.622
0.622
0.622
0.621
0.621
0.622
0.621
0.621
0.621
0.621
0.621
0.621
0.621
0.621
0.621
0.621
0.622
0.622
0.622
0.621
0.621
0.621
0.621
0.621
0.621
0.621
0.621
0.621
0.621
0.621
0.621
0.622
0.622
0.621
0.622
0.621
0.622
0.622
0.622
0.622
0.622
0.622
0.622
0.622
0.621
0.621
0.622
0.621
0.621
0.621
0.621
0.621
0.621
0.621
0.621
0.621
0.621
0.621
0.622
0.622
0.622
0.622
0.622
0.623
0.623
0.623
0.623
0.623
0.624
0.624
0.624
0.624
0.624
0.624
0.625
0.625
0.625
0.625
0.625
0.626
0.626
0.626
0.626
0.626
0.626
0.626
0.626
0.626
0.626
0.626
0.626
0.626
0.626
0.626
0.625
0.625
0.625
0.625
0.625
0.625
0.625
0.625
0.625
0.626
0.626
0.626
0.626
0.626
0.626
0.626
0.626
0.626
0.626
0.626
0.626
0.626
0.626
0.626
0.626
0.626
0.626
0.626
0.626
0.626
0.626
0.626
0.626
0.626
0.626
0.626
0.626
0.626
0.625
0.625
0.625
0.625
0.625
0.625
0.625
0.625
0.625
0.624
0.625
0.624
0.625
0.625
0.625
0.624
0.624
0.625
0.625
0.624
0.624
0.624
0.624
0.624
0.624
0.624
0.624
0.625
0.625
0.624
0.624
0.624
0.624
0.624
0.624
0.624
0.624
0.624
0.624
0.624
0.623
0.623
0.624
0.624
0.624
0.624
0.623
0.623
0.623
0.623
0.623
0.623
0.623
0.623
0.623
0.623
0.622
0.622
0.622
0.622
0.622
0.622
0.622
0.622
0.622
0.622
0.622
0.622
0.622
0.622
0.623
0.623
0.623
0.623
0.622
0.623
0.623
0.623
0.623
0.623
0.623
0.623
0.623
0.623
0.622
0.622
0.622
0.622
0.622
0.622
0.622
0.622
0.622
0.622
0.622
0.622
0.622
0.622
0.622
0.622
0.622
0.622
0.622
0.622
0.623
0.623
0.623
0.623
0.623
0.623
0.623
0.623
0.623
0.623
0.623
0.623
0.623
0.623
0.623
0.623
0.623
0.623
0.623
0.623
0.623
0.622
0.622
0.622
0.622
0.622
0.622
0.622
0.622
0.622
0.622
0.623
0.623
0.623
0.623
0.623
0.623
0.623
0.623
0.623
0.623
0.623
0.623
0.623
0.623
0.623
0.623
0.623
0.622
0.622
0.622
0.622
0.622
0.623
0.623
0.623
0.623
0.623
0.623
0.623
0.623
0.623
0.623
0.623
0.623
0.623
0.623
0.623
0.623
0.623
0.623
0.623
0.623
0.623
0.623
0.623
0.623
0.623
0.622
0.623
0.623
0.622
0.622
0.622
0.622
0.622
0.622
0.622
0.622
0.622
0.622
0.622
0.622
0.622
0.622
0.622
0.623
0.623
0.622
0.622
0.622
0.622
0.622
0.622
0.623
0.623
0.623
0.623
0.623
0.624
0.624
0.624
0.624
0.624
0.624
0.625
0.625
0.625
0.625
0.625
0.625
0.625
0.625
0.625
0.625
0.625
0.625
0.625
0.624
0.624
0.624
0.625
0.625
0.625
0.625
0.625
0.625
0.625
0.625
0.625
0.625
0.625
0.626
0.626
0.626
0.626
0.626
0.626
0.626
0.626
0.626
0.626
0.626
0.626
0.626
0.626
0.626
0.626
0.626
0.626
0.626
0.626
0.626
0.626
0.625
0.625
0.625
0.625
0.625
0.625
0.625
0.625
0.624
0.624
0.624
0.624
0.624
0.624
0.624
0.624
0.624
0.624
0.624
0.624
0.623
0.624
0.624
0.624
0.624
0.624
0.623
0.623
0.623
0.623
0.623
0.623
0.623
0.623
0.623
0.623
0.622
0.622
0.622
0.622
0.622
0.622
0.622
0.622
0.622
0.622
0.622
0.622
0.622
0.622
0.622
0.622
0.621
0.621
0.621
0.621
0.621
0.621
0.621
0.621
0.621
0.621
0.620
0.620
0.620
0.620
0.620
0.620
0.620
0.620
0.620
0.620
0.620
0.620
0.619
0.619
0.619
0.619
0.619
0.619
0.619