Precisão média por imagem
0.445
0.425
0.421
0.412
0.432
0.429
0.430
0.425
0.426
0.434
0.423
0.414
0.409
0.402
0.395
0.387
0.381
0.377
0.384
0.389
0.388
0.384
0.383
0.381
0.380
0.378
0.376
0.373
0.370
0.366
0.363
0.359
0.362
0.367
0.365
0.362
0.359
0.356
0.354
0.351
0.348
0.350
0.348
0.347
0.346
0.344
0.342
0.341
0.339
0.344
0.346
0.344
0.347
0.347
0.347
0.349
0.348
0.347
0.346
0.344
0.347
0.348
0.352
0.353
0.352
0.353
0.354
0.354
0.355
0.356
0.357
0.358
0.357
0.355
0.357
0.359
0.358
0.356
0.356
0.356
0.355
0.355
0.355
0.354
0.354
0.354
0.353
0.353
0.352
0.352
0.352
0.351
0.350
0.349
0.349
0.350
0.349
0.347
0.349
0.351
0.350
0.349
0.350
0.351
0.350
0.350
0.349
0.348
0.350
0.351
0.350
0.349
0.348
0.347
0.348
0.348
0.347
0.346
0.347
0.348
0.347
0.346
0.346
0.346
0.347
0.347
0.348
0.347
0.347
0.348
0.349
0.349
0.350
0.349
0.348
0.348
0.349
0.351
0.350
0.350
0.352
0.353
0.354
0.355
0.356
0.356
0.355
0.354
0.354
0.355
0.355
0.355
0.355
0.354
0.353
0.352
0.353
0.354
0.353
0.353
0.352
0.352
0.351
0.351
0.350
0.350
0.349
0.349
0.349
0.350
0.351
0.352
0.353
0.354
0.355
0.356
0.357
0.358
0.358
0.358
0.359
0.358
0.358
0.357
0.357
0.357
0.357
0.358
0.358
0.358
0.358
0.359
0.359
0.359
0.358
0.358
0.358
0.359
0.360
0.361
0.360
0.360
0.359
0.359
0.359
0.358
0.358
0.357
0.357
0.357
0.358
0.358
0.358
0.358
0.358
0.357
0.357
0.357
0.357
0.357
0.357
0.357
0.358
0.359
0.359
0.359
0.360
0.360
0.361
0.361
0.360
0.360
0.360
0.359
0.359
0.359
0.358
0.359
0.359
0.359
0.359
0.358
0.358
0.357
0.357
0.357
0.356
0.356
0.356
0.356
0.356
0.356
0.356
0.356
0.356
0.356
0.356
0.355
0.355
0.355
0.355
0.354
0.354
0.354
0.354
0.354
0.353
0.353
0.352
0.352
0.352
0.352
0.352
0.353
0.352
0.352
0.353
0.353
0.353
0.354
0.354
0.353
0.354
0.354
0.355
0.355
0.355
0.354
0.354
0.354
0.354
0.353
0.354
0.354
0.354
0.354
0.354
0.354
0.353
0.354
0.354
0.354
0.355
0.355
0.356
0.356
0.357
0.357
0.358
0.358
0.358
0.358
0.358
0.358
0.357
0.357
0.357
0.357
0.357
0.357
0.358
0.358
0.359
0.359
0.359
0.360
0.359
0.359
0.359
0.358
0.358
0.358
0.358
0.359
0.359
0.358
0.358
0.358
0.358
0.358
0.357
0.358
0.358
0.358
0.358
0.358
0.358
0.358
0.358
0.358
0.358
0.358
0.358
0.358
0.359
0.359
0.359
0.359
0.360
0.359
0.360
0.360
0.360
0.360
0.360
0.360
0.360
0.360
0.359
0.359
0.359
0.360
0.360
0.360
0.359
0.359
0.359
0.359
0.358
0.358
0.358
0.359
0.358
0.358
0.359
0.359
0.359
0.358
0.358
0.358
0.359
0.359
0.359
0.359
0.359
0.359
0.358
0.358
0.358
0.359
0.359
0.359
0.359
0.360
0.360
0.361
0.360
0.360
0.360
0.361
0.360
0.360
0.360
0.360
0.359
0.359
0.359
0.359
0.359
0.359
0.359
0.359
0.359
0.360
0.360
0.360
0.360
0.360
0.360
0.359
0.359
0.359
0.359
0.359
0.358
0.358
0.358
0.358
0.358
0.358
0.357
0.357
0.357
0.358
0.358
0.358
0.359
0.359
0.358
0.359
0.359
0.359
0.359
0.359
0.359
0.359
0.359
0.359
0.359
0.359
0.359
0.359
0.359
0.359
0.359
0.358
0.358
0.358
0.358
0.358
0.358
0.358
0.357
0.357
0.357
0.357
0.357
0.357
0.357
0.357
0.358
0.358
0.358
0.358
0.358
0.358
0.358
0.358
0.358
0.358
0.358
0.358
0.358
0.358
0.358
0.359
0.358
0.358
0.358
0.358
0.358
0.358
0.358
0.358
0.358
0.358
0.358
0.358
0.358
0.358
0.358
0.358
0.359
0.359
0.359
0.359
0.359
0.359
0.359
0.359
0.359
0.359
0.359
0.358
0.358
0.358
0.359
0.358
0.358
0.358
0.358
0.358
0.358
0.358
0.358
0.358
0.358
0.358
0.358
0.358
0.358
0.358
0.358
0.358
0.358
0.358
0.358
0.358
0.357
0.357
0.357
0.357
0.357
0.357
0.357
0.357
0.357
0.356
0.356
0.356
0.356
0.356
0.356
0.356
0.356
0.355
0.355
0.356
0.356
0.356
0.356
0.356
0.355
0.356
0.356
0.355
0.355
0.355
0.355
0.355
0.355
0.355
0.355
0.355
0.355
0.355
0.354
0.354
0.354
0.354
0.354
0.354
0.354
0.355
0.355
0.355
0.355
0.355
0.355
0.355
0.355
0.355
0.355
0.356
0.356
0.356
0.356
0.355
0.355
0.355
0.356
0.356
0.356
0.356
0.356
0.356
0.356
0.356
0.356
0.356
0.356
0.356
0.356
0.356
0.356
0.357
0.357
0.357
0.356
0.357
0.357
0.357
0.357
0.357
0.357
0.357
0.357
0.357
0.357
0.357
0.356
0.356
0.356
0.356
0.356
0.356
0.356
0.357
0.356
0.356
0.356
0.356
0.356
0.356
0.356
0.356
0.357
0.357
0.356
0.356
0.356
0.356
0.356
0.356
0.356
0.356
0.355
0.355
0.355
0.355
0.355
0.355
0.356
0.355
0.356
0.356
0.356
0.356
0.356
0.355
0.355
0.355
0.355
0.355
0.355
0.355
0.355
0.354
0.355
0.354
0.354
0.354
0.354
0.354
0.354
0.354
0.354
0.353
0.353
0.353
0.353
0.354
0.354
0.353
0.353
0.353
0.353
0.354
0.354
0.354
0.354
0.354
0.354
0.354
0.353
0.353
0.353
0.353
0.353
0.353
0.353
0.353
0.353
0.353
0.353
0.353
0.353
0.353
0.353
0.353
0.353
0.353
0.353
0.353
0.353
0.353
0.353
0.353
0.353
0.353
0.352
0.352
0.353
0.352
0.353
0.352
0.353
0.353
0.353
0.353
0.353
0.353
0.353
0.353
0.353
0.353
0.354
0.354
0.354
0.354
0.354
0.354
0.355
0.355
0.355
0.355
0.355
0.355
0.355
0.355
0.355
0.355
0.355
0.355
0.355
0.355
0.355
0.355
0.355
0.355
0.355
0.355
0.355
0.355
0.355
0.355
0.355
0.355
0.355
0.355
0.355
0.355
0.355
0.355
0.355
0.355
0.355
0.355
0.355
0.355
0.355
0.355
0.355
0.355
0.356
0.356
0.356
0.356
0.356
0.356
0.356
0.356
0.356
0.356
0.356
0.356
0.356
0.356
0.356
0.356
0.356
0.356
0.356
0.357
0.357
0.357
0.357
0.357
0.357
0.357
0.356
0.356
0.356
0.356
0.356
0.356
0.356
0.356
0.356
0.356
0.356
0.356
0.356
0.356
0.356
0.356
0.356
0.356
0.356
0.356
0.356
0.356
0.356
0.356
0.356
0.356
0.356
0.357
0.357
0.356
0.356
0.356
0.356
0.356
0.356
0.356
0.356
0.356
0.356
0.356
0.356
0.356
0.356
0.355
0.355
0.355
0.355
0.355
0.355
0.355
0.355
0.355
0.355
0.355
0.355
0.355
0.355
0.355
0.355
0.355
0.355
0.355
0.355
0.355
0.355
0.355
0.355
0.355
0.355
0.355
0.354
0.354
0.354
0.355
0.355
0.355
0.355
0.355
0.355
0.355
0.355
0.354
0.354
0.354
0.354
0.355
0.354
0.354
0.355
0.355
0.355
0.355
0.355
0.355
0.355
0.355
0.355
0.355
0.355
0.355
0.355
0.355
0.355
0.355
0.355
0.355
0.355
0.355
0.355
0.355
0.355
0.355
0.355
0.355
0.355
0.355
0.355
0.356
0.355
0.355
0.355
0.355
0.355
0.355
0.355
0.355
0.355
0.355
0.356
0.356
0.356
0.356
0.356
0.356
0.356
0.356
0.356
0.356
0.356
0.356
0.356
0.355
0.355
0.356
0.356
0.355
0.355
0.355
0.355
0.355
0.355
0.355
0.355
0.355
0.355
0.355
0.355
0.355
0.355
0.355
0.354
0.355
0.355
0.355
0.355
0.355
0.355
0.355
0.355
0.354
0.354
0.355
0.355
0.355
0.354
0.354
0.354
0.355
0.355
0.355
0.355
0.355
0.355
0.355
0.355
0.355
0.355
0.355
0.355
0.355
0.355
0.355
0.355
0.355
0.355
0.355
0.355
0.355
0.354
0.354
0.354
0.354
0.354
0.354
0.354
0.354
0.354
0.354
0.354
0.354
0.354
0.354
0.354
0.354
0.354
0.354
0.353
0.354
0.354
0.354
0.354
0.354
0.354
0.354
0.354
0.354
0.354
0.354
0.353
0.353
0.353
0.354
0.354
0.354
0.354
0.354
0.354
0.354
0.354
0.354
0.354
0.354
0.354
0.354
0.354
0.354
0.354
0.354
0.354
0.354
0.354
0.354
0.354
0.354
0.354
0.354
0.354
0.354
0.354
0.354
0.354
0.355
0.355
0.355
0.355
0.355
0.354
0.355
0.355
0.355
0.354
0.354
0.355
0.355
0.354
0.355
0.355
0.355
0.355
0.355
0.355
0.355
0.355
0.355
0.355
0.355
0.355
0.355
0.355
0.355
0.355
0.355
0.355
0.355
0.355
0.355
0.355
0.355
0.355
0.355
0.355
0.355
0.355
0.355
0.355
0.355
0.355
0.355
0.355
0.355
0.355
0.355
0.354
0.354
0.354
0.354
0.354
0.354
0.354
0.354
0.354
0.354
0.354
0.354
0.354
0.354
0.354
0.354
0.354
0.354
0.354
0.354
0.354
0.354
0.354
0.354
0.354
0.354
0.354
0.354
0.354
0.354
0.354
0.354
0.354
0.354
0.354
0.354
0.354
0.354
0.354
0.354
0.354
0.354
0.354
0.354
0.354
0.354
0.354
0.354
0.354
0.354
0.354
0.354
0.354
0.354
0.354
0.354
0.354
0.354
0.354
0.354
0.354
0.354
0.354
0.354
0.354
0.354
0.354
0.354
0.354
0.354
0.354
0.354
0.354
0.354
0.354
0.354
0.354
0.354
0.354
0.354
0.354
0.354
0.354
0.354
0.354
0.354
0.354
0.353
0.353
0.353
0.353
0.353
0.353
0.353
0.353
0.353
0.353
0.353
0.353
0.353
0.353
0.354
0.353
0.353
0.353
0.354
0.354
0.354
0.354
0.354
0.354
0.354
0.354
0.354
0.354
0.354
0.354
0.353
0.353
0.353
0.353
0.353
0.354
0.354
0.354
0.354
0.354
0.353
0.354
0.354
0.354
0.354
0.354
0.354
0.354
0.354
0.354
0.354
0.354
0.354
0.354
0.354
0.354
0.354
0.354
0.354
0.354
0.354
0.354
0.354
0.354
0.354
0.354
0.354
0.354
0.354
0.354
0.354
0.354
0.354
0.354
0.354
0.354
0.354
0.354
0.353
0.353
0.353
0.353
0.353
0.353
0.353
0.353
0.353
0.353
0.353