
0.174
0.122
0.127
0.232
0.228
0.216
0.215
0.218
0.205
0.238
0.229
0.217
0.211
0.203
0.197
0.196
0.190
0.213
0.210
0.204
0.201
0.233
0.239
0.237
0.252
0.262
0.281
0.292
0.301
0.321
0.326
0.338
0.335
0.337
0.354
0.347
0.341
0.349
0.343
0.339
0.336
0.330
0.325
0.335
0.347
0.352
0.363
0.357
0.352
0.347
0.358
0.352
0.348
0.344
0.351
0.346
0.341
0.349
0.357
0.354
0.352
0.348
0.344
0.342
0.339
0.335
0.331
0.328
0.327
0.334
0.331
0.335
0.339
0.335
0.338
0.340
0.338
0.334
0.338
0.341
0.348
0.346
0.343
0.339
0.337
0.334
0.332
0.331
0.329
0.328
0.334
0.335
0.339
0.341
0.345
0.344
0.341
0.339
0.339
0.343
0.341
0.340
0.344
0.342
0.340
0.345
0.345
0.347
0.349
0.351
0.348
0.346
0.344
0.343
0.345
0.348
0.346
0.344
0.347
0.351
0.354
0.354
0.353
0.358
0.362
0.366
0.365
0.363
0.363
0.361
0.359
0.362
0.364
0.362
0.360
0.359
0.362
0.362
0.363
0.361
0.360
0.358
0.358
0.357
0.355
0.353
0.352
0.351
0.350
0.348
0.347
0.346
0.345
0.344
0.345
0.348
0.347
0.347
0.347
0.350
0.352
0.351
0.352
0.351
0.351
0.350
0.349
0.348
0.347
0.351
0.349
0.348
0.352
0.350
0.351
0.351
0.350
0.349
0.348
0.346
0.349
0.349
0.349
0.350
0.352
0.351
0.351
0.349
0.348
0.347
0.346
0.347
0.346
0.346
0.347
0.346
0.345
0.348
0.346
0.348
0.348
0.351
0.352
0.354
0.353
0.352
0.351
0.350
0.349
0.349
0.347
0.346
0.345
0.345
0.345
0.346
0.345
0.344
0.343
0.342
0.341
0.340
0.339
0.337
0.337
0.340
0.342
0.345
0.345
0.344
0.343
0.343
0.342
0.341
0.340
0.343
0.344
0.346
0.345
0.345
0.344
0.346
0.345
0.344
0.343
0.342
0.341
0.343
0.342
0.343
0.342
0.341
0.342
0.341
0.344
0.346
0.345
0.345
0.344
0.344
0.344
0.343
0.342
0.341
0.341
0.340
0.341
0.341
0.343
0.343
0.342
0.342
0.341
0.340
0.341
0.340
0.340
0.341
0.340
0.341
0.342
0.342
0.342
0.343
0.343
0.342
0.342
0.341
0.341
0.340
0.342
0.341
0.340
0.340
0.341
0.343
0.342
0.343
0.343
0.342
0.342
0.341
0.340
0.340
0.341
0.341
0.341
0.341
0.340
0.339
0.340
0.339
0.339
0.338
0.338
0.339
0.338
0.340
0.339
0.340
0.342
0.341
0.340
0.340
0.341
0.342
0.342
0.341
0.342
0.342
0.342
0.343
0.342
0.342
0.341
0.340
0.340
0.341
0.341
0.341
0.343
0.342
0.341
0.343
0.342
0.342
0.342
0.341
0.341
0.340
0.340
0.339
0.339
0.338
0.338
0.338
0.337
0.337
0.337
0.336
0.336
0.335
0.335
0.335
0.334
0.334
0.333
0.333
0.332
0.332
0.331
0.331
0.331
0.330
0.330
0.329
0.329
0.329
0.328
0.328
0.327
0.327
0.327
0.327
0.326
0.326
0.325
0.325
0.325
0.324
0.324
0.324
0.324
0.323
0.323
0.323
0.323
0.323
0.322
0.322
0.321
0.321
0.320
0.320
0.319
0.319
0.319
0.319
0.319
0.319
0.319
0.319
0.318
0.318
0.319
0.318
0.319
0.319
0.318
0.318
0.318
0.318
0.318
0.317
0.317
0.317
0.316
0.316
0.316
0.316
0.315
0.315
0.315
0.315
0.315
0.315
0.315
0.315
0.315
0.315
0.314
0.314
0.314
0.314
0.313
0.313
0.313
0.313
0.313
0.313
0.312
0.312
0.312
0.312
0.311
0.311
0.311
0.310
0.310
0.310
0.310
0.310
0.310
0.310
0.310
0.310
0.310
0.310
0.310
0.310
0.309
0.309
0.309
0.309
0.309
0.309
0.309
0.309
0.309
0.309
0.309
0.309
0.308
0.308
0.308
0.307
0.307
0.307
0.307
0.306
0.306
0.306
0.306
0.306
0.306
0.306
0.306
0.306
0.306
0.306
0.305
0.305
0.305
0.305
0.304
0.304
0.304
0.304
0.303
0.303
0.303
0.303
0.302
0.302
0.302
0.302
0.302
0.301
0.301
0.301
0.301
0.300
0.300
0.300
0.300
0.300
0.300
0.299
0.299
0.299
0.299
0.299
0.299
0.298
0.298
0.298
0.298
0.298
0.298
0.298
0.298
0.297
0.297
0.297
0.297
0.297
0.297
0.296
0.296
0.296
0.296
0.295
0.295
0.295
0.295
0.295
0.295
0.295
0.295
0.295
0.296
0.296
0.297
0.297
0.297
0.298
0.298
0.298
0.298
0.298
0.298
0.299
0.299
0.299
0.299
0.299
0.298
0.298
0.298
0.298
0.298
0.297
0.297
0.297
0.297
0.298
0.298
0.298
0.298
0.297
0.297
0.297
0.297
0.297
0.297
0.296
0.296
0.296
0.296
0.296
0.296
0.295
0.295
0.296
0.296
0.295
0.295
0.295
0.295
0.296
0.296
0.296
0.296
0.296
0.295
0.295
0.295
0.295
0.295
0.295
0.295
0.295
0.295
0.294
0.294
0.294
0.294
0.293
0.293
0.293
0.293
0.293
0.293
0.293
0.293
0.293
0.293
0.294
0.294
0.293
0.293
0.293
0.293
0.293
0.293
0.293
0.293
0.292
0.292
0.292
0.292
0.292
0.292
0.292
0.291
0.291
0.291
0.291
0.291
0.291
0.291
0.290
0.290
0.290
0.290
0.290
0.290
0.290
0.289
0.289
0.289
0.289
0.289
0.289
0.289
0.289
0.289
0.289
0.289
0.289
0.289
0.289
0.289
0.289
0.289
0.289
0.289
0.289
0.288
0.288
0.289
0.288
0.288
0.288
0.288
0.288
0.288
0.288
0.288
0.288
0.288
0.288
0.289
0.289
0.289
0.289
0.289
0.289
0.289
0.289
0.288
0.289
0.289
0.289
0.289
0.289
0.289
0.289
0.289
0.289
0.289
0.289
0.289
0.289
0.289
0.289
0.289
0.289
0.289
0.289
0.289
0.289
0.289
0.289
0.289
0.289
0.289
0.289
0.289
0.289
0.289
0.289
0.289
0.289
0.289
0.289
0.289
0.289
0.289
0.289
0.289
0.289
0.289
0.289
0.289
0.289
0.289
0.289
0.289
0.289
0.289
0.289
0.289
0.289
0.289
0.289
0.289
0.289
0.289
0.289
0.289
0.289
0.288
0.288
0.288
0.288
0.289
0.288
0.288
0.288
0.288
0.288
0.288
0.288
0.288
0.288
0.288
0.289
0.289
0.288
0.288
0.288
0.288
0.288
0.288
0.289
0.289
0.289
0.289
0.289
0.288
0.288
0.288
0.288
0.288
0.288
0.289
0.288
0.288
0.288
0.288
0.288
0.288
0.288
0.288
0.288
0.288
0.288
0.288
0.288
0.288
0.289
0.289
0.289
0.289
0.289
0.289
0.289
0.289
0.289
0.289
0.289
0.289
0.289
0.289
0.289
0.289
0.290
0.290
0.290
0.290
0.290
0.290
0.290
0.290
0.290
0.290
0.290
0.290
0.290
0.290
0.290
0.290
0.290
0.290
0.290
0.290
0.290
0.290
0.291
0.291
0.291
0.291
0.291
0.291
0.291
0.291
0.291
0.291
0.291
0.291
0.291
0.291
0.291
0.291
0.291
0.292
0.292
0.292
0.292
0.292
0.292
0.292
0.292
0.292
0.292
0.292
0.292
0.291
0.291
0.291
0.291
0.291
0.291
0.291
0.291
0.291
0.291
0.291
0.291
0.291
0.291
0.291
0.291
0.291
0.291
0.291
0.291
0.291
0.291
0.291
0.291
0.291
0.291
0.291
0.291
0.291
0.291
0.291
0.291
0.291
0.291
0.291
0.291
0.291
0.291
0.291
0.291
0.291
0.291
0.290
0.291
0.291
0.291
0.291
0.291
0.291
0.291
0.291
0.291
0.291
0.291
0.291
0.291
0.291
0.291
0.291
0.291
0.291
0.291
0.291
0.291
0.291
0.290
0.290
0.290
0.290
0.290
0.290
0.290
0.290
0.290
0.290
0.290
0.290
0.290
0.290
0.290
0.290
0.290
0.290
0.290
0.290
0.290
0.290
0.290
0.290
0.290
0.290
0.290
0.290
0.290
0.290
0.290
0.290
0.290
0.290
0.290
0.290
0.290
0.290
0.290
0.290
0.290
0.290
0.290
0.290
0.290
0.290
0.290
0.290
0.290
0.290
0.290
0.290
0.290
0.290
0.290
0.290
0.290
0.290
0.290
0.290
0.290
0.290
0.290
0.290
0.290
0.290
0.290
0.290
0.290
0.290
0.290
0.290
0.290
0.290
0.289
0.290
0.290
0.289
0.289
0.289
0.289
0.289
0.289
0.289
0.289
0.289
0.289
0.289
0.289
0.289
0.289
0.289
0.289
0.289
0.289
0.289
0.289
0.289
0.289
0.289
0.289
0.289
0.290
0.289
0.289
0.289
0.289
0.289
0.289
0.289
0.289
0.289
0.289
0.289
0.289
0.289
0.289
0.289
0.289
0.289
0.289
0.289
0.289
0.289
0.289
0.289
0.289
0.289
0.289
0.289
0.289
0.289
0.289
0.289
0.289
0.289
0.289
0.289
0.289
0.289
0.289
0.289
0.289
0.289
0.289
0.289
0.289
0.289
0.289
0.289
0.289
0.289
0.289
0.289
0.289
0.289
0.289
0.289
0.289
0.289
0.289
0.289
0.289
0.289
0.289
0.289
0.289
0.289
0.289
0.289
0.289
0.289
0.289
0.289
0.289
0.289
0.289
0.289
0.289
0.289
0.289
0.289
0.289
0.289
0.289
0.289
0.289
0.289
0.289
0.289
0.289
0.289
0.289
0.289
0.289
0.289
0.289
0.289
0.289
0.289
0.289
0.289
0.289
0.289
0.289
0.289
0.289
0.289
0.289
0.289
0.289
0.289
0.289
0.289
0.289
0.290
0.290
0.290
0.290
0.290
0.290
0.290
0.290
0.290
0.290
0.290
0.290
0.290
0.290
0.289
0.290
0.290
0.290
0.291
0.290
0.291
0.291
0.292
0.292
0.292
0.293
0.293
0.293
0.294
0.294
0.294
0.295
0.295
0.295
0.296
0.296
0.296
0.296
0.297
0.297
0.297
0.297
0.297
0.298
0.298
0.298
0.298
0.299
0.299
0.299
0.299
0.298
0.299
0.299
0.299
0.300
0.300
0.300
0.301
0.300
0.301
0.301
0.301
0.301
0.301
0.301
0.302
0.301
0.302
0.302
0.302
0.302
0.302
0.302
0.302
0.302
0.303
0.303
0.303
0.304
0.304
0.305
0.305
0.305
0.306
0.306
0.306
0.305
0.305
0.305
0.306
0.305
0.306
0.306
0.307
0.307
0.307
0.307
0.308
0.308
0.309
0.309
0.309
0.309
0.310
0.310
0.311
0.311
0.311
0.311
0.311
0.312
0.312
0.312
0.312
0.312
0.312
0.313
0.313
0.313
0.313
0.313
0.313
0.313
0.314
0.313
0.314
0.314
0.314
0.315
0.315
0.315
0.315
0.315
0.315
0.315
0.315
0.315
0.316
0.316
0.316
0.316
0.316
0.316
0.316
0.316
0.316
0.316
0.316
0.317
0.317
0.317
0.317
0.318
0.318
0.318
0.318
0.318
0.319
0.319
0.319
0.320
0.320
0.321
0.320
0.321
0.321
0.322
0.322
0.322
0.323
0.323
0.323
0.324
0.324
0.324
0.324
0.324
0.324
0.324
0.325
0.325
0.325
0.325
0.325
0.325
0.325
0.325
0.326
0.326
0.326
0.326
0.326
0.326
0.327
0.327
0.327
0.327
0.327
0.327
0.328
0.327
0.327
0.328
0.328
0.328
0.328
0.328
0.329
0.329
0.329
0.330
0.330
0.330
0.330
0.330
0.330
0.330
0.330
0.330
0.330
0.330
0.330
0.330
0.331
0.331
0.331
0.331
0.331
0.331
0.331
0.331
0.332
0.332
0.332
0.332
0.332
0.332
0.333
0.333
0.334
0.333
0.334
0.334
0.334
0.334
0.335
0.334
0.335
0.335
0.335
0.335
0.335
0.335
0.335
0.335
0.335
0.336
0.336
0.336
0.336
0.336
0.337
0.337
0.337
0.337
0.338
0.338
0.338
0.337
0.338
0.338
0.338
0.339
0.339
0.339
0.339
0.339
0.339
0.339
0.339
0.339
0.339
0.339
0.339
0.340
0.340
0.340
0.340
0.340
0.340
0.341
0.341
0.341
0.341
0.341
0.342
0.342
0.342
0.342
0.342
0.342
0.342
0.342
0.342
0.342
0.343
0.343
0.343
0.343
0.343
0.344
0.344
0.344
0.345
0.345
0.345
0.345
0.345
0.345
0.346
0.346
0.345
0.345
0.346
0.346
0.347
0.346
0.347
0.346
0.347
0.347
0.347
0.347
0.347
0.347
0.348
0.348
0.348
0.348
0.348
0.348
0.348
0.349
0.348
0.348
0.349
0.349
0.349
0.349
0.349
0.350
0.349
0.349
0.350
0.350
0.350
0.350
0.350
0.350
0.350
0.350
0.349
0.350
0.350
0.350
0.350
0.349
0.350
0.350
0.350
0.350
0.350
0.350
0.351
0.351
0.351
0.351
0.351
0.351
0.352
0.352
0.352
0.352
0.352
0.352
0.353
0.353
0.353
0.353
0.353
0.353
0.354
0.354
0.354
0.354
0.354
0.354
0.355
0.355
0.355
0.355
0.355
0.355
0.355
0.356
0.356
0.356
0.356
0.356
0.356
0.356
0.356
0.356
0.356
0.356
0.355
0.355
0.355
0.355
0.355
0.355
0.355
0.355
0.355
0.355
0.355
0.355
0.355
0.355
0.355
0.355
0.355
0.355
0.355
0.355
0.355
0.355
0.355
0.355
0.355
0.355
0.355
0.355
0.355
0.355
0.355
0.355
0.354
0.354
0.354
0.354
0.354
0.354
0.354
0.354
0.354
0.354
0.354
0.354
0.354
0.354
0.354
0.354
0.354
0.354
0.354
0.354
0.354
0.354
0.354
0.354
0.354
0.354
0.354
0.354
0.354
0.354
0.354
0.354
0.354
0.353
0.353
0.353
0.354
0.353
0.353
0.353
0.353
0.353
0.353
0.353
0.353
0.353
0.353
0.353
0.353
0.353
0.353
0.353
0.353
0.353
0.353
0.353
0.353
0.353
0.353
0.353
0.353
0.353
0.353
0.353
0.353
0.352
0.352
0.352
0.352
0.352
0.352
0.352
0.352
0.352
0.352
0.352
0.352
0.352
0.352
0.352
0.352
0.352
0.352
0.352
0.352
0.352
0.352
0.352
0.352
0.352
0.352
0.352
0.352
0.352
0.352
0.352
0.352
0.352
0.352
0.352
0.351
0.351
0.351
0.351
0.351
0.351
0.351
0.351
0.351
0.351
0.351
0.351
0.351
0.351
0.351
0.351
0.351
0.351
0.351
0.351
0.351
0.351
0.351
0.351
0.351
0.351
0.351
0.351
0.351
0.351
0.351
0.351
0.351
0.351
0.350
0.351
0.351
0.350
0.350
0.350
0.350
0.350
0.350
0.350
0.350
0.350
0.350
0.350
0.350
0.351
0.351
0.351
0.351
0.351
0.352
0.352
0.352
0.353
0.353
0.353
0.353
0.354
0.354
0.354
0.354
0.355
0.355
0.355
0.355
0.355
0.355
0.356
0.356
0.356
0.356
0.356
0.357
0.357
0.357
0.357
0.358
0.358
0.358
0.358
0.359
0.359
0.359
0.359
0.359
0.358
0.358
0.358
0.358
0.358
0.359
0.359
0.359
0.360
0.359
0.359
0.359
0.359
0.359
0.359
0.359
0.360
0.360
0.360
0.360
0.360
0.360
0.360
0.361
0.361
0.361
0.361
0.361
0.362
0.362
0.362
0.362
0.362
0.363
0.363
0.363
0.363
0.363
0.363
0.363
0.363
0.363
0.363
0.363
0.363
0.363
0.363
0.363
0.362
0.362
0.362
0.362
0.362
0.362
0.362
0.362
0.362
0.362
0.362
0.362
0.362
0.362
0.363
0.363
0.363
0.363
0.363
0.363
0.363
0.363
0.363
0.363
0.363
0.363
0.363
0.363
0.363
0.363
0.363
0.363
0.363
0.363
0.362
0.362
0.362
0.362
0.362
0.362
0.362
0.362
0.363
0.363
0.363
0.363
0.363
0.363
0.363
0.363
0.363
0.363
0.363
0.362
0.362
0.362
0.362
0.362
0.362
0.362
0.362
0.362
0.362
0.362
0.362
0.362
0.362
0.362
0.362
0.362
0.361
0.361
0.361
0.361
0.361
0.361
0.361
0.361
0.361
0.361
0.361
0.361
0.361
0.361
0.361
0.360
0.360
0.360
0.360
0.360
0.360
0.360
0.360
0.360
0.360
0.360
0.360
0.360
0.360
0.360
0.360
0.360
0.360
0.360
0.360
0.359
0.359
0.359
0.359
0.359
0.359
0.359
0.359
0.359
0.359
0.359
0.359
0.359
0.359
0.359
0.359
0.359
0.359
0.359
0.358
0.358
0.358
0.358
0.358
0.358
0.358
0.358
0.358
0.358
0.358
0.358
0.358
0.357
0.357
0.357
0.357
0.357
0.357
0.357
0.357
0.357
0.357
0.357
0.357
0.357
0.357
0.357
0.357
0.356
0.356
0.356
0.356
0.356
0.356
0.356
0.356
0.356
0.356
0.356
0.356
0.356
0.356
0.356
0.355
0.355
0.355
0.355
0.355
0.355
0.355
0.355
0.355
0.355
0.355
0.355
0.355
0.354
0.354
0.354
0.354
0.354
0.354
0.354
0.354
0.354
0.354
0.354
0.354
0.354
0.353
0.353
0.353
0.353
0.353
0.353
0.353
0.353
0.353
0.353
0.353
0.353
0.353
0.353
0.352
0.352
0.352
0.352
0.352
0.352
0.352
0.352
0.352
0.352
0.352
0.352
0.352
0.352
0.352
0.352
0.352
0.352
0.352
0.352
0.351
0.351
0.351
0.351
0.351
0.351
0.351
0.351
0.351
0.351
0.351
0.351
0.351
0.351
0.350
0.350
0.350
0.350
0.350
0.350
0.350
0.350
0.350
0.350
0.350
0.350
0.350
0.350
0.350
0.350
0.350
0.350
0.350
0.349
0.349
0.349
0.349
0.349
0.349
0.349
0.349
0.349
0.349
0.349
0.349
0.349
0.349
0.349
0.349
0.349
0.348
0.348
0.348
0.348
0.348
0.348
0.348
0.348
0.348
0.348
0.348
0.348
0.348
0.348
0.348
0.348
0.347
0.347
0.347
0.347
0.347
0.347
0.347
0.347
0.347
0.347
0.347
0.347
0.347
0.347
0.347
0.346
0.346
0.346
0.346
0.346
0.346
0.346
0.346
0.346
0.346
0.346
0.346
0.346
0.346
0.346
0.346
0.346
0.345
0.345
0.345
0.345
0.345
0.345
0.345
0.345
0.345
0.345
0.345
0.345
0.345
0.345
0.344
0.344
0.344
0.344
0.344
0.344
0.344
0.344
0.344
0.344
0.344
0.344
0.344
0.344
0.344
0.344
0.344
0.344
0.344
0.344
0.344
0.344
0.344
0.343
0.343
0.343
0.343
0.343
0.343
0.343
0.343
0.343
0.343
0.343
0.343
0.343
0.343
0.343
0.343
0.343
0.343
0.343
0.342
0.342
0.342
0.342
0.342
0.342
0.342
0.342
0.342
0.342
0.342
0.342
0.342
0.342
0.342
0.342
0.342
0.342
0.342
0.342
0.342
0.342
0.342
0.342
0.342
0.342
0.341
0.341
0.341
0.341
0.341
0.341
0.341
0.341
0.341
0.341
0.341
0.341
0.341
0.341
0.341
0.341
0.341
0.341
0.341
0.341
0.341
0.341
0.341
0.341
0.341
0.341
0.340
0.340
0.340
0.340
0.340
0.340
0.340
0.340
0.340
0.340
0.340
0.340
0.340
0.340
0.340
0.340
0.340
0.340
0.340
0.340
0.340
0.340
0.340
0.340
0.340
0.340
0.340
0.339
0.339
0.339
0.339
0.339
0.340
0.340
0.339
0.339
0.339
0.339
0.339
0.339
0.339
0.339
0.339
0.339
0.339
0.339
0.339
0.339
0.339
0.339
0.339
0.339
0.339
0.339
0.339
0.339
0.338
0.338
0.338
0.338
0.338
0.338
0.338
0.338
0.338
0.338
0.338
0.338
0.338
0.338
0.338
0.338
0.338
0.338
0.337
0.337
0.337
0.337
0.337
0.337
0.337
0.337
0.337
0.337
0.337
0.337
0.337
0.337
0.337
0.337
0.337
0.337
0.337
0.337
0.337
0.337
0.337
0.337
0.337
0.337
0.337
0.336
0.336
0.336
0.336
0.336
0.336
0.336
0.336
0.336
0.336
0.336
0.336
0.336
0.336
0.336
0.336
0.336
0.336
0.336
0.336
0.336
0.336
0.336
0.336
0.336
0.336
0.336
0.336
0.336
0.336
0.336
0.336
0.336
0.336
0.336
0.336
0.336
0.336
0.336
0.336
0.335
0.335
0.335
0.335
0.335
0.335
0.335
0.335
0.335
0.335
0.335
0.335
0.335
0.335
0.335
0.335
0.335
0.335
0.335
0.335
0.335
0.335
0.335
0.335
0.335
0.335
0.335
0.335
0.335
0.335
0.335
0.335
0.335
0.335
0.335
0.335
0.335
0.335
0.335
0.335
0.335
0.335
0.335
0.335
0.335
0.334
0.334
0.334
0.334
0.334
0.334
0.334
0.334
0.334
0.334
0.334
0.334
0.334
0.334
0.334
0.334
0.334
0.334
0.334
0.334
0.334
0.334
0.334
0.334
0.334
0.334
0.334
0.334
0.334
0.334
0.334
0.334
0.334
0.334
0.334
0.334
0.334
0.334
0.334
0.334
0.334
0.334
0.334
0.334
0.334
0.334
0.334
0.333
0.333
0.333
0.333
0.333
0.333
0.333
0.333
0.333
0.333
0.333
0.333
0.333
0.333
0.333
0.333
0.333
0.333
0.333
0.333
0.333
0.333
0.333
0.333
0.333
0.333
0.333
0.333
0.333
0.333
0.333
0.333
0.333
0.333
0.333
0.333
0.333
0.333
0.333
0.333
0.333
0.333
0.333
0.333
0.333
0.333
0.333
0.333
0.333
0.333
0.333
0.333
0.333
0.333
0.333
0.333
0.333
0.333
0.333
0.333
0.333
0.333
0.333
0.333
0.333
0.333
0.333
0.333
0.333
0.333
0.333
0.333
0.333
0.333
0.333
0.333
0.333
0.333
0.333
0.333
0.332
0.332
0.332
0.332
0.332
0.333
0.333
0.333
0.333
0.333
0.333
0.333
0.333
0.333
0.333
0.333
0.333
0.333
0.333
0.333
0.333
0.333
0.333
0.333
0.333
0.333
0.333
0.333
0.333
0.333
0.333
0.333
0.333
0.333
0.333
0.333
0.332
0.332
0.332
0.332
0.332
0.332
0.332
0.332