20586908_6c613a14b80a8591_MG_R_CC_ANON.jpg 2 1 1 1 0.33962 0.33719 0.30183 0.22772 0.22536 0.20126 0.00012 0.00011 0.00009
20586934_6c613a14b80a8591_MG_L_CC_ANON.jpg 5 1 1 1 0.02442 0.0237 0.02047 0.42386 0.42282 0.37323 0.01611 0.01564 0.01355
20586960_6c613a14b80a8591_MG_R_ML_ANON.jpg 2 1 1 1 0.16974 0.16766 0.15193 0.52296 0.52098 0.47426 0.00112 0.00105 0.00091
20586986_6c613a14b80a8591_MG_L_ML_ANON.jpg 5 1 1 1 0.55665 0.55654 0.49729 0.00305 0.00294 0.00254 0 0 0
20587054_b6a4f750c6df4f90_MG_R_CC_ANON.jpg 4 1 1 1 0.28488 0.2839 0.27936 0.16149 0.16062 0.15782 0.00009 0.00009 0.00008
20587080_b6a4f750c6df4f90_MG_R_ML_ANON.jpg 4 1 1 1 0.07053 0.06926 0.06823 0.60493 0.60284 0.60126 0.07745 0.07645 0.07571
20587148_fd746d25eb40b3dc_MG_R_CC_ANON.jpg 2 1 1 1 0.17011 0.16941 0.15872 0.04722 0.0466 0.04336 0.00003 0.00003 0.00002
20587174_fd746d25eb40b3dc_MG_L_CC_ANON.jpg 2 1 1 1 0.20392 0.20362 0.19049 0.00504 0.00481 0.00433 0.00005 0.00005 0.00004
20587200_fd746d25eb40b3dc_MG_R_ML_ANON.jpg 2 1 1 1 0.33638 0.3355 0.32993 0.09985 0.09902 0.09695 0.00003 0.00003 0.00003
20587226_fd746d25eb40b3dc_MG_L_ML_ANON.jpg 2 1 1 1 0.34052 0.33997 0.3284 0.01562 0.01514 0.01429 0.00005 0.00005 0.00004
20587294_e634830794f5c1bd_MG_R_CC_ANON.jpg 2 1 1 1 0.00457 0.00428 0.00399 0.37261 0.36815 0.36517 0.16577 0.16141 0.15851
20587320_e634830794f5c1bd_MG_L_CC_ANON.jpg 2 1 1 1 0.06543 0.06423 0.06331 0.66455 0.66366 0.66317 0.00008 0.00007 0.00006
20587346_e634830794f5c1bd_MG_R_ML_ANON.jpg 2 1 1 1 0.01667 0.01625 0.01585 0.80739 0.80648 0.80562 0.04875 0.04779 0.04707
20587372_e634830794f5c1bd_MG_L_ML_ANON.jpg 2 0.97012 0.97105 0.97195 0.06727 0.06592 0.06481 1 1 1 0.00142 0.00131 0.00124
20587466_d571b5880ad2a016_MG_L_CC_ANON.jpg 2 1 1 1 0.03922 0.03898 0.03625 0.12163 0.12036 0.11174 0.03088 0.02977 0.02717
20587492_d571b5880ad2a016_MG_R_ML_ANON.jpg 2 1 1 1 0.0514 0.05105 0.0478 0.1477 0.14689 0.13781 0.02452 0.02401 0.0223
20587518_d571b5880ad2a016_MG_L_ML_ANON.jpg 2 1 1 1 0.07881 0.0784 0.0746 0.17663 0.17552 0.16701 0.03247 0.03169 0.0298
20587544_d571b5880ad2a016_MG_R_CC_ANON.jpg 2 1 1 1 0.03738 0.03707 0.03422 0.09546 0.09472 0.08756 0.02822 0.0277 0.02543
20587612_f4b2d377f43ba0bd_MG_R_CC_ANON.jpg 5 1 1 1 0.52742 0.52665 0.47034 0.02596 0.02485 0.02152 0.00001 0.00001 0
20587638_f4b2d377f43ba0bd_MG_L_CC_ANON.jpg 2 1 1 1 0.11701 0.1152 0.10202 0.4357 0.43403 0.38718 0.00008 0.00007 0.00005
20587664_f4b2d377f43ba0bd_MG_R_ML_ANON.jpg 5 1 1 1 0.25416 0.25058 0.22564 0.35721 0.3537 0.31944 0.0001 0.00008 0.00007
20587690_f4b2d377f43ba0bd_MG_L_ML_ANON.jpg 2 1 1 1 0.7156 0.71544 0.65366 0.00723 0.00694 0.00612 0.00002 0.00002 0.00002
20587758_81cd83d2f4d78528_MG_L_CC_ANON.jpg 3 1 1 1 0.08419 0.08249 0.08116 0.44684 0.44477 0.44333 0.02095 0.02043 0.0201
20587784_81cd83d2f4d78528_MG_R_ML_ANON.jpg 3 1 1 1 0.02748 0.02664 0.02593 0.57647 0.57497 0.57383 0.05194 0.05106 0.05042
20587810_81cd83d2f4d78528_MG_L_ML_ANON.jpg 3 1 1 1 0.08164 0.07979 0.07832 0.68386 0.68123 0.67921 0.04987 0.04895 0.04831
20587836_81cd83d2f4d78528_MG_R_CC_ANON.jpg 3 1 1 1 0.008 0.00773 0.00736 0.3643 0.36352 0.35725 0.06036 0.05971 0.05832
20587902_8dbbd4e51f549ff0_MG_R_CC_ANON.jpg 3 1 1 1 0.06715 0.06672 0.06332 0.17088 0.16992 0.16156 0.04449 0.04388 0.04154
20587928_8dbbd4e51f549ff0_MG_R_ML_ANON.jpg 3 1 1 1 0.15465 0.15375 0.15187 0.30187 0.30073 0.29765 0.01017 0.00983 0.00956
20587994_024ee3569b2605dc_MG_R_CC_ANON.jpg 6 1 1 1 0.12467 0.12364 0.1228 0.46387 0.46301 0.46233 0.00047 0.00045 0.00043
20588020_024ee3569b2605dc_MG_L_CC_ANON.jpg 2 1 1 1 0.00809 0.0078 0.00751 0.59211 0.59057 0.58961 0.04282 0.04129 0.04023
20588046_024ee3569b2605dc_MG_R_ML_ANON.jpg 6 1 1 1 0.08871 0.0873 0.08615 0.80422 0.80192 0.8 0.05176 0.05046 0.04955
20588072_024ee3569b2605dc_MG_L_ML_ANON.jpg 2 1 1 1 0.03858 0.03753 0.03667 0.80912 0.80743 0.80613 0.04629 0.04541 0.04475
20588138_8d0b9620c53c0268_MG_R_ML_ANON.jpg 1 1 1 1 0.03361 0.03287 0.03225 0.63195 0.63021 0.62894 0.07827 0.07705 0.07615
20588164_8d0b9620c53c0268_MG_R_CC_ANON.jpg 1 1 1 1 0.03761 0.03671 0.03566 0.41981 0.41865 0.41449 0.01114 0.01071 0.0103
20588190_8d0b9620c53c0268_MG_L_CC_ANON.jpg 4 1 1 1 0.00715 0.00692 0.00657 0.28675 0.28492 0.27887 0.1302 0.12847 0.12515
20588216_8d0b9620c53c0268_MG_L_ML_ANON.jpg 4 1 1 1 0.02065 0.02006 0.01954 0.58129 0.57942 0.57817 0.11887 0.11742 0.11639
20588308_493155e17143edef_MG_L_ML_ANON.jpg 3 1 1 1 0.03036 0.02987 0.02847 0.25377 0.25261 0.24346 0.05844 0.0577 0.05531
20588334_493155e17143edef_MG_L_CC_ANON.jpg 3 1 1 1 0.00744 0.00726 0.00667 0.12563 0.12506 0.1171 0.08144 0.08097 0.07576
20588458_bf1a6aaadb05e3df_MG_R_CC_ANON.jpg 2 1 1 1 0.0114 0.01095 0.01056 0.49494 0.49404 0.49335 0.03601 0.03532 0.03482
20588510_bf1a6aaadb05e3df_MG_R_ML_ANON.jpg 2 1 1 1 0.04072 0.03936 0.03826 0.77234 0.76971 0.76751 0.09426 0.09262 0.0915
20588536_bf1a6aaadb05e3df_MG_L_ML_ANON.jpg 5 1 1 1 0.20523 0.20312 0.20145 0.64738 0.64452 0.6425 0.06045 0.05951 0.05884
20588562_bf1a6aaadb05e3df_MG_L_CC_ANON.jpg 5 1 1 1 0.12047 0.11908 0.11795 0.58251 0.58048 0.57902 0.07567 0.07484 0.07423
20588654_036aff49b8ac84f0_MG_R_ML_ANON.jpg 2 1 1 1 0.35096 0.34954 0.31015 0.1449 0.14351 0.12685 0.00013 0.00012 0.0001
20588680_036aff49b8ac84f0_MG_L_ML_ANON.jpg 3 1 1 1 0.50536 0.50441 0.45384 0.09868 0.09772 0.08745 0.00009 0.00008 0.00007
22427682_d713ef5849f98b6c_MG_R_CC_ANON.jpg 2 1 1 1 0.10272 0.1014 0.08947 0.38973 0.38851 0.34462 0.00018 0.00016 0.00014
22427705_d713ef5849f98b6c_MG_L_CC_ANON.jpg 5 1 1 1 0.00697 0.0066 0.00551 0.31233 0.31057 0.27055 0.04689 0.04538 0.0388
22427728_d713ef5849f98b6c_MG_R_ML_ANON.jpg 2 1 1 1 0.30682 0.30322 0.27721 0.40761 0.40409 0.37018 0.0001 0.00009 0.00008
22427751_d713ef5849f98b6c_MG_L_ML_ANON.jpg 5 1 1 1 0.53513 0.53431 0.47963 0.05336 0.05249 0.04666 0.00002 0.00002 0.00002
22427840_bbd6a3a35438c11b_MG_R_CC_ANON.jpg 5 1 1 1 0.06291 0.06228 0.05842 0.17552 0.17491 0.16488 0.00228 0.00222 0.00206
22427864_bbd6a3a35438c11b_MG_L_CC_ANON.jpg 2 1 1 1 0.00464 0.00443 0.00412 0.34178 0.34045 0.33217 0.04454 0.04331 0.04154
22579730_bbd6a3a35438c11b_MG_R_ML_ANON.jpg 5 1 1 1 0.24875 0.24706 0.24413 0.19827 0.19661 0.19409 0.00235 0.00227 0.0022
22579754_bbd6a3a35438c11b_MG_L_ML_ANON.jpg 2 1 1 1 0.18983 0.18867 0.18792 0.39227 0.3912 0.39059 0.00064 0.00061 0.00058
22579847_301f1776aebbf5d2_MG_R_CC_ANON.jpg 2 1 1 1 0.02662 0.02605 0.02486 0.26832 0.2667 0.25842 0.06634 0.06519 0.06271
22579870_301f1776aebbf5d2_MG_L_CC_ANON.jpg 4 1 1 1 0.07244 0.07169 0.06878 0.28343 0.28251 0.27271 0.00344 0.00314 0.00287
22579893_301f1776aebbf5d2_MG_R_ML_ANON.jpg 2 1 1 1 0.07219 0.07077 0.06959 0.51429 0.51208 0.51048 0.02312 0.02213 0.02151
22579916_301f1776aebbf5d2_MG_L_ML_ANON.jpg 4 1 1 1 0.26142 0.26014 0.25919 0.27455 0.27344 0.27266 0.00005 0.00004 0.00004
22580015_6200187f3f1ccc18_MG_R_CC_ANON.jpg 2 1 1 1 0.47418 0.47409 0.46939 0.00077 0.00071 0.00065 0.00008 0.00007 0.00007
22580038_6200187f3f1ccc18_MG_L_CC_ANON.jpg 5 1 1 1 0.42365 0.42213 0.41981 0.06714 0.06568 0.06453 0.00012 0.00011 0.0001
22580068_6200187f3f1ccc18_MG_R_ML_ANON.jpg 2 1 1 1 0.639 0.63883 0.63872 0.00167 0.00158 0.0015 0.00006 0.00005 0.00005
22580098_6200187f3f1ccc18_MG_L_ML_ANON.jpg 5 1 1 1 0.65776 0.6569 0.65636 0.03494 0.03419 0.03366 0.00008 0.00007 0.00006
22580192_5530d5782fc89dd7_MG_R_CC_ANON.jpg 3 1 1 1 0.00914 0.00877 0.00843 0.55873 0.55819 0.55777 0.00895 0.00852 0.00821
22580218_5530d5782fc89dd7_MG_L_CC_ANON.jpg 1 1 1 1 0.01052 0.01004 0.00964 0.53651 0.53572 0.53517 0.00919 0.00869 0.00831
22580244_5530d5782fc89dd7_MG_R_ML_ANON.jpg 3 1 1 1 0.04491 0.04361 0.04256 0.69546 0.69383 0.69243 0.10592 0.10516 0.10459
22580270_5530d5782fc89dd7_MG_L_ML_ANON.jpg 1 1 1 1 0.06031 0.05901 0.05799 0.6783 0.6761 0.67448 0.04674 0.04552 0.04462
22580341_5eae9beae14d26fd_MG_R_CC_ANON.jpg 2 1 1 1 0.0221 0.0215 0.02006 0.21229 0.21142 0.20142 0.05907 0.05872 0.0559
22580367_5eae9beae14d26fd_MG_L_CC_ANON.jpg 2 1 1 1 0.05219 0.05118 0.04835 0.22355 0.22222 0.21228 0.03358 0.03317 0.03157
22580393_5eae9beae14d26fd_MG_R_ML_ANON.jpg 2 1 1 1 0.0242 0.02355 0.02255 0.3197 0.3186 0.31157 0.06739 0.06684 0.06517
22580419_5eae9beae14d26fd_MG_L_ML_ANON.jpg 2 1 1 1 0.02718 0.02643 0.02566 0.38637 0.385 0.38179 0.0573 0.0566 0.05579
22580492_2a5b932da4ce5ca1_MG_R_CC_ANON.jpg 2 1 1 1 0.00997 0.00968 0.00908 0.31584 0.31515 0.30362 0.01762 0.0171 0.01613
22580520_2a5b932da4ce5ca1_MG_L_CC_ANON.jpg 5 1 1 1 0.07317 0.07208 0.0689 0.24054 0.23898 0.23016 0.04274 0.04217 0.04044
22580548_2a5b932da4ce5ca1_MG_R_ML_ANON.jpg 2 1 1 1 0.04357 0.04252 0.04164 0.50053 0.49866 0.4973 0.03429 0.03333 0.03262
22580576_2a5b932da4ce5ca1_MG_L_ML_ANON.jpg 5 1 1 1 0.15346 0.152 0.15079 0.41257 0.41087 0.40958 0.01952 0.01918 0.01894
22580654_fe7d005dcbbfb46d_MG_R_CC_ANON.jpg 5 1 1 1 0.06505 0.06441 0.05555 0.19443 0.19356 0.16775 0.05296 0.05268 0.04566
22580680_fe7d005dcbbfb46d_MG_L_CC_ANON.jpg 2 1 1 1 0.00313 0.00299 0.00246 0.2407 0.24051 0.20694 0.00153 0.00141 0.00114
22580706_fe7d005dcbbfb46d_MG_R_ML_ANON.jpg 5 1 1 1 0.40177 0.39937 0.36062 0.21605 0.21343 0.1921 0.01276 0.01232 0.01097
22580732_fe7d005dcbbfb46d_MG_L_ML_ANON.jpg 2 1 1 1 0.07189 0.07128 0.06207 0.312 0.31137 0.27252 0.00492 0.00482 0.00416
22613624_dcafa6ba6374ec07_MG_R_CC_ANON.jpg 2 1 1 1 0.00306 0.0029 0.00239 0.30218 0.30168 0.26189 0.01195 0.01152 0.00975
22613650_dcafa6ba6374ec07_MG_L_CC_ANON.jpg 6 1 1 1 0.09187 0.09018 0.07696 0.17414 0.17245 0.14814 0.00124 0.00117 0.00098
22613676_dcafa6ba6374ec07_MG_R_ML_ANON.jpg 2 1 1 1 0.09875 0.09766 0.08521 0.31095 0.30992 0.27205 0.00067 0.00064 0.00054
22613702_dcafa6ba6374ec07_MG_L_ML_ANON.jpg 6 1 1 1 0.0982 0.09745 0.08446 0.23397 0.23321 0.20287 0.00809 0.00801 0.00693
22613770_45c7f44839fd9e68_MG_R_CC_ANON.jpg 5 1 1 1 0.15925 0.15794 0.13619 0.12705 0.12574 0.10826 0.00331 0.00326 0.0028
22613796_45c7f44839fd9e68_MG_L_CC_ANON.jpg 2 1 1 1 0.00286 0.0027 0.00222 0.34213 0.34186 0.29812 0.01208 0.01186 0.01022
22613822_45c7f44839fd9e68_MG_R_ML_ANON.jpg 5 1 1 1 0.10106 0.09955 0.08604 0.24103 0.23951 0.20841 0.00349 0.00341 0.00293
22613848_45c7f44839fd9e68_MG_L_ML_ANON.jpg 1 1 1 1 0.00855 0.00816 0.00689 0.38763 0.38723 0.33944 0.00496 0.00485 0.00419
22613918_f23fa352e7de3dc7_MG_R_CC_ANON.jpg 4 1 1 1 0.00322 0.00303 0.00273 0.28159 0.28099 0.26898 0.02759 0.02708 0.02561
22613944_f23fa352e7de3dc7_MG_L_CC_ANON.jpg 1 1 1 1 0.00374 0.00355 0.00322 0.27451 0.27407 0.26117 0.01302 0.01268 0.01187
22613970_f23fa352e7de3dc7_MG_R_ML_ANON.jpg 4 1 1 1 0.00846 0.00804 0.00764 0.44383 0.44289 0.44011 0.02534 0.02466 0.02411
22613996_f23fa352e7de3dc7_MG_L_ML_ANON.jpg 1 1 1 1 0.04255 0.04137 0.03957 0.34755 0.34642 0.33761 0.00067 0.00065 0.00063
22614074_6bd24a0a42c19ce1_MG_R_CC_ANON.jpg 5 0.96565 0.96546 0.95675 1 1 1 0.00577 0.00563 0.00522 0.00018 0.00017 0.00015
22614097_6bd24a0a42c19ce1_MG_L_CC_ANON.jpg 2 0.84897 0.84891 0.8131 1 1 1 0.00344 0.00319 0.0028 0.00004 0.00003 0.00003
22614127_6bd24a0a42c19ce1_MG_R_ML_ANON.jpg 5 1 1 1 0.15234 0.15094 0.14388 0.9192 0.91925 0.89142 0.01434 0.01404 0.01331
22614150_6bd24a0a42c19ce1_MG_L_ML_ANON.jpg 2 1 1 1 0.85143 0.85088 0.80976 0.06477 0.06318 0.05826 0.00006 0.00006 0.00005
22614236_1e5c3af078f74b05_MG_L_CC_ANON.jpg 5 1 1 1 0.06697 0.06611 0.06388 0.32808 0.32719 0.31865 0.00329 0.00313 0.00296
22614266_1e5c3af078f74b05_MG_L_ML_ANON.jpg 5 1 1 1 0.34486 0.34225 0.34051 0.28048 0.27794 0.27625 0.00012 0.00011 0.00011
22614353_d065adcb9905b973_MG_R_CC_ANON.jpg 2 1 1 1 0.0252 0.02433 0.02362 0.5104 0.50974 0.50921 0.00055 0.00053 0.00051
22614379_d065adcb9905b973_MG_L_CC_ANON.jpg 5 1 1 1 0.08994 0.08844 0.08737 0.5366 0.53509 0.5342 0.01514 0.0149 0.01475
22614405_d065adcb9905b973_MG_R_ML_ANON.jpg 2 1 1 1 0.75338 0.75207 0.75095 0.11757 0.11617 0.11513 0.00006 0.00006 0.00006
22614431_d065adcb9905b973_MG_L_ML_ANON.jpg 5 1 1 1 0.17811 0.1766 0.17553 0.75872 0.75728 0.75622 0.00735 0.00725 0.00719
22614499_2dec4948fbe6336d_MG_R_CC_ANON.jpg 2 1 1 1 0.23206 0.23026 0.22891 0.28216 0.2805 0.27929 0.00018 0.00017 0.00017
22614522_2dec4948fbe6336d_MG_L_CC_ANON.jpg 4 1 1 1 0.05705 0.05524 0.0539 0.57634 0.57386 0.57224 0.0213 0.02037 0.01974
22614545_2dec4948fbe6336d_MG_R_ML_ANON.jpg 2 1 1 1 0.41075 0.40825 0.40638 0.37331 0.37089 0.36912 0.00027 0.00024 0.00022
22614568_2dec4948fbe6336d_MG_L_ML_ANON.jpg 4 1 1 1 0.26228 0.2593 0.25714 0.55957 0.55625 0.554 0.01584 0.01536 0.01502
22670094_e1f51192f7bf3f5f_MG_R_CC_ANON.jpg 6 1 1 1 0.01313 0.01254 0.01061 0.38434 0.38379 0.33665 0.00508 0.00501 0.00436
22670124_e1f51192f7bf3f5f_MG_L_CC_ANON.jpg 2 1 1 1 0.06467 0.06377 0.05565 0.37712 0.37635 0.33135 0.0002 0.0002 0.00017
22670147_e1f51192f7bf3f5f_MG_R_ML_ANON.jpg 6 1 1 1 0.05092 0.05022 0.0439 0.39114 0.39043 0.34456 0.00937 0.00925 0.00809
22670177_e1f51192f7bf3f5f_MG_L_ML_ANON.jpg 2 1 1 1 0.14068 0.13973 0.12338 0.33594 0.33507 0.29657 0.00033 0.00031 0.00027
22670278_98429c0bdf78c0c7_MG_R_CC_ANON.jpg 4 1 1 1 0.41423 0.4139 0.40542 0.00945 0.00917 0.00878 0.00016 0.00015 0.00014
22670301_98429c0bdf78c0c7_MG_L_CC_ANON.jpg 2 1 1 1 0.00204 0.00184 0.00159 0.36944 0.36929 0.35796 0.00282 0.00273 0.00258
22670324_98429c0bdf78c0c7_MG_R_ML_ANON.jpg 4 1 1 1 0.50536 0.50501 0.50446 0.00789 0.00759 0.00737 0.00003 0.00002 0.00002
22670347_98429c0bdf78c0c7_MG_L_ML_ANON.jpg 2 1 1 1 0.00392 0.0037 0.00346 0.46922 0.46899 0.46455 0.00188 0.00177 0.00168
22670442_7e677f3d530e41ed_MG_R_CC_ANON.jpg 1 1 1 1 0.00279 0.00262 0.00232 0.17747 0.17649 0.16621 0.05586 0.05495 0.05135
22670465_7e677f3d530e41ed_MG_L_CC_ANON.jpg 5 1 1 1 0.19144 0.18946 0.18249 0.16689 0.16483 0.15858 0.0022 0.002 0.0018
22670488_7e677f3d530e41ed_MG_R_ML_ANON.jpg 1 1 1 1 0.09795 0.09681 0.09596 0.4078 0.40625 0.40517 0.02317 0.02267 0.02232
22670511_7e677f3d530e41ed_MG_L_ML_ANON.jpg 5 1 1 1 0.35926 0.35783 0.35682 0.26942 0.26799 0.26697 0.00095 0.00084 0.00075
22670620_e15a16f87b4f9782_MG_R_CC_ANON.jpg 2 1 1 1 0.02529 0.02463 0.02126 0.36246 0.36116 0.31752 0.02818 0.02741 0.02374
22670643_e15a16f87b4f9782_MG_L_CC_ANON.jpg 1 1 1 1 0.07154 0.07097 0.06213 0.36054 0.36006 0.31676 0.00096 0.00092 0.00079
22670673_e15a16f87b4f9782_MG_R_ML_ANON.jpg 2 1 1 1 0.13017 0.12942 0.11631 0.45673 0.45587 0.41076 0.02397 0.02368 0.0212
22670703_e15a16f87b4f9782_MG_L_ML_ANON.jpg 1 1 1 1 0.43081 0.42879 0.3854 0.15058 0.14858 0.1328 0.0003 0.00029 0.00025
22670809_0b7396cdccacca82_MG_R_CC_ANON.jpg 4 1 1 1 0.25694 0.25685 0.22134 0.00022 0.0002 0.00016 0.00019 0.00018 0.00015
22670832_0b7396cdccacca82_MG_L_CC_ANON.jpg 2 1 1 1 0.00093 0.00079 0.00058 0.25199 0.24931 0.21509 0.04463 0.04198 0.03499
22670855_0b7396cdccacca82_MG_R_ML_ANON.jpg 5 1 1 1 0.41209 0.41199 0.36179 0.00037 0.00033 0.00027 0.00018 0.00017 0.00015
22670878_0b7396cdccacca82_MG_L_ML_ANON.jpg 2 1 1 1 0.08583 0.08463 0.07307 0.23373 0.23259 0.20206 0.00018 0.00018 0.00015
22670978_f571fd4e63c718e3_MG_L_CC_ANON.jpg 4 1 1 1 0.01511 0.01476 0.01379 0.24802 0.24707 0.23523 0.01575 0.01506 0.01398
22671003_f571fd4e63c718e3_MG_L_ML_ANON.jpg 4 1 1 1 0.03035 0.02985 0.02854 0.25068 0.24917 0.2408 0.06427 0.06317 0.06064
22678449_60995d51033e24b8_MG_R_CC_ANON.jpg 2 1 1 1 0.34927 0.34905 0.33669 0.00322 0.00307 0.00283 0.00028 0.00026 0.00024
22678472_60995d51033e24b8_MG_L_CC_ANON.jpg 2 1 1 1 0.24884 0.24799 0.23493 0.0216 0.02081 0.01923 0.00008 0.00008 0.00007
22678495_60995d51033e24b8_MG_R_ML_ANON.jpg 2 1 1 1 0.59691 0.59659 0.59641 0.00367 0.00346 0.0033 0.00023 0.00022 0.00021
22678518_60995d51033e24b8_MG_L_ML_ANON.jpg 2 1 1 1 0.27496 0.27317 0.26852 0.1498 0.14807 0.14503 0.00016 0.00015 0.00014
22678622_61b13c59bcba149e_MG_R_CC_ANON.jpg 1 1 1 1 0.00318 0.00306 0.00271 0.12825 0.12815 0.11809 0.00138 0.00135 0.00122
22678646_61b13c59bcba149e_MG_L_CC_ANON.jpg 3 1 1 1 0.0027 0.00257 0.00226 0.14848 0.14819 0.13727 0.00699 0.00678 0.00615
22678670_61b13c59bcba149e_MG_R_ML_ANON.jpg 1 1 1 1 0.00203 0.00186 0.00161 0.13452 0.13333 0.12495 0.08248 0.08136 0.07599
22678694_61b13c59bcba149e_MG_L_ML_ANON.jpg 3 1 1 1 0.00122 0.0011 0.00094 0.09266 0.09147 0.0853 0.11968 0.11858 0.11089
22678787_64a22c47765f0c5c_MG_R_CC_ANON.jpg 2 1 1 1 0.43813 0.43717 0.43647 0.13539 0.13454 0.13395 0.00007 0.00007 0.00007
22678810_64a22c47765f0c5c_MG_L_CC_ANON.jpg 2 1 1 1 0.3178 0.31704 0.30595 0.03636 0.03567 0.03401 0.00017 0.00015 0.00014
22678833_64a22c47765f0c5c_MG_R_ML_ANON.jpg 2 1 1 1 0.5285 0.5267 0.5253 0.21301 0.21131 0.21001 0.00019 0.00017 0.00016
22678856_64a22c47765f0c5c_MG_L_ML_ANON.jpg 2 1 1 1 0.46531 0.46453 0.462 0.01736 0.01696 0.01659 0.00006 0.00005 0.00005
22678953_b9a4da5f2dae63a9_MG_R_CC_ANON.jpg 4 1 1 1 0.07573 0.07485 0.06451 0.23707 0.23623 0.20485 0.00059 0.00055 0.00046
22678980_b9a4da5f2dae63a9_MG_L_CC_ANON.jpg 2 1 1 1 0.06575 0.0648 0.05616 0.30402 0.30284 0.26464 0.01477 0.01444 0.01246
22679008_b9a4da5f2dae63a9_MG_R_ML_ANON.jpg 4 1 1 1 0.34758 0.3462 0.30951 0.21548 0.21413 0.19111 0.00012 0.00011 0.00009
22679036_b9a4da5f2dae63a9_MG_L_ML_ANON.jpg 2 1 1 1 0.43919 0.4381 0.39153 0.11525 0.11417 0.10155 0.00011 0.0001 0.00008
24054997_2f1104b3cda7f145_MG_L_ML_ANON.jpg 1 1 1 1 0.00287 0.00269 0.00239 0.23829 0.23759 0.22536 0.02692 0.02631 0.02463
24055024_2f1104b3cda7f145_MG_R_ML_ANON.jpg 2 1 1 1 0.00111 0.00097 0.0008 0.16224 0.16146 0.15113 0.04315 0.04245 0.03946
24055051_2f1104b3cda7f145_MG_L_CC_ANON.jpg 1 1 1 1 0.00123 0.0011 0.0009 0.06405 0.06309 0.05821 0.1013 0.10042 0.09309
24055078_2f1104b3cda7f145_MG_R_CC_ANON.jpg 2 1 1 1 0.00066 0.00056 0.00044 0.05281 0.05179 0.04751 0.09219 0.09125 0.08422
24055149_606e9b184978a350_MG_L_ML_ANON.jpg 5 1 1 1 0.36807 0.36681 0.36589 0.21593 0.21476 0.21392 0.00018 0.00015 0.00013
24055176_606e9b184978a350_MG_R_ML_ANON.jpg 2 1 1 1 0.02306 0.02241 0.02153 0.36097 0.35956 0.35293 0.04279 0.04195 0.04068
24055203_606e9b184978a350_MG_L_CC_ANON.jpg 5 1 1 1 0.22631 0.22507 0.2181 0.14849 0.14738 0.14264 0.00004 0.00003 0.00002
24055274_1e10aef17c9fe149_MG_L_ML_ANON.jpg 5 1 1 1 0.5467 0.54624 0.49036 0.04568 0.04514 0.04022 0.00005 0.00004 0.00004
24055328_1e10aef17c9fe149_MG_R_ML_ANON.jpg 3 1 1 1 0.49501 0.49302 0.44225 0.08771 0.08563 0.07585 0.00029 0.00027 0.00022
24055355_1e10aef17c9fe149_MG_L_CC_ANON.jpg 5 1 1 1 0.03199 0.03116 0.0272 0.48954 0.48891 0.43539 0.01286 0.01276 0.01132
24055382_1e10aef17c9fe149_MG_R_CC_ANON.jpg 3 1 1 1 0.42535 0.42391 0.37439 0.03353 0.03208 0.0275 0.00051 0.00048 0.00039
24055445_ac3185e18ffdc7b6_MG_L_ML_ANON.jpg 4 1 1 1 0.1271 0.12665 0.1164 0.67247 0.67229 0.61929 0.00131 0.00127 0.00114
24055464_ac3185e18ffdc7b6_MG_R_ML_ANON.jpg 4 1 1 1 0.00001 0.00001 0.00001 0.20417 0.20288 0.18874 0.69807 0.69717 0.65073
24055483_ac3185e18ffdc7b6_MG_L_CC_ANON.jpg 4 1 1 1 0.16104 0.16032 0.14589 0.56382 0.56337 0.51394 0.0011 0.00107 0.00095
24055502_ac3185e18ffdc7b6_MG_R_CC_ANON.jpg 4 1 1 1 0.00021 0.00019 0.00016 0.13867 0.13782 0.1227 0.41722 0.4165 0.37204
24055573_6f1aef40b3775182_MG_L_ML_ANON.jpg 2 1 1 1 0.47029 0.46995 0.41598 0.01101 0.01068 0.00923 0.00003 0.00003 0.00002
24055600_6f1aef40b3775182_MG_R_ML_ANON.jpg 4 1 1 1 0.12725 0.12608 0.11046 0.29602 0.29487 0.25936 0.00105 0.00099 0.00084
24055627_6f1aef40b3775182_MG_L_CC_ANON.jpg 2 1 1 1 0.00507 0.00488 0.00408 0.28979 0.28917 0.25077 0.01722 0.01671 0.01418
24055654_6f1aef40b3775182_MG_R_CC_ANON.jpg 4 1 1 1 0.02532 0.0248 0.02116 0.27155 0.27079 0.23467 0.01188 0.01157 0.00984
24055725_f0f1a133837b5137_MG_L_ML_ANON.jpg 2 1 1 1 0.12335 0.12146 0.11999 0.60456 0.60204 0.60025 0.04359 0.04284 0.0423
24055752_f0f1a133837b5137_MG_R_ML_ANON.jpg 2 1 1 1 0.15751 0.15583 0.1545 0.55781 0.55588 0.55444 0.01828 0.01786 0.01756
24055779_f0f1a133837b5137_MG_L_CC_ANON.jpg 2 1 1 1 0.23683 0.23512 0.23379 0.29642 0.29483 0.29366 0.00042 0.00039 0.00036
24055806_f0f1a133837b5137_MG_R_CC_ANON.jpg 2 1 1 1 0.06592 0.0652 0.06216 0.22325 0.22197 0.2127 0.03153 0.03087 0.02928
24055877_839819f2eadaf325_MG_L_ML_ANON.jpg 2 1 1 1 0.78525 0.78533 0.73655 0.00075 0.00072 0.00064 0.00002 0.00002 0.00002
24055904_839819f2eadaf325_MG_R_ML_ANON.jpg 2 1 1 1 0.85353 0.85402 0.81714 0.00341 0.00326 0.00293 0.00004 0.00004 0.00003
24055931_839819f2eadaf325_MG_L_CC_ANON.jpg 2 1 1 1 0.0052 0.00493 0.00427 0.59223 0.58952 0.53476 0.0678 0.06447 0.05692
24055958_839819f2eadaf325_MG_R_CC_ANON.jpg 2 1 1 1 0.71794 0.71802 0.65729 0.00115 0.0011 0.00096 0.00005 0.00005 0.00005
24058660_9e8db9e34d5275ef_MG_R_CC_ANON.jpg 2 1 1 1 0.02423 0.02351 0.02068 0.60632 0.60572 0.54673 0.00551 0.00523 0.00452
24058686_9e8db9e34d5275ef_MG_L_CC_ANON.jpg 4 1 1 1 0.00835 0.00809 0.00711 0.59638 0.59486 0.5377 0.05106 0.04935 0.04363
24058712_9e8db9e34d5275ef_MG_R_ML_ANON.jpg 2 1 1 1 0.24268 0.23989 0.2185 0.46829 0.46564 0.42559 0.00031 0.00029 0.00025
24058738_9e8db9e34d5275ef_MG_L_ML_ANON.jpg 4 1 1 1 0.78628 0.78599 0.73664 0.01388 0.01339 0.01208 0.00001 0 0
24065251_c4b995eddb3c510c_MG_L_ML_ANON.jpg 5 1 1 1 0.37156 0.37017 0.3254 0.06433 0.06298 0.05465 0.00001 0 0
24065270_c4b995eddb3c510c_MG_R_ML_ANON.jpg 1 1 1 1 0.0007 0.00059 0.00045 0.25294 0.25029 0.21941 0.18928 0.18666 0.16322
24065289_c4b995eddb3c510c_MG_L_CC_ANON.jpg 5 1 1 1 0.01262 0.01242 0.01059 0.23664 0.23586 0.20379 0.04455 0.04391 0.03763
24065308_c4b995eddb3c510c_MG_R_CC_ANON.jpg 1 1 1 1 0.06218 0.06175 0.06 0.34873 0.34843 0.34026 0.00015 0.00015 0.00014
24065380_83db89f57aea498a_MG_L_ML_ANON.jpg 2 1 1 1 0.75408 0.75404 0.69781 0.00768 0.00742 0.00664 0.00003 0.00002 0.00002
24065407_83db89f57aea498a_MG_R_ML_ANON.jpg 4 1 1 1 0.5781 0.57645 0.52868 0.17644 0.1746 0.15939 0.00042 0.00039 0.00033
24065434_83db89f57aea498a_MG_L_CC_ANON.jpg 2 1 1 1 0.18897 0.18715 0.1666 0.35945 0.35772 0.31951 0.00005 0.00005 0.00004
24065461_83db89f57aea498a_MG_R_CC_ANON.jpg 4 1 1 1 0.11763 0.11682 0.10419 0.42571 0.42465 0.38003 0.02115 0.02077 0.01836
24065530_d8205a09c8173f44_MG_L_ML_ANON.jpg 4 1 1 1 0.18416 0.18271 0.18154 0.34106 0.33916 0.33778 0.05228 0.05173 0.0514
24065557_d8205a09c8173f44_MG_R_ML_ANON.jpg 2 1 1 1 0.03854 0.03751 0.03664 0.48314 0.48146 0.48015 0.03579 0.03498 0.03436
24065584_d8205a09c8173f44_MG_L_CC_ANON.jpg 4 1 1 1 0.17172 0.17084 0.16255 0.11959 0.11878 0.11288 0.00013 0.00011 0.0001
24065611_d8205a09c8173f44_MG_R_CC_ANON.jpg 2 1 1 1 0.01274 0.01231 0.01162 0.33627 0.33525 0.32568 0.03134 0.0306 0.02925
24065680_5291e1aee2bbf5df_MG_L_ML_ANON.jpg 2 1 1 1 0.29756 0.29739 0.25762 0.00224 0.00212 0.00177 0.00003 0.00003 0.00003
24065707_5291e1aee2bbf5df_MG_R_ML_ANON.jpg 5 1 1 1 0.26483 0.26453 0.22878 0.0186 0.01839 0.01579 0.00004 0.00003 0.00003
24065734_5291e1aee2bbf5df_MG_L_CC_ANON.jpg 2 1 1 1 0.03023 0.02992 0.02538 0.15929 0.15902 0.13586 0.00008 0.00008 0.00006
24065761_5291e1aee2bbf5df_MG_R_CC_ANON.jpg 5 1 1 1 0.00358 0.0034 0.00277 0.17444 0.17411 0.14865 0.00671 0.00651 0.00544
24065833_c01f83a1eb283270_MG_L_ML_ANON.jpg 2 1 1 1 0.29741 0.29553 0.2941 0.4808 0.47894 0.4776 0.0028 0.00265 0.00254
24065860_c01f83a1eb283270_MG_R_ML_ANON.jpg 2 1 1 1 0.16916 0.16797 0.16699 0.55735 0.55511 0.55341 0.08444 0.08313 0.08219
24065887_c01f83a1eb283270_MG_L_CC_ANON.jpg 2 1 1 1 0.1013 0.10024 0.09898 0.3652 0.36393 0.36149 0.0129 0.01255 0.01225
24065914_c01f83a1eb283270_MG_R_CC_ANON.jpg 2 1 1 1 0.09515 0.09436 0.09339 0.34534 0.34375 0.34147 0.04455 0.04357 0.0427
26933772_f8bfddc28e8045c0_MG_R_CC_ANON.jpg 2 1 1 1 0.08195 0.08159 0.07518 0.06267 0.06234 0.05741 0.00003 0.00003 0.00002
26933801_f8bfddc28e8045c0_MG_L_CC_ANON.jpg 4 1 1 1 0.00864 0.0084 0.00762 0.13505 0.13428 0.12445 0.02854 0.02794 0.02561
26933830_f8bfddc28e8045c0_MG_R_ML_ANON.jpg 2 1 1 1 0.22162 0.22096 0.2103 0.06766 0.06708 0.06356 0.00003 0.00003 0.00002
26933859_f8bfddc28e8045c0_MG_L_ML_ANON.jpg 4 1 1 1 0.11988 0.11886 0.11307 0.17768 0.17655 0.16826 0.00396 0.00382 0.00356
27829134_fbb55bf7fff48540_MG_R_CC_ANON.jpg 5 1 1 1 0.11079 0.10965 0.09489 0.20775 0.20659 0.17939 0.00272 0.00263 0.00224
27829161_fbb55bf7fff48540_MG_L_CC_ANON.jpg 1 1 1 1 0.03217 0.03138 0.02686 0.30887 0.30763 0.26763 0.0081 0.00755 0.00627
27829188_fbb55bf7fff48540_MG_R_ML_ANON.jpg 5 1 1 1 0.2655 0.26386 0.23661 0.3038 0.3021 0.27106 0.00445 0.00426 0.00373
27829215_fbb55bf7fff48540_MG_L_ML_ANON.jpg 1 1 1 1 0.22353 0.22135 0.19743 0.32081 0.31871 0.28492 0.00055 0.00052 0.00045
30011484_349323117bf0fd93_MG_R_CC_ANON.jpg 2 1 1 1 0.01781 0.01736 0.01594 0.19524 0.19485 0.18253 0.00067 0.00065 0.0006
30011507_349323117bf0fd93_MG_L_CC_ANON.jpg 4 1 1 1 0.09949 0.09746 0.08976 0.0751 0.07313 0.0671 0.00028 0.00028 0.00025
30011530_349323117bf0fd93_MG_R_ML_ANON.jpg 2 1 1 1 0.03603 0.03514 0.03395 0.33117 0.32926 0.32306 0.04187 0.04074 0.03942
30011553_349323117bf0fd93_MG_L_ML_ANON.jpg 4 1 1 1 0.0881 0.0869 0.08472 0.3376 0.33646 0.33046 0.00007 0.00006 0.00005
30011647_6968748e66837bc7_MG_R_CC_ANON.jpg 2 1 1 1 0.01798 0.01734 0.01665 0.45535 0.45488 0.45058 0.00072 0.00069 0.00065
30011674_6968748e66837bc7_MG_L_CC_ANON.jpg 5 1 1 1 0.11236 0.10904 0.10668 0.37536 0.37223 0.37011 0.00009 0.00008 0.00008
30011700_6968748e66837bc7_MG_R_ML_ANON.jpg 2 1 1 1 0.0104 0.00992 0.00949 0.65436 0.65332 0.65232 0.02256 0.02171 0.02111
30011727_6968748e66837bc7_MG_L_ML_ANON.jpg 5 1 1 1 0.08862 0.08686 0.08553 0.62918 0.62748 0.62626 0.00205 0.00197 0.00191
30011798_4f20c1285d8f0b1f_MG_R_CC_ANON.jpg 2 1 1 1 0.01339 0.013 0.01097 0.26532 0.26469 0.22899 0.01382 0.01351 0.01153
30011824_4f20c1285d8f0b1f_MG_L_CC_ANON.jpg 4 1 1 1 0.03317 0.03224 0.02765 0.35315 0.35194 0.30801 0.013 0.01261 0.01084
30011850_4f20c1285d8f0b1f_MG_R_ML_ANON.jpg 2 1 1 1 0.15576 0.15426 0.13476 0.24684 0.24533 0.21493 0.00154 0.00147 0.00125
30318067_4f20c1285d8f0b1f_MG_L_ML_ANON.jpg 4 1 1 1 0.49677 0.49579 0.44486 0.08985 0.0889 0.07927 0.00004 0.00004 0.00003
50993399_5d85ecc9cf26b254_MG_L_ML_ANON.jpg 2 1 1 1 0.74409 0.7424 0.74127 0.09309 0.0915 0.09036 0.00023 0.00022 0.00021
50993426_5d85ecc9cf26b254_MG_L_CC_ANON.jpg 2 1 1 1 0.58663 0.58453 0.58315 0.13089 0.12891 0.12753 0.00008 0.00007 0.00006
50993616_b03f1dd34eb3c55f_MG_L_ML_ANON.jpg 2 1 1 1 0.8072 0.80363 0.80118 0.47571 0.47212 0.46968 0.00024 0.00023 0.00022
50993643_b03f1dd34eb3c55f_MG_L_CC_ANON.jpg 2 1 1 1 0.56834 0.56757 0.5671 0.03597 0.03532 0.03485 0.00002 0.00002 0.00002
50993670_b03f1dd34eb3c55f_MG_L_ML_ANON.jpg 2 1 1 1 0.52088 0.52032 0.46442 0.02383 0.02323 0.02036 0.00002 0.00002 0.00001
50993697_b03f1dd34eb3c55f_MG_L_CC_ANON.jpg 2 1 1 1 0.22572 0.22522 0.19403 0.03459 0.03416 0.02919 0.00002 0.00002 0.00001
50993787_de5e8d61e501a71b_MG_L_ML_ANON.jpg 2 1 1 1 0.48447 0.484 0.48223 0.0121 0.01158 0.01109 0.00533 0.00511 0.0049
50993814_de5e8d61e501a71b_MG_R_ML_ANON.jpg 2 1 1 1 0.91483 0.91415 0.91412 0.00981 0.00935 0.009 0.00082 0.00077 0.00073
50993841_de5e8d61e501a71b_MG_L_CC_ANON.jpg 2 1 1 1 0.38252 0.38206 0.37229 0.01272 0.01217 0.01141 0.00486 0.00464 0.00432
50993868_de5e8d61e501a71b_MG_R_CC_ANON.jpg 2 1 1 1 0.80546 0.80521 0.80503 0.00523 0.00492 0.00466 0.00067 0.00063 0.00059
50993895_de5e8d61e501a71b_MG_L_ML_ANON.jpg 2 1 1 1 0.51988 0.51931 0.51889 0.01278 0.01223 0.01176 0.00424 0.00404 0.00386
50993922_de5e8d61e501a71b_MG_R_ML_ANON.jpg 2 0.89713 0.89711 0.89738 1 1 1 0.01106 0.01061 0.01027 0.00073 0.00068 0.00065
50993949_de5e8d61e501a71b_MG_L_CC_ANON.jpg 2 1 1 1 0.38537 0.38489 0.3752 0.01269 0.01212 0.01136 0.00418 0.00396 0.00366
50993976_de5e8d61e501a71b_MG_R_CC_ANON.jpg 2 1 1 1 0.71652 0.71629 0.71609 0.00387 0.00362 0.00341 0.00063 0.00058 0.00054
50994110_cc9e66c5b31baab8_MG_L_ML_ANON.jpg 2 1 1 1 0.00578 0.00544 0.00494 0.25728 0.25625 0.24462 0.02857 0.02782 0.02619
50994137_cc9e66c5b31baab8_MG_R_ML_ANON.jpg 1 1 1 1 0.2066 0.20629 0.19329 0.00002 0.00002 0.00001 0.00001 0.00001 0
50994164_cc9e66c5b31baab8_MG_L_CC_ANON.jpg 2 1 1 1 0.00226 0.00213 0.00185 0.14347 0.14303 0.13271 0.01957 0.01921 0.01764
50994191_cc9e66c5b31baab8_MG_R_CC_ANON.jpg 1 1 1 1 0.00731 0.00709 0.00637 0.09134 0.09087 0.08353 0.02755 0.02725 0.02496
50994273_cc9e66c5b31baab8_MG_R_CC_ANON.jpg 4 1 1 1 0.00318 0.00306 0.00274 0.14309 0.14244 0.13265 0.03888 0.03829 0.03539
50994300_cc9e66c5b31baab8_MG_R_FB_ANON.jpg 2 1 1 1 0.00131 0.0012 0.00101 0.07749 0.07708 0.07078 0.04721 0.04687 0.043
50994327_cc9e66c5b31baab8_MG_L_ML_ANON.jpg 2 1 1 1 0.01215 0.0118 0.01098 0.23002 0.22886 0.21781 0.0407 0.03982 0.03748
50994354_cc9e66c5b31baab8_MG_R_ML_ANON.jpg 4 1 1 1 0.04422 0.04353 0.04118 0.26267 0.26187 0.25052 0.00556 0.00539 0.00505
50994381_cc9e66c5b31baab8_MG_L_CC_ANON.jpg 2 1 1 1 0.00283 0.00271 0.0024 0.11683 0.11633 0.10732 0.0224 0.02197 0.02006
50994408_cc9e66c5b31baab8_MG_R_CC_ANON.jpg 2 1 1 1 0.00374 0.00362 0.00323 0.11066 0.11023 0.10146 0.01632 0.01596 0.01451
50994535_de4c34099d6ef8de_MG_R_ML_ANON.jpg 2 1 1 1 0.06135 0.06063 0.05377 0.42428 0.42309 0.37787 0.05539 0.05476 0.04865
50994562_de4c34099d6ef8de_MG_R_CC_ANON.jpg 2 1 1 1 0.12645 0.1249 0.10786 0.17882 0.17732 0.15355 0.00021 0.0002 0.00017
50994589_de4c34099d6ef8de_MG_R_ML_ANON.jpg 2 1 1 1 0.17142 0.16939 0.15031 0.33541 0.33316 0.29675 0.0099 0.00956 0.00837
50994616_de4c34099d6ef8de_MG_R_CC_ANON.jpg 2 1 1 1 0.05162 0.05098 0.04415 0.30062 0.29974 0.26168 0.01471 0.01439 0.0124
50994706_069212ec65a94339_MG_R_CC_ANON.jpg 1 1 1 1 0.2396 0.23929 0.22577 0.00039 0.00036 0.00033 0.00048 0.00047 0.00042
50994733_069212ec65a94339_MG_L_ML_ANON.jpg 1 1 1 1 0.03354 0.03279 0.0318 0.36611 0.36494 0.3597 0.04181 0.0413 0.04044
50994760_069212ec65a94339_MG_R_ML_ANON.jpg 1 1 1 1 0.3701 0.36976 0.35867 0.00046 0.00044 0.00041 0.00058 0.00056 0.00052
50994787_069212ec65a94339_MG_L_CC_ANON.jpg 1 1 1 1 0.17191 0.17122 0.16233 0.09949 0.0989 0.09364 0.00019 0.00019 0.00017
50994814_069212ec65a94339_MG_L_ML_ANON.jpg 1 1 1 1 0.03438 0.03357 0.03204 0.31336 0.31223 0.30294 0.02656 0.02615 0.02515
50994841_069212ec65a94339_MG_R_ML_ANON.jpg 4 1 1 1 0.32016 0.31935 0.3095 0.04841 0.04765 0.04574 0.00001 0.00001 0.00001
50994868_069212ec65a94339_MG_L_CC_ANON.jpg 1 1 1 1 0.06859 0.06765 0.06342 0.18793 0.18704 0.17669 0.00067 0.00064 0.00059
50994895_069212ec65a94339_MG_R_CC_ANON.jpg 4 1 1 1 0.12426 0.12348 0.11631 0.12736 0.12665 0.11939 0.00006 0.00005 0.00005
50995762_0c735e8768d276b4_MG_R_ML_ANON.jpg 2 1 1 1 0.01488 0.01429 0.01379 0.47052 0.46977 0.46782 0.00414 0.00387 0.00369
50995789_0c735e8768d276b4_MG_R_CC_ANON.jpg 2 1 1 1 0.03299 0.03242 0.03057 0.26803 0.26755 0.2555 0.00029 0.00028 0.00026
50995872_c94d8a1ebd452afe_MG_L_ML_ANON.jpg 1 1 1 1 0.07362 0.07233 0.07137 0.64273 0.64131 0.64029 0.00798 0.00768 0.00748
50995899_c94d8a1ebd452afe_MG_L_CC_ANON.jpg 1 1 1 1 0.0065 0.00625 0.00595 0.40091 0.39979 0.39537 0.0445 0.04351 0.04245
50995963_d742ec2f9b90aa62_MG_L_ML_ANON.jpg 2 1 1 1 0.10999 0.109 0.10831 0.4776 0.47648 0.47583 0.00312 0.00288 0.00272
50995990_d742ec2f9b90aa62_MG_L_CC_ANON.jpg 2 1 1 1 0.0401 0.03931 0.03787 0.3554 0.35442 0.34631 0.0069 0.00661 0.00628
50996056_71c1a60d57c5322f_MG_L_ML_ANON.jpg 2 1 1 1 0.13309 0.13231 0.11626 0.29959 0.29886 0.26324 0.00054 0.00053 0.00045
50996083_71c1a60d57c5322f_MG_R_ML_ANON.jpg 2 1 1 1 0.03124 0.03054 0.02653 0.39992 0.39868 0.35177 0.01954 0.01892 0.01637
50996110_71c1a60d57c5322f_MG_L_CC_ANON.jpg 2 1 1 1 0.00948 0.00904 0.00754 0.26081 0.25996 0.22479 0.01407 0.01359 0.0115
50996137_71c1a60d57c5322f_MG_R_CC_ANON.jpg 2 1 1 1 0.01388 0.01332 0.01121 0.29075 0.28993 0.25169 0.01427 0.01394 0.01193
50996201_8c1b2bd64ca4d778_MG_L_ML_ANON.jpg 2 1 1 1 0.10206 0.10107 0.09966 0.30971 0.30823 0.30529 0.0523 0.05174 0.05108
50996228_8c1b2bd64ca4d778_MG_L_CC_ANON.jpg 2 1 1 1 0.05237 0.05176 0.04873 0.17189 0.17076 0.16162 0.03639 0.03581 0.03371
50996325_6aba0b402889a16f_MG_L_ML_ANON.jpg 1 1 1 1 0.0664 0.06562 0.06444 0.36335 0.36229 0.35828 0.02546 0.02507 0.02458
50996352_6aba0b402889a16f_MG_R_ML_ANON.jpg 4 1 1 1 0.11215 0.1112 0.11048 0.32281 0.32101 0.31985 0.04521 0.04421 0.0436
50996379_6aba0b402889a16f_MG_L_CC_ANON.jpg 1 1 1 1 0.01236 0.01176 0.01073 0.24803 0.24724 0.23444 0.00771 0.00743 0.00687
50996406_6aba0b402889a16f_MG_R_CC_ANON.jpg 4 1 1 1 0.00888 0.00847 0.0077 0.23203 0.23143 0.21893 0.01687 0.01659 0.01553
50996709_330e5fe16929eed4_MG_R_ML_ANON.jpg 2 1 1 1 0.31043 0.30904 0.27043 0.0775 0.07616 0.066 0.00001 0.00001 0.00001
50996736_330e5fe16929eed4_MG_R_CC_ANON.jpg 2 1 1 1 0.2801 0.27939 0.2425 0.0373 0.03667 0.03149 0.00001 0.00001 0.00001
50996800_fdf4a1516f88b280_MG_L_ML_ANON.jpg 2 0.9651 0.96527 0.96143 1 1 1 0.06822 0.06632 0.06247 0.00003 0.00003 0.00003
50996827_fdf4a1516f88b280_MG_R_ML_ANON.jpg 2 1 1 1 0.37283 0.37114 0.33323 0.21087 0.20925 0.18755 0.00009 0.00008 0.00007
50996854_fdf4a1516f88b280_MG_L_CC_ANON.jpg 2 1 1 1 0.8623 0.86235 0.82635 0.02411 0.02342 0.02139 0.00003 0.00003 0.00003
50996881_fdf4a1516f88b280_MG_R_CC_ANON.jpg 2 1 1 1 0.42155 0.41963 0.37463 0.11062 0.10876 0.0963 0.00004 0.00004 0.00003
50996945_ce5e5e18a261cd29_MG_L_ML_ANON.jpg 2 1 1 1 0.18377 0.18223 0.16057 0.26348 0.26199 0.23127 0.00035 0.00035 0.0003
50996972_ce5e5e18a261cd29_MG_R_ML_ANON.jpg 2 1 1 1 0.15184 0.15083 0.13372 0.34915 0.34819 0.30949 0.00023 0.0002 0.00016
50996999_ce5e5e18a261cd29_MG_L_CC_ANON.jpg 2 1 1 1 0.06606 0.06558 0.0569 0.28399 0.28357 0.24711 0.00033 0.00032 0.00027
50997026_ce5e5e18a261cd29_MG_R_CC_ANON.jpg 2 1 1 1 0.08089 0.07988 0.06875 0.20494 0.20398 0.17645 0.00013 0.00011 0.00009
50997053_ce5e5e18a261cd29_MG_L_CC_ANON.jpg 1 1 1 1 0.00965 0.00924 0.00885 0.78454 0.78359 0.78307 0.02154 0.0206 0.01994
50997080_ce5e5e18a261cd29_MG_L_ML_ANON.jpg 1 1 1 1 0.09551 0.09408 0.09293 0.91793 0.9166 0.91529 0.00721 0.00688 0.00663
50997107_ce5e5e18a261cd29_MG_R_ML_ANON.jpg 2 1 1 1 0.22659 0.22495 0.22374 0.77531 0.77387 0.77272 0.0008 0.00073 0.00068
50997134_ce5e5e18a261cd29_MG_R_CC_ANON.jpg 2 1 1 1 0.35882 0.35429 0.35125 0.23616 0.2317 0.22873 0.00007 0.00006 0.00006
50997223_9054942f7be52dd9_MG_L_ML_ANON.jpg 2 1 1 1 0.33957 0.33785 0.33671 0.16288 0.16125 0.16014 0.00001 0.00001 0.00001
50997250_9054942f7be52dd9_MG_R_ML_ANON.jpg 2 1 1 1 0.10539 0.10401 0.10291 0.4968 0.4949 0.49349 0.03135 0.03064 0.03017
50997277_9054942f7be52dd9_MG_L_CC_ANON.jpg 2 1 1 1 0.07651 0.07537 0.07193 0.23662 0.23528 0.22628 0.02047 0.02018 0.0193
50997304_9054942f7be52dd9_MG_R_CC_ANON.jpg 2 1 1 1 0.06781 0.06655 0.06431 0.29111 0.28948 0.28284 0.04323 0.04275 0.04164
50997434_97ec8cadfca70d32_MG_L_ML_ANON.jpg 2 1 1 1 0.5532 0.55204 0.50273 0.13909 0.13794 0.12516 0.00006 0.00005 0.00005
50997461_97ec8cadfca70d32_MG_R_ML_ANON.jpg 4 1 1 1 0.12022 0.11847 0.107 0.53164 0.52939 0.48149 0.02458 0.02382 0.02131
50997488_97ec8cadfca70d32_MG_L_CC_ANON.jpg 2 1 1 1 0.10391 0.10263 0.09029 0.34129 0.33971 0.30051 0.02485 0.02443 0.02146
50997515_97ec8cadfca70d32_MG_R_CC_ANON.jpg 4 1 1 1 0.03899 0.03826 0.03343 0.3833 0.38201 0.33808 0.04918 0.04849 0.04263
50997597_67cc8c9939d74a9a_MG_L_ML_ANON.jpg 2 1 1 1 0.10207 0.1011 0.08943 0.40671 0.40581 0.3605 0.00088 0.00084 0.00072
50997624_67cc8c9939d74a9a_MG_R_ML_ANON.jpg 2 1 1 1 0.28567 0.28518 0.24815 0.04927 0.04886 0.04233 0.00001 0.00001 0.00001
50997651_67cc8c9939d74a9a_MG_L_CC_ANON.jpg 2 1 1 1 0.03536 0.03468 0.02997 0.35226 0.35166 0.30785 0.00025 0.00024 0.0002
50997678_67cc8c9939d74a9a_MG_R_CC_ANON.jpg 2 1 1 1 0.25122 0.25109 0.21624 0.00154 0.00148 0.00123 0.00002 0.00001 0.00001
50997742_cbb6c98a81e69eeb_MG_L_ML_ANON.jpg 3 1 1 1 0.10659 0.10577 0.09461 0.47426 0.47323 0.42494 0.00694 0.00658 0.00573
50997769_cbb6c98a81e69eeb_MG_R_ML_ANON.jpg 3 1 1 1 0.04706 0.04622 0.041 0.48652 0.48541 0.4357 0.04782 0.04733 0.04231
50997796_cbb6c98a81e69eeb_MG_L_CC_ANON.jpg 3 1 1 1 0.00409 0.00392 0.00328 0.34702 0.34656 0.30235 0.00694 0.00654 0.00545
50997823_cbb6c98a81e69eeb_MG_R_CC_ANON.jpg 3 1 1 1 0.00515 0.00494 0.00414 0.33656 0.33627 0.29282 0.00238 0.0022 0.00181
50998032_66adfbb4f19c76d2_MG_R_CC_ANON.jpg 2 1 1 1 0.37135 0.37049 0.36467 0.06531 0.06451 0.06308 0.00005 0.00005 0.00005
50998059_66adfbb4f19c76d2_MG_L_ML_ANON.jpg 5 1 1 1 0.28398 0.28157 0.27981 0.35153 0.34924 0.34762 0.00042 0.00037 0.00033
50998086_66adfbb4f19c76d2_MG_R_ML_ANON.jpg 2 1 1 1 0.54257 0.54126 0.54031 0.12343 0.12214 0.12122 0.00005 0.00005 0.00005
50998113_66adfbb4f19c76d2_MG_L_CC_ANON.jpg 5 1 1 1 0.17148 0.16947 0.16762 0.30255 0.30067 0.2987 0.00097 0.00094 0.00091
50998177_f34ee0ab6591b792_MG_L_ML_ANON.jpg 2 1 1 1 0.36289 0.36132 0.32167 0.15361 0.15205 0.13483 0.00004 0.00003 0.00003
50998204_f34ee0ab6591b792_MG_R_ML_ANON.jpg 2 1 1 1 0.11715 0.11656 0.10374 0.40966 0.40894 0.36473 0.00715 0.00689 0.00601
50998231_f34ee0ab6591b792_MG_L_CC_ANON.jpg 2 1 1 1 0.38686 0.38642 0.33875 0.01534 0.01494 0.01286 0.00003 0.00003 0.00002
50998258_f34ee0ab6591b792_MG_R_CC_ANON.jpg 2 1 1 1 0.03447 0.03381 0.02925 0.36306 0.36233 0.31792 0.00853 0.00836 0.00723
50998322_1e4b534393d18753_MG_R_ML_ANON.jpg 1 1 1 1 0.12368 0.12281 0.12217 0.56497 0.56294 0.56169 0.03522 0.03386 0.03304
50998349_1e4b534393d18753_MG_R_CC_ANON.jpg 1 1 1 1 0.00164 0.00148 0.00125 0.13074 0.12955 0.12128 0.07935 0.07824 0.073
50998413_1f139436acfc5467_MG_L_ML_ANON.jpg 2 1 1 1 0.40646 0.4059 0.35819 0.04768 0.04716 0.04136 0.00007 0.00007 0.00006
50998440_1f139436acfc5467_MG_R_ML_ANON.jpg 2 1 1 1 0.26125 0.25836 0.22809 0.18774 0.18489 0.16278 0.00004 0.00004 0.00003
50998467_1f139436acfc5467_MG_L_CC_ANON.jpg 2 1 1 1 0.07371 0.07329 0.06334 0.23468 0.23431 0.20316 0.0006 0.00058 0.00048
50998494_1f139436acfc5467_MG_R_CC_ANON.jpg 2 1 1 1 0.34034 0.3402 0.29619 0.00152 0.00147 0.00124 0.00006 0.00006 0.00005
50998580_cd12bc20b3d27d0b_MG_L_ML_ANON.jpg 2 1 1 1 0.09556 0.09445 0.08233 0.29154 0.29031 0.2544 0.00452 0.00432 0.00369
50998607_cd12bc20b3d27d0b_MG_R_ML_ANON.jpg 1 1 1 1 0.0211 0.02049 0.0176 0.29748 0.29613 0.25966 0.07894 0.07808 0.06815
50998634_cd12bc20b3d27d0b_MG_L_CC_ANON.jpg 2 1 1 1 0.00602 0.00582 0.00486 0.21613 0.21551 0.18547 0.02693 0.02644 0.0225
50998661_cd12bc20b3d27d0b_MG_R_CC_ANON.jpg 1 1 1 1 0.01087 0.01051 0.00884 0.2338 0.23304 0.20092 0.01936 0.01889 0.01604
50998981_a78eba834ef6ee88_MG_R_ML_ANON.jpg 5 1 1 1 0.00768 0.00744 0.00676 0.14459 0.1437 0.13372 0.02792 0.02721 0.025
50999008_a78eba834ef6ee88_MG_R_CC_ANON.jpg 5 1 1 1 0.00173 0.00163 0.0014 0.09375 0.09357 0.08561 0.00576 0.00563 0.00508
50999094_cb65e8dac169f596_MG_L_ML_ANON.jpg 2 1 1 1 0.18236 0.18135 0.17364 0.13276 0.13183 0.1261 0.00016 0.00016 0.00015
50999121_cb65e8dac169f596_MG_R_ML_ANON.jpg 1 1 1 1 0.00737 0.00716 0.00693 0.38966 0.38863 0.38683 0.08544 0.08449 0.08363
50999148_cb65e8dac169f596_MG_L_CC_ANON.jpg 2 1 1 1 0.00979 0.00956 0.00888 0.22127 0.22059 0.20911 0.03244 0.03191 0.02998
50999175_cb65e8dac169f596_MG_R_CC_ANON.jpg 1 1 1 1 0.00993 0.00961 0.00899 0.30795 0.30732 0.29567 0.01314 0.01271 0.012
50999246_cb65e8dac169f596_MG_L_ML_ANON.jpg 2 1 1 1 0.01232 0.01188 0.01133 0.38865 0.38773 0.38114 0.03011 0.02953 0.02868
50999273_cb65e8dac169f596_MG_R_ML_ANON.jpg 1 1 1 1 0.00754 0.00731 0.00709 0.39371 0.3922 0.39122 0.14928 0.14784 0.14688
50999300_cb65e8dac169f596_MG_L_CC_ANON.jpg 2 1 1 1 0.00589 0.00569 0.00527 0.26212 0.2614 0.24975 0.03434 0.03374 0.03191
50999327_cb65e8dac169f596_MG_R_CC_ANON.jpg 1 1 1 1 0.00566 0.00546 0.00506 0.25488 0.25398 0.24378 0.06187 0.06107 0.05827
50999432_f62fbf38fb208316_MG_L_ML_ANON.jpg 5 1 1 1 0.46655 0.46602 0.41305 0.02027 0.01974 0.01719 0.00002 0.00002 0.00002
50999459_f62fbf38fb208316_MG_L_CC_ANON.jpg 5 1 1 1 0.03059 0.03015 0.02603 0.32622 0.3258 0.28435 0.00788 0.00783 0.0068
51048738_3f22cdda8da215e3_MG_R_ML_ANON.jpg 3 1 1 1 0.04026 0.03905 0.03807 0.67063 0.66849 0.6668 0.07437 0.07314 0.07223
51048765_3f22cdda8da215e3_MG_R_CC_ANON.jpg 3 1 1 1 0.08053 0.07922 0.0774 0.3674 0.36602 0.36141 0.00614 0.0059 0.00567
51048891_f3e93e889a7746f0_MG_L_ML_ANON.jpg 2 1 1 1 0.17056 0.1697 0.15226 0.4232 0.42227 0.3795 0.00658 0.00639 0.00563
51048918_f3e93e889a7746f0_MG_R_ML_ANON.jpg 2 1 1 1 0.08389 0.08299 0.07433 0.48578 0.48457 0.43697 0.05304 0.05253 0.04716
51048945_f3e93e889a7746f0_MG_L_CC_ANON.jpg 2 1 1 1 0.29763 0.29552 0.26107 0.16991 0.16787 0.14776 0.00016 0.00015 0.00012
51048972_f3e93e889a7746f0_MG_R_CC_ANON.jpg 2 1 1 1 0.05654 0.05574 0.04867 0.36876 0.36774 0.32416 0.01908 0.01876 0.01637
51049053_8c105bb715bf1c3c_MG_L_ML_ANON.jpg 2 1 1 1 0.53826 0.53744 0.48443 0.08697 0.0861 0.07715 0.00028 0.00026 0.00023
51049080_8c105bb715bf1c3c_MG_R_ML_ANON.jpg 2 1 1 1 0.23848 0.23642 0.2143 0.43623 0.43423 0.39455 0.0025 0.00239 0.0021
51049107_8c105bb715bf1c3c_MG_L_CC_ANON.jpg 2 1 1 1 0.39796 0.39744 0.34887 0.01618 0.01573 0.01352 0.00004 0.00003 0.00003
51049134_8c105bb715bf1c3c_MG_R_CC_ANON.jpg 2 1 1 1 0.22471 0.22178 0.19582 0.25446 0.25162 0.2225 0.00006 0.00006 0.00005
51049249_832ebce700241036_MG_L_CC_ANON.jpg 2 1 1 1 0.08445 0.08305 0.07133 0.22595 0.22462 0.19435 0.00017 0.00015 0.00013
51049276_832ebce700241036_MG_L_ML_ANON.jpg 2 1 1 1 0.16473 0.16309 0.14285 0.2471 0.2455 0.21556 0.00036 0.00034 0.00029
51049462_6f64793857feb5d0_MG_L_ML_ANON.jpg 2 1 1 1 0.1003 0.09892 0.09787 0.56726 0.56512 0.56374 0.03724 0.03632 0.0357
51049489_6f64793857feb5d0_MG_R_ML_ANON.jpg 2 1 1 1 0.56221 0.56193 0.5619 0.00043 0.00039 0.00037 0.00025 0.00025 0.00024
51049516_6f64793857feb5d0_MG_L_CC_ANON.jpg 2 1 1 1 0.07048 0.06963 0.06805 0.3612 0.36023 0.35477 0.00731 0.00707 0.00682
51049543_6f64793857feb5d0_MG_R_CC_ANON.jpg 2 1 1 1 0.38289 0.38281 0.37164 0.00015 0.00013 0.00012 0.00021 0.00021 0.0002
51049628_6f64793857feb5d0_MG_L_ML_ANON.jpg 2 1 1 1 0.35906 0.3564 0.35447 0.3408 0.33817 0.33629 0.001 0.00096 0.00093
51049655_6f64793857feb5d0_MG_R_ML_ANON.jpg 2 1 1 1 0.74226 0.742 0.74202 0.00151 0.00142 0.00134 0.00024 0.00024 0.00023
51049682_6f64793857feb5d0_MG_L_CC_ANON.jpg 2 1 1 1 0.04921 0.04827 0.0467 0.35827 0.35706 0.35016 0.0147 0.0143 0.01379
51070197_6f64793857feb5d0_MG_R_CC_ANON.jpg 2 1 1 1 0.36735 0.36723 0.35542 0.00059 0.00055 0.00051 0.00022 0.00022 0.00021
53580611_40e22f2e3215b954_MG_L_ML_ANON.jpg 2 1 1 1 0.46051 0.45828 0.41281 0.14204 0.13981 0.12501 0.00029 0.00028 0.00024
53580638_40e22f2e3215b954_MG_R_ML_ANON.jpg 3 1 1 1 0.10895 0.10809 0.09766 0.52371 0.52248 0.47382 0.02967 0.02909 0.02612
53580665_40e22f2e3215b954_MG_L_CC_ANON.jpg 2 1 1 1 0.03239 0.03182 0.02769 0.40614 0.40533 0.35736 0.00961 0.00926 0.00796
53580692_40e22f2e3215b954_MG_R_CC_ANON.jpg 3 1 1 1 0.01015 0.00971 0.00823 0.35603 0.35469 0.31117 0.03555 0.03453 0.02976
53580804_51bec6477a7898b9_MG_L_ML_ANON.jpg 5 1 1 1 0.1916 0.19038 0.16947 0.33842 0.33719 0.30065 0.00265 0.00255 0.00222
53580831_51bec6477a7898b9_MG_R_ML_ANON.jpg 2 1 1 1 0.23511 0.23377 0.20826 0.29151 0.29024 0.25881 0.0006 0.00057 0.0005
53580858_51bec6477a7898b9_MG_L_CC_ANON.jpg 5 1 1 1 0.01443 0.0139 0.01175 0.30277 0.3019 0.26256 0.01668 0.01625 0.0139
53580885_51bec6477a7898b9_MG_R_CC_ANON.jpg 2 1 1 1 0.08351 0.08284 0.0717 0.2411 0.24049 0.20896 0.00009 0.00008 0.00007
53580979_4c341dad22471922_MG_L_ML_ANON.jpg 1 1 1 1 0.01773 0.01727 0.0167 0.39329 0.39222 0.38729 0.03728 0.03654 0.03567
53581006_4c341dad22471922_MG_R_ML_ANON.jpg 1 1 1 1 0.0272 0.0265 0.02549 0.3613 0.36003 0.35318 0.02837 0.02765 0.02672
53581033_4c341dad22471922_MG_L_CC_ANON.jpg 1 1 1 1 0.00846 0.00817 0.00767 0.29975 0.29892 0.28927 0.04841 0.04777 0.0459
53581060_4c341dad22471922_MG_R_CC_ANON.jpg 1 1 1 1 0.00847 0.00817 0.00761 0.28886 0.28799 0.27729 0.03639 0.03572 0.03405
53581124_3be876aecfaad4ca_MG_L_ML_ANON.jpg 1 1 1 1 0.06394 0.06295 0.06081 0.30184 0.30028 0.29252 0.02318 0.02255 0.0216
53581151_3be876aecfaad4ca_MG_L_CC_ANON.jpg 1 1 1 1 0.06611 0.0656 0.0614 0.15828 0.15772 0.14811 0.00198 0.00187 0.00169
53581237_80123a24997098dc_MG_R_ML_ANON.jpg 1 1 1 1 0.12525 0.12409 0.12321 0.63143 0.63018 0.62925 0.01614 0.01587 0.01568
53581264_80123a24997098dc_MG_R_CC_ANON.jpg 1 1 1 1 0.08649 0.0854 0.08385 0.36259 0.36141 0.35751 0.00889 0.00868 0.00846
53581379_b231a8ba4dd4214f_MG_L_ML_ANON.jpg 1 1 1 1 0.09249 0.09099 0.0899 0.60263 0.59919 0.59709 0.11264 0.1105 0.10916
53581406_b231a8ba4dd4214f_MG_R_ML_ANON.jpg 6 1 1 1 0.04101 0.03982 0.0389 0.55896 0.55697 0.55568 0.12132 0.12026 0.11961
53581433_b231a8ba4dd4214f_MG_L_CC_ANON.jpg 1 1 1 1 0.00689 0.00658 0.00629 0.47563 0.47491 0.47377 0.0159 0.01534 0.01491
53581460_b231a8ba4dd4214f_MG_R_CC_ANON.jpg 6 1 1 1 0.00881 0.00835 0.00779 0.39857 0.3981 0.38922 0.00436 0.0042 0.00399
53581769_573747ee33ef6e5a_MG_L_ML_ANON.jpg 1 1 1 1 0.00506 0.00485 0.00462 0.33237 0.33113 0.32749 0.11575 0.11459 0.11283
53581796_573747ee33ef6e5a_MG_L_CC_ANON.jpg 1 1 1 1 0.05774 0.05688 0.0535 0.21229 0.2115 0.20067 0.00028 0.00027 0.00025
53581860_21e6cc12630e5e9f_MG_L_ML_ANON.jpg 1 1 1 1 0.31218 0.31194 0.29844 0.00051 0.00048 0.00044 0.00015 0.00014 0.00013
53581887_21e6cc12630e5e9f_MG_R_ML_ANON.jpg 2 1 1 1 0.35934 0.35852 0.34891 0.02897 0.0282 0.02691 0.00024 0.00022 0.00021
53581914_21e6cc12630e5e9f_MG_L_CC_ANON.jpg 1 1 1 1 0.01177 0.01144 0.01045 0.1754 0.17479 0.16319 0.01127 0.01092 0.00997
53581941_21e6cc12630e5e9f_MG_R_CC_ANON.jpg 2 1 1 1 0.00782 0.00752 0.00689 0.23571 0.23512 0.22252 0.01624 0.01584 0.01474
53582304_8913a7e0cf3bd74e_MG_R_ML_ANON.jpg 1 1 1 1 0.01451 0.01393 0.01346 0.60004 0.59796 0.59642 0.06783 0.06606 0.06485
53582331_8913a7e0cf3bd74e_MG_R_CC_ANON.jpg 1 1 1 1 0.00602 0.00578 0.00548 0.39323 0.39234 0.38734 0.05337 0.05254 0.05137
53582395_3f0db31711fc9795_MG_L_ML_ANON.jpg 1 1 1 1 0.10747 0.10624 0.10533 0.58753 0.58529 0.58388 0.02213 0.02097 0.02021
53582422_3f0db31711fc9795_MG_R_ML_ANON.jpg 2 1 1 1 0.16151 0.16069 0.1601 0.38536 0.38439 0.38375 0.00758 0.00727 0.00705
53582449_3f0db31711fc9795_MG_L_CC_ANON.jpg 1 1 1 1 0.01369 0.01313 0.01227 0.3263 0.32539 0.31477 0.0201 0.01965 0.01872
53582476_3f0db31711fc9795_MG_R_CC_ANON.jpg 2 1 1 1 0.05037 0.04981 0.04741 0.27145 0.27094 0.25981 0.00108 0.00103 0.00095
53582540_3e73f1c0670cfb0a_MG_R_ML_ANON.jpg 1 1 1 1 0.04262 0.04173 0.04082 0.3776 0.37602 0.37301 0.0472 0.04639 0.04561
53582567_3e73f1c0670cfb0a_MG_R_CC_ANON.jpg 1 1 1 1 0.00611 0.00587 0.00536 0.25476 0.2544 0.24118 0.00649 0.00628 0.00582
53582656_465aa5ec1b59efc6_MG_L_ML_ANON.jpg 5 1 1 1 0.22637 0.22566 0.2133 0.02364 0.02332 0.02189 0.00026 0.00024 0.00022
53582683_465aa5ec1b59efc6_MG_L_CC_ANON.jpg 5 1 1 1 0.20258 0.20169 0.19142 0.06893 0.0683 0.06463 0.00045 0.00041 0.00037
53582710_465aa5ec1b59efc6_MG_R_ML_ANON.jpg 2 1 1 1 0.68191 0.67868 0.67632 0.31348 0.31023 0.30787 0.00037 0.00034 0.00031
53582737_465aa5ec1b59efc6_MG_L_ML_ANON.jpg 2 1 1 1 0.44011 0.43973 0.43274 0.00468 0.00444 0.00415 0.00083 0.00079 0.00074
53582764_465aa5ec1b59efc6_MG_R_ML_ANON.jpg 2 1 1 1 0.75089 0.74906 0.74746 0.1172 0.11531 0.11389 0.00021 0.0002 0.00018
53582791_465aa5ec1b59efc6_MG_L_CC_ANON.jpg 2 1 1 1 0.41281 0.41253 0.4034 0.00348 0.00327 0.00301 0.00077 0.00074 0.00069
53582818_465aa5ec1b59efc6_MG_R_CC_ANON.jpg 2 1 1 1 0.62521 0.62394 0.62297 0.05359 0.05232 0.05139 0.00022 0.00021 0.00019
53586361_dda3c6969a34ff8e_MG_L_ML_ANON.jpg 1 1 1 1 0.10794 0.10686 0.10365 0.28666 0.28556 0.2784 0.00235 0.00225 0.00213
53586388_dda3c6969a34ff8e_MG_R_ML_ANON.jpg 1 1 1 1 0.05906 0.05799 0.05713 0.55011 0.54863 0.54754 0.0238 0.02314 0.02265
53586415_dda3c6969a34ff8e_MG_L_CC_ANON.jpg 1 1 1 1 0.03753 0.03694 0.03453 0.21988 0.21931 0.20737 0.00096 0.00091 0.00083
53586442_dda3c6969a34ff8e_MG_R_CC_ANON.jpg 1 1 1 1 0.04941 0.04856 0.04784 0.48071 0.48002 0.47947 0.00096 0.00091 0.00087
53586724_e5f3f68b9ce31228_MG_L_ML_ANON.jpg 2 1 1 1 0.20094 0.19978 0.18407 0.60447 0.60408 0.55698 0.00117 0.0011 0.00097
53586751_e5f3f68b9ce31228_MG_R_ML_ANON.jpg 2 1 1 1 0.61919 0.61907 0.55912 0.00094 0.0009 0.00078 0.00039 0.00038 0.00033
53586778_e5f3f68b9ce31228_MG_L_CC_ANON.jpg 2 1 1 1 0.02074 0.02015 0.01754 0.48608 0.48505 0.43132 0.00982 0.00911 0.00768
53586805_e5f3f68b9ce31228_MG_R_CC_ANON.jpg 2 1 1 1 0.4952 0.4952 0.43932 0.00038 0.00035 0.00029 0.00033 0.00032 0.00027
53586869_6ac23356b912ee9b_MG_L_ML_ANON.jpg 2 1 1 1 0.18506 0.18403 0.1726 0.75624 0.75601 0.71023 0.00278 0.00265 0.00242
53586896_6ac23356b912ee9b_MG_L_CC_ANON.jpg 2 1 1 1 0.01543 0.01464 0.01286 0.7089 0.70898 0.64741 0.012 0.01162 0.01041
53586960_809e3f43339f93c6_MG_L_ML_ANON.jpg 2 1 1 1 0.19755 0.19633 0.17451 0.31698 0.31585 0.28125 0.00058 0.00055 0.00048
53586987_809e3f43339f93c6_MG_R_ML_ANON.jpg 2 1 1 1 0.05492 0.05406 0.0488 0.61886 0.61825 0.56314 0.02975 0.029 0.02604
53587014_809e3f43339f93c6_MG_L_CC_ANON.jpg 2 1 1 1 0.15904 0.15693 0.13782 0.26851 0.26649 0.23489 0.00001 0.00001 0.00001
53587041_809e3f43339f93c6_MG_R_CC_ANON.jpg 2 1 1 1 0.00694 0.00669 0.00587 0.46444 0.45971 0.4155 0.11561 0.11088 0.09854
53587104_7b71aa9928e6975e_MG_L_ML_ANON.jpg 2 1 1 1 0.06381 0.06308 0.05541 0.40328 0.40236 0.35583 0.00528 0.00499 0.00424
53587131_7b71aa9928e6975e_MG_L_CC_ANON.jpg 2 1 1 1 0.01948 0.01888 0.01616 0.34531 0.34398 0.30102 0.02042 0.01959 0.01668
53587427_d2befe622e188943_MG_L_ML_ANON.jpg 2 1 1 1 0.16648 0.16519 0.16424 0.5266 0.52463 0.52337 0.04787 0.04705 0.0465
53587454_d2befe622e188943_MG_R_ML_ANON.jpg 2 1 1 1 0.12409 0.12249 0.12129 0.84081 0.83888 0.83734 0.03106 0.03034 0.02985
53587481_d2befe622e188943_MG_L_CC_ANON.jpg 2 1 1 1 0.0865 0.08542 0.08372 0.35106 0.34983 0.34528 0.00871 0.00842 0.00813
53587508_d2befe622e188943_MG_R_CC_ANON.jpg 2 1 1 1 0.01966 0.01892 0.01833 0.58466 0.58299 0.58182 0.05205 0.05084 0.05002
53587572_11e6732579acf692_MG_L_ML_ANON.jpg 2 1 1 1 0.50717 0.50503 0.45862 0.15085 0.14876 0.13428 0.00014 0.00013 0.00011
53587599_11e6732579acf692_MG_L_CC_ANON.jpg 2 1 1 1 0.35657 0.35366 0.31733 0.2085 0.20568 0.18392 0.00005 0.00005 0.00004
53587663_5fb370d4c1c71974_MG_R_CC_ANON.jpg 2 1 1 1 0.35356 0.35347 0.30823 0.00027 0.00025 0.00021 0.00007 0.00007 0.00006
53587690_5fb370d4c1c71974_MG_L_ML_ANON.jpg 1 1 1 1 0.10328 0.10228 0.09133 0.48621 0.48526 0.43578 0.00243 0.00233 0.00204
53587717_5fb370d4c1c71974_MG_R_ML_ANON.jpg 2 1 1 1 0.41043 0.41023 0.36024 0.00104 0.00095 0.00079 0.0001 0.00009 0.00008
53587744_5fb370d4c1c71974_MG_L_CC_ANON.jpg 1 1 1 1 0.00465 0.00443 0.00374 0.45474 0.45404 0.40142 0.01252 0.01191 0.01016
