20586908 2 1.0000 1.0000 1.0000 0.3396 0.3372 0.3018 0.2277 0.2254 0.2013 0.0001 0.0001 0.0001 
20586934 5 1.0000 1.0000 1.0000 0.0244 0.0237 0.0205 0.4239 0.4228 0.3732 0.0161 0.0156 0.0136 
20586960 2 1.0000 1.0000 1.0000 0.1697 0.1677 0.1519 0.5230 0.5210 0.4743 0.0011 0.0010 0.0009 
20586986 5 1.0000 1.0000 1.0000 0.5566 0.5565 0.4973 0.0030 0.0029 0.0025 0.0000 0.0000 0.0000 
20587054 4 1.0000 1.0000 1.0000 0.2849 0.2839 0.2794 0.1615 0.1606 0.1578 0.0001 0.0001 0.0001 
20587080 4 1.0000 1.0000 1.0000 0.0705 0.0693 0.0682 0.6049 0.6028 0.6013 0.0774 0.0764 0.0757 
20587148 2 1.0000 1.0000 1.0000 0.1701 0.1694 0.1587 0.0472 0.0466 0.0434 0.0000 0.0000 0.0000 
20587174 2 1.0000 1.0000 1.0000 0.2039 0.2036 0.1905 0.0050 0.0048 0.0043 0.0000 0.0000 0.0000 
20587200 2 1.0000 1.0000 1.0000 0.3364 0.3355 0.3299 0.0998 0.0990 0.0970 0.0000 0.0000 0.0000 
20587226 2 1.0000 1.0000 1.0000 0.3405 0.3400 0.3284 0.0156 0.0151 0.0143 0.0000 0.0000 0.0000 
20587294 2 1.0000 1.0000 1.0000 0.0046 0.0043 0.0040 0.3726 0.3681 0.3652 0.1658 0.1614 0.1585 
20587320 2 1.0000 1.0000 1.0000 0.0654 0.0642 0.0633 0.6646 0.6637 0.6632 0.0001 0.0001 0.0001 
20587346 2 1.0000 1.0000 1.0000 0.0167 0.0162 0.0159 0.8074 0.8065 0.8056 0.0487 0.0478 0.0471 
20587372 2 0.9701 0.9711 0.9719 0.0673 0.0659 0.0648 1.0000 1.0000 1.0000 0.0014 0.0013 0.0012 
20587466 2 1.0000 1.0000 1.0000 0.0392 0.0390 0.0362 0.1216 0.1204 0.1117 0.0309 0.0298 0.0272 
20587492 2 1.0000 1.0000 1.0000 0.0514 0.0510 0.0478 0.1477 0.1469 0.1378 0.0245 0.0240 0.0223 
20587518 2 1.0000 1.0000 1.0000 0.0788 0.0784 0.0746 0.1766 0.1755 0.1670 0.0325 0.0317 0.0298 
20587544 2 1.0000 1.0000 1.0000 0.0374 0.0371 0.0342 0.0955 0.0947 0.0876 0.0282 0.0277 0.0254 
20587612 5 1.0000 1.0000 1.0000 0.5274 0.5267 0.4703 0.0260 0.0248 0.0215 0.0000 0.0000 0.0000 
20587638 2 1.0000 1.0000 1.0000 0.1170 0.1152 0.1020 0.4357 0.4340 0.3872 0.0001 0.0001 0.0000 
20587664 5 1.0000 1.0000 1.0000 0.2542 0.2506 0.2256 0.3572 0.3537 0.3194 0.0001 0.0001 0.0001 
20587690 2 1.0000 1.0000 1.0000 0.7156 0.7154 0.6537 0.0072 0.0069 0.0061 0.0000 0.0000 0.0000 
20587758 3 1.0000 1.0000 1.0000 0.0842 0.0825 0.0812 0.4468 0.4448 0.4433 0.0210 0.0204 0.0201 
20587784 3 1.0000 1.0000 1.0000 0.0275 0.0266 0.0259 0.5765 0.5750 0.5738 0.0519 0.0511 0.0504 
20587810 3 1.0000 1.0000 1.0000 0.0816 0.0798 0.0783 0.6839 0.6812 0.6792 0.0499 0.0490 0.0483 
20587836 3 1.0000 1.0000 1.0000 0.0080 0.0077 0.0074 0.3643 0.3635 0.3573 0.0604 0.0597 0.0583 
20587902 3 1.0000 1.0000 1.0000 0.0671 0.0667 0.0633 0.1709 0.1699 0.1616 0.0445 0.0439 0.0415 
20587928 3 1.0000 1.0000 1.0000 0.1547 0.1538 0.1519 0.3019 0.3007 0.2977 0.0102 0.0098 0.0096 
20587994 6 1.0000 1.0000 1.0000 0.1247 0.1236 0.1228 0.4639 0.4630 0.4623 0.0005 0.0004 0.0004 
20588020 2 1.0000 1.0000 1.0000 0.0081 0.0078 0.0075 0.5921 0.5906 0.5896 0.0428 0.0413 0.0402 
20588046 6 1.0000 1.0000 1.0000 0.0887 0.0873 0.0861 0.8042 0.8019 0.8000 0.0518 0.0505 0.0496 
20588072 2 1.0000 1.0000 1.0000 0.0386 0.0375 0.0367 0.8091 0.8074 0.8061 0.0463 0.0454 0.0448 
20588138 1 1.0000 1.0000 1.0000 0.0336 0.0329 0.0322 0.6320 0.6302 0.6289 0.0783 0.0771 0.0762 
20588164 1 1.0000 1.0000 1.0000 0.0376 0.0367 0.0357 0.4198 0.4187 0.4145 0.0111 0.0107 0.0103 
20588190 4 1.0000 1.0000 1.0000 0.0071 0.0069 0.0066 0.2867 0.2849 0.2789 0.1302 0.1285 0.1251 
20588216 4 1.0000 1.0000 1.0000 0.0206 0.0201 0.0195 0.5813 0.5794 0.5782 0.1189 0.1174 0.1164 
20588308 3 1.0000 1.0000 1.0000 0.0304 0.0299 0.0285 0.2538 0.2526 0.2435 0.0584 0.0577 0.0553 
20588334 3 1.0000 1.0000 1.0000 0.0074 0.0073 0.0067 0.1256 0.1251 0.1171 0.0814 0.0810 0.0758 
20588458 2 1.0000 1.0000 1.0000 0.0114 0.0110 0.0106 0.4949 0.4940 0.4933 0.0360 0.0353 0.0348 
20588510 2 1.0000 1.0000 1.0000 0.0407 0.0394 0.0383 0.7723 0.7697 0.7675 0.0943 0.0926 0.0915 
20588536 5 1.0000 1.0000 1.0000 0.2052 0.2031 0.2015 0.6474 0.6445 0.6425 0.0604 0.0595 0.0588 
20588562 5 1.0000 1.0000 1.0000 0.1205 0.1191 0.1179 0.5825 0.5805 0.5790 0.0757 0.0748 0.0742 
20588654 2 1.0000 1.0000 1.0000 0.3510 0.3495 0.3101 0.1449 0.1435 0.1268 0.0001 0.0001 0.0001 
20588680 3 1.0000 1.0000 1.0000 0.5054 0.5044 0.4538 0.0987 0.0977 0.0874 0.0001 0.0001 0.0001 
22427682 2 1.0000 1.0000 1.0000 0.1027 0.1014 0.0895 0.3897 0.3885 0.3446 0.0002 0.0002 0.0001 
22427704 5 1.0000 1.0000 1.0000 0.0070 0.0066 0.0055 0.3123 0.3106 0.2706 0.0469 0.0454 0.0388 
22427728 2 1.0000 1.0000 1.0000 0.3068 0.3032 0.2772 0.4076 0.4041 0.3702 0.0001 0.0001 0.0001 
22427752 5 1.0000 1.0000 1.0000 0.5351 0.5343 0.4796 0.0534 0.0525 0.0467 0.0000 0.0000 0.0000 
22427840 5 1.0000 1.0000 1.0000 0.0629 0.0623 0.0584 0.1755 0.1749 0.1649 0.0023 0.0022 0.0021 
22427864 2 1.0000 1.0000 1.0000 0.0046 0.0044 0.0041 0.3418 0.3404 0.3322 0.0445 0.0433 0.0415 
22579730 5 1.0000 1.0000 1.0000 0.2488 0.2471 0.2441 0.1983 0.1966 0.1941 0.0023 0.0023 0.0022 
22579754 2 1.0000 1.0000 1.0000 0.1898 0.1887 0.1879 0.3923 0.3912 0.3906 0.0006 0.0006 0.0006 
22579848 2 1.0000 1.0000 1.0000 0.0266 0.0260 0.0249 0.2683 0.2667 0.2584 0.0663 0.0652 0.0627 
22579870 4 1.0000 1.0000 1.0000 0.0724 0.0717 0.0688 0.2834 0.2825 0.2727 0.0034 0.0031 0.0029 
22579892 2 1.0000 1.0000 1.0000 0.0722 0.0708 0.0696 0.5143 0.5121 0.5105 0.0231 0.0221 0.0215 
22579916 4 1.0000 1.0000 1.0000 0.2614 0.2601 0.2592 0.2745 0.2734 0.2727 0.0000 0.0000 0.0000 
22580016 2 1.0000 1.0000 1.0000 0.4742 0.4741 0.4694 0.0008 0.0007 0.0007 0.0001 0.0001 0.0001 
22580038 5 1.0000 1.0000 1.0000 0.4236 0.4221 0.4198 0.0671 0.0657 0.0645 0.0001 0.0001 0.0001 
22580068 2 1.0000 1.0000 1.0000 0.6390 0.6388 0.6387 0.0017 0.0016 0.0015 0.0001 0.0000 0.0000 
22580098 5 1.0000 1.0000 1.0000 0.6578 0.6569 0.6564 0.0349 0.0342 0.0337 0.0001 0.0001 0.0001 
22580192 3 1.0000 1.0000 1.0000 0.0091 0.0088 0.0084 0.5587 0.5582 0.5578 0.0089 0.0085 0.0082 
22580218 1 1.0000 1.0000 1.0000 0.0105 0.0100 0.0096 0.5365 0.5357 0.5352 0.0092 0.0087 0.0083 
22580244 3 1.0000 1.0000 1.0000 0.0449 0.0436 0.0426 0.6955 0.6938 0.6924 0.1059 0.1052 0.1046 
22580270 1 1.0000 1.0000 1.0000 0.0603 0.0590 0.0580 0.6783 0.6761 0.6745 0.0467 0.0455 0.0446 
22580340 2 1.0000 1.0000 1.0000 0.0221 0.0215 0.0201 0.2123 0.2114 0.2014 0.0591 0.0587 0.0559 
22580368 2 1.0000 1.0000 1.0000 0.0522 0.0512 0.0483 0.2236 0.2222 0.2123 0.0336 0.0332 0.0316 
22580392 2 1.0000 1.0000 1.0000 0.0242 0.0236 0.0225 0.3197 0.3186 0.3116 0.0674 0.0668 0.0652 
22580420 2 1.0000 1.0000 1.0000 0.0272 0.0264 0.0257 0.3864 0.3850 0.3818 0.0573 0.0566 0.0558 
22580492 2 1.0000 1.0000 1.0000 0.0100 0.0097 0.0091 0.3158 0.3151 0.3036 0.0176 0.0171 0.0161 
22580520 5 1.0000 1.0000 1.0000 0.0732 0.0721 0.0689 0.2405 0.2390 0.2302 0.0427 0.0422 0.0404 
22580548 2 1.0000 1.0000 1.0000 0.0436 0.0425 0.0416 0.5005 0.4987 0.4973 0.0343 0.0333 0.0326 
22580576 5 1.0000 1.0000 1.0000 0.1535 0.1520 0.1508 0.4126 0.4109 0.4096 0.0195 0.0192 0.0189 
22580654 5 1.0000 1.0000 1.0000 0.0650 0.0644 0.0556 0.1944 0.1936 0.1678 0.0530 0.0527 0.0457 
22580680 2 1.0000 1.0000 1.0000 0.0031 0.0030 0.0025 0.2407 0.2405 0.2069 0.0015 0.0014 0.0011 
22580706 5 1.0000 1.0000 1.0000 0.4018 0.3994 0.3606 0.2160 0.2134 0.1921 0.0128 0.0123 0.0110 
22580732 2 1.0000 1.0000 1.0000 0.0719 0.0713 0.0621 0.3120 0.3114 0.2725 0.0049 0.0048 0.0042 
22613624 2 1.0000 1.0000 1.0000 0.0031 0.0029 0.0024 0.3022 0.3017 0.2619 0.0120 0.0115 0.0098 
22613650 6 1.0000 1.0000 1.0000 0.0919 0.0902 0.0770 0.1741 0.1725 0.1481 0.0012 0.0012 0.0010 
22613676 2 1.0000 1.0000 1.0000 0.0988 0.0977 0.0852 0.3110 0.3099 0.2720 0.0007 0.0006 0.0005 
22613702 6 1.0000 1.0000 1.0000 0.0982 0.0975 0.0845 0.2340 0.2332 0.2029 0.0081 0.0080 0.0069 
22613770 5 1.0000 1.0000 1.0000 0.1593 0.1579 0.1362 0.1270 0.1257 0.1083 0.0033 0.0033 0.0028 
22613796 2 1.0000 1.0000 1.0000 0.0029 0.0027 0.0022 0.3421 0.3419 0.2981 0.0121 0.0119 0.0102 
22613822 5 1.0000 1.0000 1.0000 0.1011 0.0996 0.0860 0.2410 0.2395 0.2084 0.0035 0.0034 0.0029 
22613848 1 1.0000 1.0000 1.0000 0.0086 0.0082 0.0069 0.3876 0.3872 0.3394 0.0050 0.0049 0.0042 
22613918 4 1.0000 1.0000 1.0000 0.0032 0.0030 0.0027 0.2816 0.2810 0.2690 0.0276 0.0271 0.0256 
22613944 1 1.0000 1.0000 1.0000 0.0037 0.0036 0.0032 0.2745 0.2741 0.2612 0.0130 0.0127 0.0119 
22613970 4 1.0000 1.0000 1.0000 0.0085 0.0080 0.0076 0.4438 0.4429 0.4401 0.0253 0.0247 0.0241 
22613996 1 1.0000 1.0000 1.0000 0.0426 0.0414 0.0396 0.3476 0.3464 0.3376 0.0007 0.0007 0.0006 
22614074 5 0.9657 0.9655 0.9567 1.0000 1.0000 1.0000 0.0058 0.0056 0.0052 0.0002 0.0002 0.0002 
22614096 2 0.8490 0.8489 0.8131 1.0000 1.0000 1.0000 0.0034 0.0032 0.0028 0.0000 0.0000 0.0000 
22614128 5 1.0000 1.0000 1.0000 0.1523 0.1509 0.1439 0.9192 0.9193 0.8914 0.0143 0.0140 0.0133 
22614150 2 1.0000 1.0000 1.0000 0.8514 0.8509 0.8098 0.0648 0.0632 0.0583 0.0001 0.0001 0.0000 
22614236 5 1.0000 1.0000 1.0000 0.0670 0.0661 0.0639 0.3281 0.3272 0.3187 0.0033 0.0031 0.0030 
22614266 5 1.0000 1.0000 1.0000 0.3449 0.3422 0.3405 0.2805 0.2779 0.2763 0.0001 0.0001 0.0001 
22614352 2 1.0000 1.0000 1.0000 0.0252 0.0243 0.0236 0.5104 0.5097 0.5092 0.0005 0.0005 0.0005 
22614380 5 1.0000 1.0000 1.0000 0.0899 0.0884 0.0874 0.5366 0.5351 0.5342 0.0151 0.0149 0.0148 
22614404 2 1.0000 1.0000 1.0000 0.7534 0.7521 0.7509 0.1176 0.1162 0.1151 0.0001 0.0001 0.0001 
22614432 5 1.0000 1.0000 1.0000 0.1781 0.1766 0.1755 0.7587 0.7573 0.7562 0.0074 0.0072 0.0072 
22614500 2 1.0000 1.0000 1.0000 0.2321 0.2303 0.2289 0.2822 0.2805 0.2793 0.0002 0.0002 0.0002 
22614522 4 1.0000 1.0000 1.0000 0.0571 0.0552 0.0539 0.5763 0.5739 0.5722 0.0213 0.0204 0.0197 
22614544 2 1.0000 1.0000 1.0000 0.4108 0.4083 0.4064 0.3733 0.3709 0.3691 0.0003 0.0002 0.0002 
22614568 4 1.0000 1.0000 1.0000 0.2623 0.2593 0.2571 0.5596 0.5562 0.5540 0.0158 0.0154 0.0150 
22670094 6 1.0000 1.0000 1.0000 0.0131 0.0125 0.0106 0.3843 0.3838 0.3367 0.0051 0.0050 0.0044 
22670124 2 1.0000 1.0000 1.0000 0.0647 0.0638 0.0556 0.3771 0.3763 0.3313 0.0002 0.0002 0.0002 
22670148 6 1.0000 1.0000 1.0000 0.0509 0.0502 0.0439 0.3911 0.3904 0.3446 0.0094 0.0093 0.0081 
22670176 2 1.0000 1.0000 1.0000 0.1407 0.1397 0.1234 0.3359 0.3351 0.2966 0.0003 0.0003 0.0003 
22670278 4 1.0000 1.0000 1.0000 0.4142 0.4139 0.4054 0.0094 0.0092 0.0088 0.0002 0.0002 0.0001 
22670300 2 1.0000 1.0000 1.0000 0.0020 0.0018 0.0016 0.3694 0.3693 0.3580 0.0028 0.0027 0.0026 
22670324 4 1.0000 1.0000 1.0000 0.5054 0.5050 0.5045 0.0079 0.0076 0.0074 0.0000 0.0000 0.0000 
22670348 2 1.0000 1.0000 1.0000 0.0039 0.0037 0.0035 0.4692 0.4690 0.4645 0.0019 0.0018 0.0017 
22670442 1 1.0000 1.0000 1.0000 0.0028 0.0026 0.0023 0.1775 0.1765 0.1662 0.0559 0.0549 0.0514 
22670464 5 1.0000 1.0000 1.0000 0.1914 0.1895 0.1825 0.1669 0.1648 0.1586 0.0022 0.0020 0.0018 
22670488 1 1.0000 1.0000 1.0000 0.0979 0.0968 0.0960 0.4078 0.4063 0.4052 0.0232 0.0227 0.0223 
22670512 5 1.0000 1.0000 1.0000 0.3593 0.3578 0.3568 0.2694 0.2680 0.2670 0.0010 0.0008 0.0008 
22670620 2 1.0000 1.0000 1.0000 0.0253 0.0246 0.0213 0.3625 0.3612 0.3175 0.0282 0.0274 0.0237 
22670644 1 1.0000 1.0000 1.0000 0.0715 0.0710 0.0621 0.3605 0.3601 0.3168 0.0010 0.0009 0.0008 
22670672 2 1.0000 1.0000 1.0000 0.1302 0.1294 0.1163 0.4567 0.4559 0.4108 0.0240 0.0237 0.0212 
22670704 1 1.0000 1.0000 1.0000 0.4308 0.4288 0.3854 0.1506 0.1486 0.1328 0.0003 0.0003 0.0003 
22670808 4 1.0000 1.0000 1.0000 0.2569 0.2569 0.2213 0.0002 0.0002 0.0002 0.0002 0.0002 0.0002 
22670832 2 1.0000 1.0000 1.0000 0.0009 0.0008 0.0006 0.2520 0.2493 0.2151 0.0446 0.0420 0.0350 
22670856 5 1.0000 1.0000 1.0000 0.4121 0.4120 0.3618 0.0004 0.0003 0.0003 0.0002 0.0002 0.0002 
22670878 2 1.0000 1.0000 1.0000 0.0858 0.0846 0.0731 0.2337 0.2326 0.2021 0.0002 0.0002 0.0002 
22670978 4 1.0000 1.0000 1.0000 0.0151 0.0148 0.0138 0.2480 0.2471 0.2352 0.0158 0.0151 0.0140 
22671004 4 1.0000 1.0000 1.0000 0.0303 0.0299 0.0285 0.2507 0.2492 0.2408 0.0643 0.0632 0.0606 
22678448 2 1.0000 1.0000 1.0000 0.3493 0.3490 0.3367 0.0032 0.0031 0.0028 0.0003 0.0003 0.0002 
22678472 2 1.0000 1.0000 1.0000 0.2488 0.2480 0.2349 0.0216 0.0208 0.0192 0.0001 0.0001 0.0001 
22678496 2 1.0000 1.0000 1.0000 0.5969 0.5966 0.5964 0.0037 0.0035 0.0033 0.0002 0.0002 0.0002 
22678518 2 1.0000 1.0000 1.0000 0.2750 0.2732 0.2685 0.1498 0.1481 0.1450 0.0002 0.0002 0.0001 
22678622 1 1.0000 1.0000 1.0000 0.0032 0.0031 0.0027 0.1283 0.1282 0.1181 0.0014 0.0014 0.0012 
22678646 3 1.0000 1.0000 1.0000 0.0027 0.0026 0.0023 0.1485 0.1482 0.1373 0.0070 0.0068 0.0061 
22678670 1 1.0000 1.0000 1.0000 0.0020 0.0019 0.0016 0.1345 0.1333 0.1249 0.0825 0.0814 0.0760 
22678694 3 1.0000 1.0000 1.0000 0.0012 0.0011 0.0009 0.0927 0.0915 0.0853 0.1197 0.1186 0.1109 
22678788 2 1.0000 1.0000 1.0000 0.4381 0.4372 0.4365 0.1354 0.1345 0.1339 0.0001 0.0001 0.0001 
22678810 2 1.0000 1.0000 1.0000 0.3178 0.3170 0.3059 0.0364 0.0357 0.0340 0.0002 0.0002 0.0001 
22678832 2 1.0000 1.0000 1.0000 0.5285 0.5267 0.5253 0.2130 0.2113 0.2100 0.0002 0.0002 0.0002 
22678856 2 1.0000 1.0000 1.0000 0.4653 0.4645 0.4620 0.0174 0.0170 0.0166 0.0001 0.0000 0.0000 
22678952 4 1.0000 1.0000 1.0000 0.0757 0.0749 0.0645 0.2371 0.2362 0.2049 0.0006 0.0005 0.0005 
22678980 2 1.0000 1.0000 1.0000 0.0658 0.0648 0.0562 0.3040 0.3028 0.2646 0.0148 0.0144 0.0125 
22679008 4 1.0000 1.0000 1.0000 0.3476 0.3462 0.3095 0.2155 0.2141 0.1911 0.0001 0.0001 0.0001 
22679036 2 1.0000 1.0000 1.0000 0.4392 0.4381 0.3915 0.1152 0.1142 0.1015 0.0001 0.0001 0.0001 
24054996 1 1.0000 1.0000 1.0000 0.0029 0.0027 0.0024 0.2383 0.2376 0.2254 0.0269 0.0263 0.0246 
24055024 2 1.0000 1.0000 1.0000 0.0011 0.0010 0.0008 0.1622 0.1615 0.1511 0.0432 0.0424 0.0395 
24055052 1 1.0000 1.0000 1.0000 0.0012 0.0011 0.0009 0.0640 0.0631 0.0582 0.1013 0.1004 0.0931 
24055078 2 1.0000 1.0000 1.0000 0.0007 0.0006 0.0004 0.0528 0.0518 0.0475 0.0922 0.0913 0.0842 
24055148 5 1.0000 1.0000 1.0000 0.3681 0.3668 0.3659 0.2159 0.2148 0.2139 0.0002 0.0002 0.0001 
24055176 2 1.0000 1.0000 1.0000 0.0231 0.0224 0.0215 0.3610 0.3596 0.3529 0.0428 0.0419 0.0407 
24055204 5 1.0000 1.0000 1.0000 0.2263 0.2251 0.2181 0.1485 0.1474 0.1426 0.0000 0.0000 0.0000 
24055274 5 1.0000 1.0000 1.0000 0.5467 0.5462 0.4904 0.0457 0.0451 0.0402 0.0000 0.0000 0.0000 
24055328 3 1.0000 1.0000 1.0000 0.4950 0.4930 0.4423 0.0877 0.0856 0.0759 0.0003 0.0003 0.0002 
24055356 5 1.0000 1.0000 1.0000 0.0320 0.0312 0.0272 0.4895 0.4889 0.4354 0.0129 0.0128 0.0113 
24055382 3 1.0000 1.0000 1.0000 0.4254 0.4239 0.3744 0.0335 0.0321 0.0275 0.0005 0.0005 0.0004 
24055444 4 1.0000 1.0000 1.0000 0.1271 0.1267 0.1164 0.6725 0.6723 0.6193 0.0013 0.0013 0.0011 
24055464 4 1.0000 1.0000 1.0000 0.0000 0.0000 0.0000 0.2042 0.2029 0.1887 0.6981 0.6972 0.6507 
24055484 4 1.0000 1.0000 1.0000 0.1610 0.1603 0.1459 0.5638 0.5634 0.5139 0.0011 0.0011 0.0010 
24055502 4 1.0000 1.0000 1.0000 0.0002 0.0002 0.0002 0.1387 0.1378 0.1227 0.4172 0.4165 0.3720 
24055572 2 1.0000 1.0000 1.0000 0.4703 0.4699 0.4160 0.0110 0.0107 0.0092 0.0000 0.0000 0.0000 
24055600 4 1.0000 1.0000 1.0000 0.1273 0.1261 0.1105 0.2960 0.2949 0.2594 0.0010 0.0010 0.0008 
24055628 2 1.0000 1.0000 1.0000 0.0051 0.0049 0.0041 0.2898 0.2892 0.2508 0.0172 0.0167 0.0142 
24055654 4 1.0000 1.0000 1.0000 0.0253 0.0248 0.0212 0.2715 0.2708 0.2347 0.0119 0.0116 0.0098 
24055724 2 1.0000 1.0000 1.0000 0.1234 0.1215 0.1200 0.6046 0.6020 0.6003 0.0436 0.0428 0.0423 
24055752 2 1.0000 1.0000 1.0000 0.1575 0.1558 0.1545 0.5578 0.5559 0.5544 0.0183 0.0179 0.0176 
24055780 2 1.0000 1.0000 1.0000 0.2368 0.2351 0.2338 0.2964 0.2948 0.2937 0.0004 0.0004 0.0004 
24055806 2 1.0000 1.0000 1.0000 0.0659 0.0652 0.0622 0.2233 0.2220 0.2127 0.0315 0.0309 0.0293 
24055876 2 1.0000 1.0000 1.0000 0.7853 0.7853 0.7365 0.0008 0.0007 0.0006 0.0000 0.0000 0.0000 
24055904 2 1.0000 1.0000 1.0000 0.8535 0.8540 0.8171 0.0034 0.0033 0.0029 0.0000 0.0000 0.0000 
24055932 2 1.0000 1.0000 1.0000 0.0052 0.0049 0.0043 0.5922 0.5895 0.5348 0.0678 0.0645 0.0569 
24055958 2 1.0000 1.0000 1.0000 0.7179 0.7180 0.6573 0.0012 0.0011 0.0010 0.0000 0.0000 0.0000 
24058660 2 1.0000 1.0000 1.0000 0.0242 0.0235 0.0207 0.6063 0.6057 0.5467 0.0055 0.0052 0.0045 
24058686 4 1.0000 1.0000 1.0000 0.0083 0.0081 0.0071 0.5964 0.5949 0.5377 0.0511 0.0494 0.0436 
24058712 2 1.0000 1.0000 1.0000 0.2427 0.2399 0.2185 0.4683 0.4656 0.4256 0.0003 0.0003 0.0003 
24058738 4 1.0000 1.0000 1.0000 0.7863 0.7860 0.7366 0.0139 0.0134 0.0121 0.0000 0.0000 0.0000 
24065252 5 1.0000 1.0000 1.0000 0.3716 0.3702 0.3254 0.0643 0.0630 0.0547 0.0000 0.0000 0.0000 
24065270 1 1.0000 1.0000 1.0000 0.0007 0.0006 0.0004 0.2529 0.2503 0.2194 0.1893 0.1867 0.1632 
24065288 5 1.0000 1.0000 1.0000 0.0126 0.0124 0.0106 0.2366 0.2359 0.2038 0.0446 0.0439 0.0376 
24065308 1 1.0000 1.0000 1.0000 0.0622 0.0617 0.0600 0.3487 0.3484 0.3403 0.0002 0.0002 0.0001 
24065380 2 1.0000 1.0000 1.0000 0.7541 0.7540 0.6978 0.0077 0.0074 0.0066 0.0000 0.0000 0.0000 
24065408 4 1.0000 1.0000 1.0000 0.5781 0.5764 0.5287 0.1764 0.1746 0.1594 0.0004 0.0004 0.0003 
24065434 2 1.0000 1.0000 1.0000 0.1890 0.1872 0.1666 0.3595 0.3577 0.3195 0.0000 0.0000 0.0000 
24065460 4 1.0000 1.0000 1.0000 0.1176 0.1168 0.1042 0.4257 0.4247 0.3800 0.0212 0.0208 0.0184 
24065530 4 1.0000 1.0000 1.0000 0.1842 0.1827 0.1815 0.3411 0.3392 0.3378 0.0523 0.0517 0.0514 
24065556 2 1.0000 1.0000 1.0000 0.0385 0.0375 0.0366 0.4831 0.4815 0.4802 0.0358 0.0350 0.0344 
24065584 4 1.0000 1.0000 1.0000 0.1717 0.1708 0.1626 0.1196 0.1188 0.1129 0.0001 0.0001 0.0001 
24065612 2 1.0000 1.0000 1.0000 0.0127 0.0123 0.0116 0.3363 0.3352 0.3257 0.0313 0.0306 0.0292 
24065680 2 1.0000 1.0000 1.0000 0.2976 0.2974 0.2576 0.0022 0.0021 0.0018 0.0000 0.0000 0.0000 
24065708 5 1.0000 1.0000 1.0000 0.2648 0.2645 0.2288 0.0186 0.0184 0.0158 0.0000 0.0000 0.0000 
24065734 2 1.0000 1.0000 1.0000 0.0302 0.0299 0.0254 0.1593 0.1590 0.1359 0.0001 0.0001 0.0001 
24065760 5 1.0000 1.0000 1.0000 0.0036 0.0034 0.0028 0.1744 0.1741 0.1487 0.0067 0.0065 0.0054 
24065832 2 1.0000 1.0000 1.0000 0.2974 0.2955 0.2941 0.4808 0.4789 0.4776 0.0028 0.0026 0.0025 
24065860 2 1.0000 1.0000 1.0000 0.1692 0.1680 0.1670 0.5573 0.5551 0.5534 0.0844 0.0831 0.0822 
24065888 2 1.0000 1.0000 1.0000 0.1013 0.1002 0.0990 0.3652 0.3639 0.3615 0.0129 0.0126 0.0122 
24065914 2 1.0000 1.0000 1.0000 0.0952 0.0944 0.0934 0.3453 0.3438 0.3415 0.0446 0.0436 0.0427 
26933772 2 1.0000 1.0000 1.0000 0.0820 0.0816 0.0752 0.0627 0.0623 0.0574 0.0000 0.0000 0.0000 
26933800 4 1.0000 1.0000 1.0000 0.0086 0.0084 0.0076 0.1350 0.1343 0.1244 0.0285 0.0279 0.0256 
26933830 2 1.0000 1.0000 1.0000 0.2216 0.2210 0.2103 0.0677 0.0671 0.0636 0.0000 0.0000 0.0000 
26933860 4 1.0000 1.0000 1.0000 0.1199 0.1189 0.1131 0.1777 0.1766 0.1683 0.0040 0.0038 0.0036 
27829134 5 1.0000 1.0000 1.0000 0.1108 0.1097 0.0949 0.2077 0.2066 0.1794 0.0027 0.0026 0.0022 
27829160 1 1.0000 1.0000 1.0000 0.0322 0.0314 0.0269 0.3089 0.3076 0.2676 0.0081 0.0076 0.0063 
27829188 5 1.0000 1.0000 1.0000 0.2655 0.2639 0.2366 0.3038 0.3021 0.2711 0.0044 0.0043 0.0037 
27829216 1 1.0000 1.0000 1.0000 0.2235 0.2213 0.1974 0.3208 0.3187 0.2849 0.0005 0.0005 0.0004 
30011484 2 1.0000 1.0000 1.0000 0.0178 0.0174 0.0159 0.1952 0.1948 0.1825 0.0007 0.0007 0.0006 
30011508 4 1.0000 1.0000 1.0000 0.0995 0.0975 0.0898 0.0751 0.0731 0.0671 0.0003 0.0003 0.0003 
30011530 2 1.0000 1.0000 1.0000 0.0360 0.0351 0.0340 0.3312 0.3293 0.3231 0.0419 0.0407 0.0394 
30011552 4 1.0000 1.0000 1.0000 0.0881 0.0869 0.0847 0.3376 0.3365 0.3305 0.0001 0.0001 0.0000 
30011648 2 1.0000 1.0000 1.0000 0.0180 0.0173 0.0167 0.4554 0.4549 0.4506 0.0007 0.0007 0.0007 
30011674 5 1.0000 1.0000 1.0000 0.1124 0.1090 0.1067 0.3754 0.3722 0.3701 0.0001 0.0001 0.0001 
30011700 2 1.0000 1.0000 1.0000 0.0104 0.0099 0.0095 0.6544 0.6533 0.6523 0.0226 0.0217 0.0211 
30011728 5 1.0000 1.0000 1.0000 0.0886 0.0869 0.0855 0.6292 0.6275 0.6263 0.0021 0.0020 0.0019 
30011798 2 1.0000 1.0000 1.0000 0.0134 0.0130 0.0110 0.2653 0.2647 0.2290 0.0138 0.0135 0.0115 
30011824 4 1.0000 1.0000 1.0000 0.0332 0.0322 0.0277 0.3532 0.3519 0.3080 0.0130 0.0126 0.0108 
30011850 2 1.0000 1.0000 1.0000 0.1558 0.1543 0.1348 0.2468 0.2453 0.2149 0.0015 0.0015 0.0012 
30318068 4 1.0000 1.0000 1.0000 0.4968 0.4958 0.4449 0.0899 0.0889 0.0793 0.0000 0.0000 0.0000 
50993400 2 1.0000 1.0000 1.0000 0.7441 0.7424 0.7413 0.0931 0.0915 0.0904 0.0002 0.0002 0.0002 
50993424 2 1.0000 1.0000 1.0000 0.5866 0.5845 0.5832 0.1309 0.1289 0.1275 0.0001 0.0001 0.0001 
50993616 2 1.0000 1.0000 1.0000 0.8072 0.8036 0.8012 0.4757 0.4721 0.4697 0.0002 0.0002 0.0002 
50993644 2 1.0000 1.0000 1.0000 0.5683 0.5676 0.5671 0.0360 0.0353 0.0349 0.0000 0.0000 0.0000 
50993672 2 1.0000 1.0000 1.0000 0.5209 0.5203 0.4644 0.0238 0.0232 0.0204 0.0000 0.0000 0.0000 
50993696 2 1.0000 1.0000 1.0000 0.2257 0.2252 0.1940 0.0346 0.0342 0.0292 0.0000 0.0000 0.0000 
50993788 2 1.0000 1.0000 1.0000 0.4845 0.4840 0.4822 0.0121 0.0116 0.0111 0.0053 0.0051 0.0049 
50993816 2 1.0000 1.0000 1.0000 0.9148 0.9141 0.9141 0.0098 0.0093 0.0090 0.0008 0.0008 0.0007 
50993840 2 1.0000 1.0000 1.0000 0.3825 0.3821 0.3723 0.0127 0.0122 0.0114 0.0049 0.0046 0.0043 
50993868 2 1.0000 1.0000 1.0000 0.8055 0.8052 0.8050 0.0052 0.0049 0.0047 0.0007 0.0006 0.0006 
50993896 2 1.0000 1.0000 1.0000 0.5199 0.5193 0.5189 0.0128 0.0122 0.0118 0.0042 0.0040 0.0039 
50993920 2 0.8971 0.8971 0.8974 1.0000 1.0000 1.0000 0.0111 0.0106 0.0103 0.0007 0.0007 0.0007 
50993948 2 1.0000 1.0000 1.0000 0.3854 0.3849 0.3752 0.0127 0.0121 0.0114 0.0042 0.0040 0.0037 
50993976 2 1.0000 1.0000 1.0000 0.7165 0.7163 0.7161 0.0039 0.0036 0.0034 0.0006 0.0006 0.0005 
50994112 2 1.0000 1.0000 1.0000 0.0058 0.0054 0.0049 0.2573 0.2562 0.2446 0.0286 0.0278 0.0262 
50994136 1 1.0000 1.0000 1.0000 0.2066 0.2063 0.1933 0.0000 0.0000 0.0000 0.0000 0.0000 0.0000 
50994164 2 1.0000 1.0000 1.0000 0.0023 0.0021 0.0019 0.1435 0.1430 0.1327 0.0196 0.0192 0.0176 
50994192 1 1.0000 1.0000 1.0000 0.0073 0.0071 0.0064 0.0913 0.0909 0.0835 0.0276 0.0272 0.0250 
50994272 4 1.0000 1.0000 1.0000 0.0032 0.0031 0.0027 0.1431 0.1424 0.1327 0.0389 0.0383 0.0354 
50994300 2 1.0000 1.0000 1.0000 0.0013 0.0012 0.0010 0.0775 0.0771 0.0708 0.0472 0.0469 0.0430 
50994328 2 1.0000 1.0000 1.0000 0.0121 0.0118 0.0110 0.2300 0.2289 0.2178 0.0407 0.0398 0.0375 
50994352 4 1.0000 1.0000 1.0000 0.0442 0.0435 0.0412 0.2627 0.2619 0.2505 0.0056 0.0054 0.0050 
50994380 2 1.0000 1.0000 1.0000 0.0028 0.0027 0.0024 0.1168 0.1163 0.1073 0.0224 0.0220 0.0201 
50994408 2 1.0000 1.0000 1.0000 0.0037 0.0036 0.0032 0.1107 0.1102 0.1015 0.0163 0.0160 0.0145 
50994536 2 1.0000 1.0000 1.0000 0.0613 0.0606 0.0538 0.4243 0.4231 0.3779 0.0554 0.0548 0.0487 
50994560 2 1.0000 1.0000 1.0000 0.1265 0.1249 0.1079 0.1788 0.1773 0.1535 0.0002 0.0002 0.0002 
50994588 2 1.0000 1.0000 1.0000 0.1714 0.1694 0.1503 0.3354 0.3332 0.2968 0.0099 0.0096 0.0084 
50994616 2 1.0000 1.0000 1.0000 0.0516 0.0510 0.0441 0.3006 0.2997 0.2617 0.0147 0.0144 0.0124 
50994704 1 1.0000 1.0000 1.0000 0.2396 0.2393 0.2258 0.0004 0.0004 0.0003 0.0005 0.0005 0.0004 
50994732 1 1.0000 1.0000 1.0000 0.0335 0.0328 0.0318 0.3661 0.3649 0.3597 0.0418 0.0413 0.0404 
50994760 1 1.0000 1.0000 1.0000 0.3701 0.3698 0.3587 0.0005 0.0004 0.0004 0.0006 0.0006 0.0005 
50994788 1 1.0000 1.0000 1.0000 0.1719 0.1712 0.1623 0.0995 0.0989 0.0936 0.0002 0.0002 0.0002 
50994816 1 1.0000 1.0000 1.0000 0.0344 0.0336 0.0320 0.3134 0.3122 0.3029 0.0266 0.0261 0.0251 
50994840 4 1.0000 1.0000 1.0000 0.3202 0.3194 0.3095 0.0484 0.0476 0.0457 0.0000 0.0000 0.0000 
50994868 1 1.0000 1.0000 1.0000 0.0686 0.0676 0.0634 0.1879 0.1870 0.1767 0.0007 0.0006 0.0006 
50994896 4 1.0000 1.0000 1.0000 0.1243 0.1235 0.1163 0.1274 0.1267 0.1194 0.0001 0.0000 0.0000 
50995760 2 1.0000 1.0000 1.0000 0.0149 0.0143 0.0138 0.4705 0.4698 0.4678 0.0041 0.0039 0.0037 
50995788 2 1.0000 1.0000 1.0000 0.0330 0.0324 0.0306 0.2680 0.2675 0.2555 0.0003 0.0003 0.0003 
50995872 1 1.0000 1.0000 1.0000 0.0736 0.0723 0.0714 0.6427 0.6413 0.6403 0.0080 0.0077 0.0075 
50995900 1 1.0000 1.0000 1.0000 0.0065 0.0063 0.0060 0.4009 0.3998 0.3954 0.0445 0.0435 0.0424 
50995964 2 1.0000 1.0000 1.0000 0.1100 0.1090 0.1083 0.4776 0.4765 0.4758 0.0031 0.0029 0.0027 
50995992 2 1.0000 1.0000 1.0000 0.0401 0.0393 0.0379 0.3554 0.3544 0.3463 0.0069 0.0066 0.0063 
50996056 2 1.0000 1.0000 1.0000 0.1331 0.1323 0.1163 0.2996 0.2989 0.2632 0.0005 0.0005 0.0004 
50996084 2 1.0000 1.0000 1.0000 0.0312 0.0305 0.0265 0.3999 0.3987 0.3518 0.0195 0.0189 0.0164 
50996112 2 1.0000 1.0000 1.0000 0.0095 0.0090 0.0075 0.2608 0.2600 0.2248 0.0141 0.0136 0.0115 
50996136 2 1.0000 1.0000 1.0000 0.0139 0.0133 0.0112 0.2907 0.2899 0.2517 0.0143 0.0139 0.0119 
50996200 2 1.0000 1.0000 1.0000 0.1021 0.1011 0.0997 0.3097 0.3082 0.3053 0.0523 0.0517 0.0511 
50996228 2 1.0000 1.0000 1.0000 0.0524 0.0518 0.0487 0.1719 0.1708 0.1616 0.0364 0.0358 0.0337 
50996324 1 1.0000 1.0000 1.0000 0.0664 0.0656 0.0644 0.3634 0.3623 0.3583 0.0255 0.0251 0.0246 
50996352 4 1.0000 1.0000 1.0000 0.1121 0.1112 0.1105 0.3228 0.3210 0.3198 0.0452 0.0442 0.0436 
50996380 1 1.0000 1.0000 1.0000 0.0124 0.0118 0.0107 0.2480 0.2472 0.2344 0.0077 0.0074 0.0069 
50996408 4 1.0000 1.0000 1.0000 0.0089 0.0085 0.0077 0.2320 0.2314 0.2189 0.0169 0.0166 0.0155 
50996708 2 1.0000 1.0000 1.0000 0.3104 0.3090 0.2704 0.0775 0.0762 0.0660 0.0000 0.0000 0.0000 
50996736 2 1.0000 1.0000 1.0000 0.2801 0.2794 0.2425 0.0373 0.0367 0.0315 0.0000 0.0000 0.0000 
50996800 2 0.9651 0.9653 0.9614 1.0000 1.0000 1.0000 0.0682 0.0663 0.0625 0.0000 0.0000 0.0000 
50996828 2 1.0000 1.0000 1.0000 0.3728 0.3711 0.3332 0.2109 0.2093 0.1875 0.0001 0.0001 0.0001 
50996856 2 1.0000 1.0000 1.0000 0.8623 0.8623 0.8263 0.0241 0.0234 0.0214 0.0000 0.0000 0.0000 
50996880 2 1.0000 1.0000 1.0000 0.4216 0.4196 0.3746 0.1106 0.1088 0.0963 0.0000 0.0000 0.0000 
50996944 2 1.0000 1.0000 1.0000 0.1838 0.1822 0.1606 0.2635 0.2620 0.2313 0.0003 0.0003 0.0003 
50996972 2 1.0000 1.0000 1.0000 0.1518 0.1508 0.1337 0.3492 0.3482 0.3095 0.0002 0.0002 0.0002 
50997000 2 1.0000 1.0000 1.0000 0.0661 0.0656 0.0569 0.2840 0.2836 0.2471 0.0003 0.0003 0.0003 
50997024 2 1.0000 1.0000 1.0000 0.0809 0.0799 0.0688 0.2049 0.2040 0.1764 0.0001 0.0001 0.0001 
50997052 1 1.0000 1.0000 1.0000 0.0097 0.0092 0.0088 0.7845 0.7836 0.7831 0.0215 0.0206 0.0199 
50997080 1 1.0000 1.0000 1.0000 0.0955 0.0941 0.0929 0.9179 0.9166 0.9153 0.0072 0.0069 0.0066 
50997108 2 1.0000 1.0000 1.0000 0.2266 0.2250 0.2237 0.7753 0.7739 0.7727 0.0008 0.0007 0.0007 
50997136 2 1.0000 1.0000 1.0000 0.3588 0.3543 0.3512 0.2362 0.2317 0.2287 0.0001 0.0001 0.0001 
50997224 2 1.0000 1.0000 1.0000 0.3396 0.3379 0.3367 0.1629 0.1612 0.1601 0.0000 0.0000 0.0000 
50997248 2 1.0000 1.0000 1.0000 0.1054 0.1040 0.1029 0.4968 0.4949 0.4935 0.0314 0.0306 0.0302 
50997276 2 1.0000 1.0000 1.0000 0.0765 0.0754 0.0719 0.2366 0.2353 0.2263 0.0205 0.0202 0.0193 
50997304 2 1.0000 1.0000 1.0000 0.0678 0.0666 0.0643 0.2911 0.2895 0.2828 0.0432 0.0428 0.0416 
50997432 2 1.0000 1.0000 1.0000 0.5532 0.5520 0.5027 0.1391 0.1379 0.1252 0.0001 0.0000 0.0000 
50997460 4 1.0000 1.0000 1.0000 0.1202 0.1185 0.1070 0.5316 0.5294 0.4815 0.0246 0.0238 0.0213 
50997488 2 1.0000 1.0000 1.0000 0.1039 0.1026 0.0903 0.3413 0.3397 0.3005 0.0248 0.0244 0.0215 
50997516 4 1.0000 1.0000 1.0000 0.0390 0.0383 0.0334 0.3833 0.3820 0.3381 0.0492 0.0485 0.0426 
50997596 2 1.0000 1.0000 1.0000 0.1021 0.1011 0.0894 0.4067 0.4058 0.3605 0.0009 0.0008 0.0007 
50997624 2 1.0000 1.0000 1.0000 0.2857 0.2852 0.2482 0.0493 0.0489 0.0423 0.0000 0.0000 0.0000 
50997652 2 1.0000 1.0000 1.0000 0.0354 0.0347 0.0300 0.3523 0.3517 0.3079 0.0003 0.0002 0.0002 
50997680 2 1.0000 1.0000 1.0000 0.2512 0.2511 0.2162 0.0015 0.0015 0.0012 0.0000 0.0000 0.0000 
50997744 3 1.0000 1.0000 1.0000 0.1066 0.1058 0.0946 0.4743 0.4732 0.4249 0.0069 0.0066 0.0057 
50997768 3 1.0000 1.0000 1.0000 0.0471 0.0462 0.0410 0.4865 0.4854 0.4357 0.0478 0.0473 0.0423 
50997796 3 1.0000 1.0000 1.0000 0.0041 0.0039 0.0033 0.3470 0.3466 0.3024 0.0069 0.0065 0.0055 
50997824 3 1.0000 1.0000 1.0000 0.0052 0.0049 0.0041 0.3366 0.3363 0.2928 0.0024 0.0022 0.0018 
50998032 2 1.0000 1.0000 1.0000 0.3713 0.3705 0.3647 0.0653 0.0645 0.0631 0.0000 0.0000 0.0000 
50998060 5 1.0000 1.0000 1.0000 0.2840 0.2816 0.2798 0.3515 0.3492 0.3476 0.0004 0.0004 0.0003 
50998088 2 1.0000 1.0000 1.0000 0.5426 0.5413 0.5403 0.1234 0.1221 0.1212 0.0000 0.0000 0.0000 
50998112 5 1.0000 1.0000 1.0000 0.1715 0.1695 0.1676 0.3025 0.3007 0.2987 0.0010 0.0009 0.0009 
50998176 2 1.0000 1.0000 1.0000 0.3629 0.3613 0.3217 0.1536 0.1521 0.1348 0.0000 0.0000 0.0000 
50998204 2 1.0000 1.0000 1.0000 0.1172 0.1166 0.1037 0.4097 0.4089 0.3647 0.0071 0.0069 0.0060 
50998232 2 1.0000 1.0000 1.0000 0.3869 0.3864 0.3388 0.0153 0.0149 0.0129 0.0000 0.0000 0.0000 
50998256 2 1.0000 1.0000 1.0000 0.0345 0.0338 0.0292 0.3631 0.3623 0.3179 0.0085 0.0084 0.0072 
50998320 1 1.0000 1.0000 1.0000 0.1237 0.1228 0.1222 0.5650 0.5629 0.5617 0.0352 0.0339 0.0330 
50998348 1 1.0000 1.0000 1.0000 0.0016 0.0015 0.0012 0.1307 0.1295 0.1213 0.0794 0.0782 0.0730 
50998412 2 1.0000 1.0000 1.0000 0.4065 0.4059 0.3582 0.0477 0.0472 0.0414 0.0001 0.0001 0.0001 
50998440 2 1.0000 1.0000 1.0000 0.2612 0.2584 0.2281 0.1877 0.1849 0.1628 0.0000 0.0000 0.0000 
50998468 2 1.0000 1.0000 1.0000 0.0737 0.0733 0.0633 0.2347 0.2343 0.2032 0.0006 0.0006 0.0005 
50998496 2 1.0000 1.0000 1.0000 0.3403 0.3402 0.2962 0.0015 0.0015 0.0012 0.0001 0.0001 0.0000 
50998580 2 1.0000 1.0000 1.0000 0.0956 0.0944 0.0823 0.2915 0.2903 0.2544 0.0045 0.0043 0.0037 
50998608 1 1.0000 1.0000 1.0000 0.0211 0.0205 0.0176 0.2975 0.2961 0.2597 0.0789 0.0781 0.0681 
50998632 2 1.0000 1.0000 1.0000 0.0060 0.0058 0.0049 0.2161 0.2155 0.1855 0.0269 0.0264 0.0225 
50998660 1 1.0000 1.0000 1.0000 0.0109 0.0105 0.0088 0.2338 0.2330 0.2009 0.0194 0.0189 0.0160 
50998980 5 1.0000 1.0000 1.0000 0.0077 0.0074 0.0068 0.1446 0.1437 0.1337 0.0279 0.0272 0.0250 
50999008 5 1.0000 1.0000 1.0000 0.0017 0.0016 0.0014 0.0938 0.0936 0.0856 0.0058 0.0056 0.0051 
50999096 2 1.0000 1.0000 1.0000 0.1824 0.1813 0.1736 0.1328 0.1318 0.1261 0.0002 0.0002 0.0002 
50999120 1 1.0000 1.0000 1.0000 0.0074 0.0072 0.0069 0.3897 0.3886 0.3868 0.0854 0.0845 0.0836 
50999148 2 1.0000 1.0000 1.0000 0.0098 0.0096 0.0089 0.2213 0.2206 0.2091 0.0324 0.0319 0.0300 
50999176 1 1.0000 1.0000 1.0000 0.0099 0.0096 0.0090 0.3079 0.3073 0.2957 0.0131 0.0127 0.0120 
50999248 2 1.0000 1.0000 1.0000 0.0123 0.0119 0.0113 0.3887 0.3877 0.3811 0.0301 0.0295 0.0287 
50999272 1 1.0000 1.0000 1.0000 0.0075 0.0073 0.0071 0.3937 0.3922 0.3912 0.1493 0.1478 0.1469 
50999300 2 1.0000 1.0000 1.0000 0.0059 0.0057 0.0053 0.2621 0.2614 0.2498 0.0343 0.0337 0.0319 
50999328 1 1.0000 1.0000 1.0000 0.0057 0.0055 0.0051 0.2549 0.2540 0.2438 0.0619 0.0611 0.0583 
50999432 5 1.0000 1.0000 1.0000 0.4665 0.4660 0.4130 0.0203 0.0197 0.0172 0.0000 0.0000 0.0000 
50999460 5 1.0000 1.0000 1.0000 0.0306 0.0302 0.0260 0.3262 0.3258 0.2844 0.0079 0.0078 0.0068 
51048736 3 1.0000 1.0000 1.0000 0.0403 0.0391 0.0381 0.6706 0.6685 0.6668 0.0744 0.0731 0.0722 
51048764 3 1.0000 1.0000 1.0000 0.0805 0.0792 0.0774 0.3674 0.3660 0.3614 0.0061 0.0059 0.0057 
51048892 2 1.0000 1.0000 1.0000 0.1706 0.1697 0.1523 0.4232 0.4223 0.3795 0.0066 0.0064 0.0056 
51048920 2 1.0000 1.0000 1.0000 0.0839 0.0830 0.0743 0.4858 0.4846 0.4370 0.0530 0.0525 0.0472 
51048944 2 1.0000 1.0000 1.0000 0.2976 0.2955 0.2611 0.1699 0.1679 0.1478 0.0002 0.0002 0.0001 
51048972 2 1.0000 1.0000 1.0000 0.0565 0.0557 0.0487 0.3688 0.3677 0.3242 0.0191 0.0188 0.0164 
51049052 2 1.0000 1.0000 1.0000 0.5383 0.5374 0.4844 0.0870 0.0861 0.0772 0.0003 0.0003 0.0002 
51049080 2 1.0000 1.0000 1.0000 0.2385 0.2364 0.2143 0.4362 0.4342 0.3945 0.0025 0.0024 0.0021 
51049108 2 1.0000 1.0000 1.0000 0.3980 0.3974 0.3489 0.0162 0.0157 0.0135 0.0000 0.0000 0.0000 
51049136 2 1.0000 1.0000 1.0000 0.2247 0.2218 0.1958 0.2545 0.2516 0.2225 0.0001 0.0001 0.0000 
51049248 2 1.0000 1.0000 1.0000 0.0844 0.0830 0.0713 0.2260 0.2246 0.1944 0.0002 0.0002 0.0001 
51049276 2 1.0000 1.0000 1.0000 0.1647 0.1631 0.1428 0.2471 0.2455 0.2156 0.0004 0.0003 0.0003 
51049464 2 1.0000 1.0000 1.0000 0.1003 0.0989 0.0979 0.5673 0.5651 0.5637 0.0372 0.0363 0.0357 
51049488 2 1.0000 1.0000 1.0000 0.5622 0.5619 0.5619 0.0004 0.0004 0.0004 0.0003 0.0003 0.0002 
51049516 2 1.0000 1.0000 1.0000 0.0705 0.0696 0.0680 0.3612 0.3602 0.3548 0.0073 0.0071 0.0068 
51049544 2 1.0000 1.0000 1.0000 0.3829 0.3828 0.3716 0.0002 0.0001 0.0001 0.0002 0.0002 0.0002 
51049628 2 1.0000 1.0000 1.0000 0.3591 0.3564 0.3545 0.3408 0.3382 0.3363 0.0010 0.0010 0.0009 
51049656 2 1.0000 1.0000 1.0000 0.7423 0.7420 0.7420 0.0015 0.0014 0.0013 0.0002 0.0002 0.0002 
51049680 2 1.0000 1.0000 1.0000 0.0492 0.0483 0.0467 0.3583 0.3571 0.3502 0.0147 0.0143 0.0138 
51070196 2 1.0000 1.0000 1.0000 0.3674 0.3672 0.3554 0.0006 0.0005 0.0005 0.0002 0.0002 0.0002 
53580612 2 1.0000 1.0000 1.0000 0.4605 0.4583 0.4128 0.1420 0.1398 0.1250 0.0003 0.0003 0.0002 
53580640 3 1.0000 1.0000 1.0000 0.1089 0.1081 0.0977 0.5237 0.5225 0.4738 0.0297 0.0291 0.0261 
53580664 2 1.0000 1.0000 1.0000 0.0324 0.0318 0.0277 0.4061 0.4053 0.3574 0.0096 0.0093 0.0080 
53580692 3 1.0000 1.0000 1.0000 0.0102 0.0097 0.0082 0.3560 0.3547 0.3112 0.0355 0.0345 0.0298 
53580804 5 1.0000 1.0000 1.0000 0.1916 0.1904 0.1695 0.3384 0.3372 0.3007 0.0026 0.0026 0.0022 
53580832 2 1.0000 1.0000 1.0000 0.2351 0.2338 0.2083 0.2915 0.2902 0.2588 0.0006 0.0006 0.0005 
53580856 5 1.0000 1.0000 1.0000 0.0144 0.0139 0.0117 0.3028 0.3019 0.2626 0.0167 0.0162 0.0139 
53580884 2 1.0000 1.0000 1.0000 0.0835 0.0828 0.0717 0.2411 0.2405 0.2090 0.0001 0.0001 0.0001 
53580980 1 1.0000 1.0000 1.0000 0.0177 0.0173 0.0167 0.3933 0.3922 0.3873 0.0373 0.0365 0.0357 
53581008 1 1.0000 1.0000 1.0000 0.0272 0.0265 0.0255 0.3613 0.3600 0.3532 0.0284 0.0277 0.0267 
53581032 1 1.0000 1.0000 1.0000 0.0085 0.0082 0.0077 0.2998 0.2989 0.2893 0.0484 0.0478 0.0459 
53581060 1 1.0000 1.0000 1.0000 0.0085 0.0082 0.0076 0.2889 0.2880 0.2773 0.0364 0.0357 0.0340 
53581124 1 1.0000 1.0000 1.0000 0.0639 0.0630 0.0608 0.3018 0.3003 0.2925 0.0232 0.0225 0.0216 
53581152 1 1.0000 1.0000 1.0000 0.0661 0.0656 0.0614 0.1583 0.1577 0.1481 0.0020 0.0019 0.0017 
53581236 1 1.0000 1.0000 1.0000 0.1252 0.1241 0.1232 0.6314 0.6302 0.6292 0.0161 0.0159 0.0157 
53581264 1 1.0000 1.0000 1.0000 0.0865 0.0854 0.0838 0.3626 0.3614 0.3575 0.0089 0.0087 0.0085 
53581380 1 1.0000 1.0000 1.0000 0.0925 0.0910 0.0899 0.6026 0.5992 0.5971 0.1126 0.1105 0.1092 
53581408 6 1.0000 1.0000 1.0000 0.0410 0.0398 0.0389 0.5590 0.5570 0.5557 0.1213 0.1203 0.1196 
53581432 1 1.0000 1.0000 1.0000 0.0069 0.0066 0.0063 0.4756 0.4749 0.4738 0.0159 0.0153 0.0149 
53581460 6 1.0000 1.0000 1.0000 0.0088 0.0083 0.0078 0.3986 0.3981 0.3892 0.0044 0.0042 0.0040 
53581768 1 1.0000 1.0000 1.0000 0.0051 0.0049 0.0046 0.3324 0.3311 0.3275 0.1157 0.1146 0.1128 
53581796 1 1.0000 1.0000 1.0000 0.0577 0.0569 0.0535 0.2123 0.2115 0.2007 0.0003 0.0003 0.0003 
53581860 1 1.0000 1.0000 1.0000 0.3122 0.3119 0.2984 0.0005 0.0005 0.0004 0.0002 0.0001 0.0001 
53581888 2 1.0000 1.0000 1.0000 0.3593 0.3585 0.3489 0.0290 0.0282 0.0269 0.0002 0.0002 0.0002 
53581912 1 1.0000 1.0000 1.0000 0.0118 0.0114 0.0104 0.1754 0.1748 0.1632 0.0113 0.0109 0.0100 
53581940 2 1.0000 1.0000 1.0000 0.0078 0.0075 0.0069 0.2357 0.2351 0.2225 0.0162 0.0158 0.0147 
53582304 1 1.0000 1.0000 1.0000 0.0145 0.0139 0.0135 0.6000 0.5980 0.5964 0.0678 0.0661 0.0649 
53582332 1 1.0000 1.0000 1.0000 0.0060 0.0058 0.0055 0.3932 0.3923 0.3873 0.0534 0.0525 0.0514 
53582396 1 1.0000 1.0000 1.0000 0.1075 0.1062 0.1053 0.5875 0.5853 0.5839 0.0221 0.0210 0.0202 
53582424 2 1.0000 1.0000 1.0000 0.1615 0.1607 0.1601 0.3854 0.3844 0.3837 0.0076 0.0073 0.0071 
53582448 1 1.0000 1.0000 1.0000 0.0137 0.0131 0.0123 0.3263 0.3254 0.3148 0.0201 0.0196 0.0187 
53582476 2 1.0000 1.0000 1.0000 0.0504 0.0498 0.0474 0.2715 0.2709 0.2598 0.0011 0.0010 0.0010 
53582540 1 1.0000 1.0000 1.0000 0.0426 0.0417 0.0408 0.3776 0.3760 0.3730 0.0472 0.0464 0.0456 
53582568 1 1.0000 1.0000 1.0000 0.0061 0.0059 0.0054 0.2548 0.2544 0.2412 0.0065 0.0063 0.0058 
53582656 5 1.0000 1.0000 1.0000 0.2264 0.2257 0.2133 0.0236 0.0233 0.0219 0.0003 0.0002 0.0002 
53582684 5 1.0000 1.0000 1.0000 0.2026 0.2017 0.1914 0.0689 0.0683 0.0646 0.0004 0.0004 0.0004 
53582712 2 1.0000 1.0000 1.0000 0.6819 0.6787 0.6763 0.3135 0.3102 0.3079 0.0004 0.0003 0.0003 
53582736 2 1.0000 1.0000 1.0000 0.4401 0.4397 0.4327 0.0047 0.0044 0.0041 0.0008 0.0008 0.0007 
53582764 2 1.0000 1.0000 1.0000 0.7509 0.7491 0.7475 0.1172 0.1153 0.1139 0.0002 0.0002 0.0002 
53582792 2 1.0000 1.0000 1.0000 0.4128 0.4125 0.4034 0.0035 0.0033 0.0030 0.0008 0.0007 0.0007 
53582816 2 1.0000 1.0000 1.0000 0.6252 0.6239 0.6230 0.0536 0.0523 0.0514 0.0002 0.0002 0.0002 
53586360 1 1.0000 1.0000 1.0000 0.1079 0.1069 0.1037 0.2867 0.2856 0.2784 0.0023 0.0022 0.0021 
53586388 1 1.0000 1.0000 1.0000 0.0591 0.0580 0.0571 0.5501 0.5486 0.5475 0.0238 0.0231 0.0226 
53586416 1 1.0000 1.0000 1.0000 0.0375 0.0369 0.0345 0.2199 0.2193 0.2074 0.0010 0.0009 0.0008 
53586440 1 1.0000 1.0000 1.0000 0.0494 0.0486 0.0478 0.4807 0.4800 0.4795 0.0010 0.0009 0.0009 
53586724 2 1.0000 1.0000 1.0000 0.2009 0.1998 0.1841 0.6045 0.6041 0.5570 0.0012 0.0011 0.0010 
53586752 2 1.0000 1.0000 1.0000 0.6192 0.6191 0.5591 0.0009 0.0009 0.0008 0.0004 0.0004 0.0003 
53586776 2 1.0000 1.0000 1.0000 0.0207 0.0202 0.0175 0.4861 0.4850 0.4313 0.0098 0.0091 0.0077 
53586804 2 1.0000 1.0000 1.0000 0.4952 0.4952 0.4393 0.0004 0.0003 0.0003 0.0003 0.0003 0.0003 
53586868 2 1.0000 1.0000 1.0000 0.1851 0.1840 0.1726 0.7562 0.7560 0.7102 0.0028 0.0026 0.0024 
53586896 2 1.0000 1.0000 1.0000 0.0154 0.0146 0.0129 0.7089 0.7090 0.6474 0.0120 0.0116 0.0104 
53586960 2 1.0000 1.0000 1.0000 0.1975 0.1963 0.1745 0.3170 0.3158 0.2813 0.0006 0.0005 0.0005 
53586988 2 1.0000 1.0000 1.0000 0.0549 0.0541 0.0488 0.6189 0.6183 0.5631 0.0298 0.0290 0.0260 
53587016 2 1.0000 1.0000 1.0000 0.1590 0.1569 0.1378 0.2685 0.2665 0.2349 0.0000 0.0000 0.0000 
53587040 2 1.0000 1.0000 1.0000 0.0069 0.0067 0.0059 0.4644 0.4597 0.4155 0.1156 0.1109 0.0985 
53587104 2 1.0000 1.0000 1.0000 0.0638 0.0631 0.0554 0.4033 0.4024 0.3558 0.0053 0.0050 0.0042 
53587132 2 1.0000 1.0000 1.0000 0.0195 0.0189 0.0162 0.3453 0.3440 0.3010 0.0204 0.0196 0.0167 
53587428 2 1.0000 1.0000 1.0000 0.1665 0.1652 0.1642 0.5266 0.5246 0.5234 0.0479 0.0470 0.0465 
53587456 2 1.0000 1.0000 1.0000 0.1241 0.1225 0.1213 0.8408 0.8389 0.8373 0.0311 0.0303 0.0299 
53587480 2 1.0000 1.0000 1.0000 0.0865 0.0854 0.0837 0.3511 0.3498 0.3453 0.0087 0.0084 0.0081 
53587508 2 1.0000 1.0000 1.0000 0.0197 0.0189 0.0183 0.5847 0.5830 0.5818 0.0520 0.0508 0.0500 
53587572 2 1.0000 1.0000 1.0000 0.5072 0.5050 0.4586 0.1508 0.1488 0.1343 0.0001 0.0001 0.0001 
53587600 2 1.0000 1.0000 1.0000 0.3566 0.3537 0.3173 0.2085 0.2057 0.1839 0.0000 0.0000 0.0000 
53587664 2 1.0000 1.0000 1.0000 0.3536 0.3535 0.3082 0.0003 0.0003 0.0002 0.0001 0.0001 0.0001 
53587688 1 1.0000 1.0000 1.0000 0.1033 0.1023 0.0913 0.4862 0.4853 0.4358 0.0024 0.0023 0.0020 
53587716 2 1.0000 1.0000 1.0000 0.4104 0.4102 0.3602 0.0010 0.0010 0.0008 0.0001 0.0001 0.0001 
53587744 1 1.0000 1.0000 1.0000 0.0047 0.0044 0.0037 0.4547 0.4540 0.4014 0.0125 0.0119 0.0102 
