Precisão média por imagem
0.618
0.551
0.539
0.528
0.512
0.501
0.502
0.519
0.559
0.587
0.566
0.549
0.541
0.534
0.532
0.528
0.523
0.521
0.519
0.521
0.521
0.538
0.538
0.537
0.537
0.536
0.535
0.534
0.534
0.529
0.530
0.527
0.525
0.523
0.521
0.519
0.518
0.517
0.517
0.514
0.512
0.509
0.518
0.518
0.521
0.518
0.522
0.522
0.520
0.519
0.518
0.521
0.520
0.518
0.517
0.516
0.521
0.519
0.526
0.524
0.524
0.522
0.523
0.521
0.521
0.521
0.520
0.518
0.517
0.515
0.515
0.514
0.512
0.512
0.512
0.513
0.513
0.513
0.515
0.515
0.515
0.514
0.513
0.512
0.511
0.510
0.509
0.508
0.507
0.513
0.512
0.519
0.517
0.518
0.517
0.516
0.521
0.520
0.522
0.521
0.523
0.522
0.523
0.522
0.523
0.525
0.524
0.523
0.522
0.521
0.520
0.520
0.519
0.519
0.519
0.518
0.518
0.517
0.516
0.516
0.515
0.516
0.516
0.515
0.519
0.520
0.523
0.524
0.523
0.523
0.523
0.523
0.524
0.527
0.528
0.531
0.530
0.531
0.530
0.532
0.531
0.530
0.529
0.528
0.528
0.527
0.527
0.526
0.526
0.525
0.525
0.525
0.524
0.524
0.523
0.525
0.525
0.525
0.524
0.523
0.522
0.523
0.524
0.527
0.530
0.529
0.531
0.530
0.530
0.531
0.531
0.530
0.530
0.530
0.529
0.532
0.531
0.532
0.532
0.531
0.531
0.531
0.530
0.531
0.531
0.530
0.530
0.530
0.530
0.530
0.531
0.530
0.530
0.530
0.530
0.530
0.529
0.529
0.528
0.528
0.527
0.527
0.527
0.527
0.526
0.526
0.525
0.525
0.525
0.526
0.525
0.527
0.529
0.531
0.533
0.533
0.534
0.535
0.537
0.539
0.541
0.542
0.544
0.545
0.547
0.547
0.546
0.546
0.545
0.545
0.544
0.544
0.544
0.543
0.543
0.542
0.542
0.542
0.542
0.541
0.541
0.541
0.540
0.540
0.539
0.539
0.539
0.538
0.538
0.538
0.538
0.538
0.538
0.538
0.537
0.537
0.537
0.537
0.537
0.537
0.536
0.536
0.536
0.537
0.538
0.539
0.540
0.542
0.543
0.543
0.544
0.544
0.543
0.543
0.543
0.542
0.543
0.543
0.543
0.543
0.543
0.544
0.544
0.544
0.543
0.544
0.544
0.544
0.545
0.544
0.544
0.544
0.544
0.545
0.545
0.546
0.546
0.546
0.547
0.548
0.547
0.547
0.547
0.548
0.548
0.548
0.549
0.549
0.549
0.549
0.548
0.548
0.548
0.548
0.548
0.547
0.547
0.547
0.547
0.547
0.546
0.546
0.546
0.546
0.546
0.546
0.546
0.546
0.546
0.546
0.547
0.548
0.548
0.548
0.548
0.548
0.548
0.548
0.549
0.549
0.551
0.550
0.551
0.552
0.552
0.551
0.551
0.551
0.551
0.551
0.551
0.551
0.551
0.551
0.551
0.550
0.550
0.550
0.549
0.549
0.549
0.549
0.549
0.549
0.549
0.548
0.549
0.549
0.549
0.549
0.549
0.548
0.549
0.549
0.548
0.548
0.548
0.548
0.548
0.549
0.549
0.550
0.551
0.552
0.551
0.551
0.551
0.551
0.550
0.551
0.551
0.551
0.551
0.550
0.551
0.550
0.550
0.550
0.550
0.550
0.550
0.549
0.549
0.549
0.549
0.549
0.550
0.550
0.550
0.550