Precisão média por imagem
0.447
0.467
0.468
0.462
0.467
0.454
0.452
0.439
0.439
0.440
0.433
0.425
0.416
0.408
0.398
0.392
0.389
0.386
0.386
0.387
0.384
0.379
0.376
0.375
0.374
0.372
0.367
0.364
0.360
0.357
0.356
0.351
0.355
0.359
0.356
0.354
0.352
0.350
0.349
0.345
0.342
0.346
0.343
0.341
0.340
0.339
0.338
0.337
0.335
0.338
0.340
0.338
0.340
0.340
0.343
0.345
0.344
0.343
0.343
0.343
0.347
0.350
0.353
0.353
0.353
0.355
0.357
0.355
0.357
0.358
0.360
0.360
0.358
0.356
0.359
0.359
0.358
0.356
0.356
0.356
0.356
0.355
0.355
0.355
0.355
0.355
0.354
0.354
0.354
0.353
0.353
0.352
0.351
0.350
0.349
0.350
0.349
0.349
0.351
0.351
0.351
0.351
0.353
0.354
0.352
0.353
0.352
0.351
0.352
0.352
0.352
0.351
0.350
0.349
0.350
0.352
0.351
0.349
0.350
0.351
0.351
0.350
0.351
0.352
0.353
0.352
0.352
0.353
0.353
0.353
0.354
0.355
0.356
0.355
0.355
0.354
0.355
0.356
0.355
0.356
0.357
0.358
0.359
0.359
0.361
0.361
0.360
0.359
0.360
0.361
0.362
0.361
0.360
0.360
0.359
0.358
0.360
0.360
0.360
0.359
0.358
0.358
0.357
0.356
0.356
0.356
0.355
0.355
0.355
0.355
0.356
0.356
0.357
0.358
0.359
0.360
0.360
0.361
0.361
0.361
0.361
0.360
0.360
0.359
0.358
0.358
0.358
0.358
0.358
0.359
0.360
0.361
0.361
0.360
0.360
0.359
0.360
0.361
0.361
0.362
0.362
0.362
0.361
0.361
0.361
0.360
0.360
0.360
0.359
0.360
0.360
0.360
0.360
0.360
0.359
0.359
0.358
0.359
0.359
0.360
0.360
0.360
0.360
0.361
0.362
0.362
0.363
0.363
0.363
0.363
0.363
0.362
0.362
0.361
0.361
0.360
0.360
0.360
0.361
0.360
0.360
0.360
0.360
0.360
0.359
0.359
0.359
0.359
0.358
0.359
0.359
0.358
0.358
0.358
0.358
0.358
0.358
0.358
0.357
0.357
0.357
0.357
0.356
0.356
0.356
0.356
0.355
0.355
0.354
0.354
0.354
0.354
0.354
0.354
0.354
0.354
0.354
0.355
0.356
0.356
0.356
0.356
0.356
0.356
0.357
0.357
0.356
0.356
0.356
0.356
0.355
0.355
0.355
0.356
0.356
0.357
0.356
0.356
0.356
0.356
0.357
0.357
0.357
0.358
0.358
0.358
0.359
0.359
0.359
0.359
0.360
0.360
0.359
0.359
0.359
0.359
0.359
0.359
0.359
0.359
0.360
0.360
0.361
0.361
0.361
0.361
0.361
0.361
0.360
0.360
0.360
0.360
0.360
0.361
0.360
0.360
0.360
0.360
0.360
0.360
0.360
0.360
0.360
0.360
0.360
0.360
0.360
0.361
0.360
0.360
0.360
0.360
0.360
0.361
0.361
0.361
0.361
0.361
0.361
0.361
0.361
0.361
0.362
0.361
0.361
0.361
0.362
0.361
0.361
0.361
0.361
0.361
0.361
0.361
0.361
0.360
0.360
0.360
0.360
0.359
0.359
0.360
0.359
0.359
0.359
0.360
0.359
0.359
0.359
0.359
0.359
0.359
0.359
0.360
0.359
0.359
0.359
0.359
0.359
0.359
0.359
0.359
0.360
0.360
0.360
0.360
0.360
0.360
0.360
0.361
0.361
0.361
0.360
0.360
0.360
0.360
0.360
0.359
0.360
0.360
0.360
0.360
0.360
0.360
0.360
0.360
0.360
0.360
0.360
0.359
0.359
0.359
0.359
0.359
0.359
0.359
0.358
0.358
0.358
0.358
0.358
0.358
0.358
0.359
0.359
0.359
0.359
0.359
0.359
0.359
0.359
0.360
0.360
0.360
0.360
0.360
0.360
0.359
0.359
0.359
0.359
0.359
0.359
0.359
0.359
0.359
0.359
0.359
0.359
0.359
0.358
0.358
0.358
0.358
0.358
0.358
0.358
0.358
0.358
0.358
0.358
0.358
0.359
0.359
0.358
0.359
0.358
0.358
0.358
0.358
0.358
0.358
0.358
0.358
0.359
0.359
0.359
0.359
0.359
0.359
0.359
0.359
0.358
0.358
0.358
0.358
0.359
0.358
0.358
0.358
0.359
0.359
0.359
0.359
0.359
0.359
0.359
0.360
0.360
0.360
0.360
0.359
0.359
0.359
0.359
0.359
0.359
0.359
0.359
0.359
0.359
0.359
0.359
0.359
0.359
0.359
0.358
0.359
0.359
0.358
0.359
0.359
0.359
0.359
0.358
0.358
0.358
0.358
0.358
0.358
0.358
0.358
0.358
0.358
0.358
0.358
0.358
0.357
0.357
0.357
0.357
0.357
0.357
0.356
0.356
0.356
0.356
0.356
0.356
0.356
0.356
0.356
0.356
0.356
0.356
0.356
0.356
0.356
0.356
0.356
0.356
0.356
0.356
0.356
0.356
0.356
0.355
0.355
0.355
0.355
0.355
0.355
0.355
0.356
0.356
0.355
0.356
0.356
0.356
0.356
0.356
0.356
0.356
0.356
0.357
0.357
0.356
0.356
0.356
0.356
0.356
0.356
0.357
0.357
0.357
0.356
0.356
0.356
0.356
0.356
0.356
0.356
0.356
0.356
0.356
0.357
0.357
0.357
0.356
0.356
0.357
0.356
0.357
0.356
0.357
0.356
0.356
0.356
0.356
0.356
0.356
0.356
0.356
0.356
0.355
0.356
0.356
0.356
0.356
0.356
0.356
0.355
0.355
0.355
0.355
0.355
0.356
0.355
0.355
0.355
0.355
0.355
0.355
0.354
0.354
0.354
0.354
0.354
0.354
0.354
0.354
0.354
0.354
0.354
0.354
0.354
0.354
0.354
0.354
0.354
0.354
0.354
0.353
0.353
0.353
0.353
0.353
0.353
0.353
0.353
0.353
0.353
0.353
0.353
0.353
0.352
0.352
0.352
0.352
0.352
0.352
0.352
0.352
0.352
0.352
0.352
0.352
0.352
0.352
0.352
0.352
0.352
0.352
0.352
0.352
0.352
0.352
0.352
0.352
0.351
0.351
0.351
0.352
0.352
0.352
0.351
0.351
0.351
0.352
0.352
0.352
0.352
0.352
0.352
0.352
0.352
0.352
0.352
0.352
0.352
0.352
0.352
0.352
0.351
0.352
0.351
0.352
0.352
0.352
0.352
0.352
0.352
0.352
0.352
0.352
0.352
0.352
0.352
0.352
0.352
0.352
0.352
0.353
0.353
0.353
0.353
0.353
0.353
0.353
0.353
0.353
0.353
0.353
0.353
0.353
0.353
0.353
0.353
0.353
0.353
0.353
0.353
0.353
0.353
0.353
0.353
0.353
0.353
0.353
0.353
0.353
0.353
0.353
0.353
0.353
0.353
0.353
0.353
0.353
0.353
0.353
0.353
0.353
0.353
0.354
0.354
0.354
0.354
0.354
0.354
0.354
0.354
0.354
0.354
0.354
0.354
0.354
0.354
0.354
0.354
0.354
0.354
0.354
0.354
0.354
0.354
0.354
0.354
0.354
0.354
0.354
0.354
0.354
0.354
0.354
0.354
0.354
0.354
0.354
0.354
0.354
0.354
0.354
0.354
0.354
0.354
0.354
0.354
0.354
0.354
0.354
0.354
0.354
0.354
0.354
0.354
0.354
0.354
0.354
0.354
0.354
0.354
0.354
0.354
0.353
0.353
0.353
0.353
0.353
0.353
0.353
0.353
0.353
0.353
0.353
0.353
0.353
0.353
0.353
0.353
0.353
0.353
0.352
0.353
0.353
0.352
0.352
0.352
0.352
0.352
0.352
0.352
0.352
0.352
0.352
0.352
0.352
0.352
0.352
0.352
0.352
0.352
0.352
0.352
0.352
0.352
0.352
0.352
0.352
0.352
0.352
0.352
0.352
0.352
0.352
0.352
0.352
0.352
0.352
0.352
0.352
0.352
0.352
0.353
0.352
0.352
0.353
0.353
0.352
0.352
0.352
0.353
0.353
0.353
0.353
0.353
0.353
0.353
0.353
0.353
0.353
0.353
0.353
0.353
0.353
0.353
0.353
0.353
0.353
0.353
0.353
0.353
0.353
0.353
0.353
0.353
0.353
0.353
0.353
0.353
0.353
0.353
0.353
0.353
0.353
0.353
0.353
0.353
0.353
0.353
0.353
0.353
0.353
0.353
0.353
0.353
0.353
0.353
0.353
0.353
0.353
0.353
0.353
0.353
0.352
0.352
0.352
0.352
0.352
0.352
0.352
0.352
0.352
0.352
0.352
0.352
0.352
0.352
0.352
0.352
0.352
0.352
0.352
0.352
0.352
0.352
0.352
0.352
0.352
0.352
0.353
0.353
0.353
0.353
0.353
0.353
0.353
0.353
0.353
0.353
0.353
0.353
0.353
0.353
0.353
0.353
0.353
0.353
0.353
0.352
0.352
0.352
0.352
0.352
0.352
0.352
0.352
0.352
0.352
0.352
0.352
0.352
0.352
0.352
0.352
0.352
0.352
0.352
0.352
0.352
0.352
0.352
0.352
0.352
0.352
0.352
0.352
0.352
0.352
0.352
0.352
0.352
0.352
0.352
0.352
0.352
0.352
0.352
0.352
0.352
0.352
0.352
0.352
0.352
0.352
0.352
0.352
0.352
0.352
0.352
0.352
0.352
0.352
0.352
0.352
0.352
0.352
0.352
0.352
0.353
0.353
0.353
0.353
0.353
0.353
0.353
0.353
0.353
0.353
0.353
0.353
0.353
0.353
0.353
0.353
0.353
0.353
0.353
0.353
0.353
0.354
0.354
0.354
0.354
0.354
0.354
0.354
0.354
0.354
0.354
0.353
0.353
0.353
0.353
0.353
0.354
0.354
0.354
0.354
0.354
0.353
0.353
0.353
0.353
0.353
0.353
0.353
0.353
0.353
0.353
0.353
0.353
0.353
0.353
0.353
0.353
0.353
0.353
0.353
0.353
0.353
0.353
0.353
0.353
0.353
0.353
0.353
0.353
0.353
0.353
0.353
0.353
0.353
0.353
0.353
0.353
0.353
0.353
0.353
0.353
0.353
0.353
0.353
0.353
0.353
0.353
0.353
0.353
0.353
0.353
0.353
0.353
0.353
0.353
0.353
0.353
0.353
0.353
0.353
0.353
0.353
0.353
0.353
0.353
0.353
0.353
0.353
0.353
0.353
0.353
0.353
0.353
0.353
0.353
0.353
0.353
0.353
0.353
0.353
0.353
0.353
0.353
0.353
0.353
0.353
0.353
0.353
0.353
0.353
0.353
0.353
0.353
0.353
0.353
0.353
0.353
0.353
0.353
0.353
0.353
0.352
0.352
0.352
0.352
0.352
0.352
0.352
0.352
0.352
0.352
0.352
0.352
0.353
0.353
0.353
0.353
0.353
0.353
0.353
0.353
0.353
0.353
0.353
0.353
0.353
0.353
0.353
0.353
0.353
0.352
0.352
0.353
0.353
0.353
0.353
0.353
0.353
0.353
0.353
0.353
0.353
0.353
0.353
0.353
0.353
0.353
0.353
0.353
0.353
0.353
0.353
0.353
0.353
0.353
0.353
0.353
0.353
0.353
0.353
0.353
0.353
0.353
0.353
0.353
0.353
0.353
0.353
0.353
0.353
0.353
0.353
0.353
0.353
0.353
0.353
0.353
0.353
0.352
0.352
0.352
0.352
0.352
0.352
0.352
0.352
0.352
0.352
0.352