Precisão média por imagem
0.375
0.415
0.462
0.530
0.577
0.618
0.650
0.679
0.690
0.705
0.713
0.722
0.729
0.736
0.748
0.754
0.756
0.746
0.751
0.756
0.761
0.761
0.748
0.744
0.738
0.734
0.732
0.724
0.716
0.714
0.709
0.701
0.700
0.695
0.689
0.684
0.683
0.682
0.676
0.676
0.671
0.667
0.672
0.671
0.672
0.669
0.674
0.672
0.670
0.668
0.666
0.660
0.655
0.651
0.646
0.642
0.638
0.635
0.640
0.643
0.647
0.651
0.650
0.647
0.647
0.644
0.646
0.647
0.647
0.646
0.647
0.648
0.644
0.640
0.642
0.641
0.638
0.638
0.638
0.635
0.632
0.635
0.638
0.640
0.641
0.643
0.645
0.647
0.648
0.647
0.645
0.643
0.644
0.645
0.647
0.650
0.653
0.656
0.658
0.659
0.659
0.659
0.661
0.664
0.666
0.666
0.669
0.671
0.673
0.675
0.678
0.679
0.680
0.679
0.680
0.680
0.682
0.684
0.682
0.680
0.680
0.679
0.680
0.681
0.680
0.678
0.676
0.675
0.674
0.672
0.671
0.670
0.669
0.671
0.671
0.672
0.669
0.667
0.667
0.665
0.665
0.664
0.664
0.665
0.665
0.666
0.666
0.664
0.663
0.663
0.663
0.663
0.665
0.666
0.665
0.664
0.664
0.664
0.664
0.665
0.665
0.666
0.667
0.665
0.664
0.664
0.664
0.663
0.664
0.663
0.661
0.660
0.660
0.660
0.660
0.661
0.662
0.660
0.660
0.659
0.658
0.658
0.657
0.657
0.655
0.655
0.654
0.654
0.655
0.654
0.653
0.652
0.652
0.652
0.651
0.650
0.649
0.649
0.650
0.650
0.651
0.650
0.649
0.650
0.651
0.651
0.650
0.651
0.651
0.650
0.649
0.648
0.649
0.650
0.651
0.652
0.653
0.654
0.653
0.652
0.651
0.650
0.649
0.649
0.648
0.648
0.648
0.647
0.647
0.646
0.645
0.644
0.643
0.644
0.643
0.642
0.642
0.642
0.642
0.641
0.642
0.642
0.642
0.643
0.643
0.644
0.645
0.645
0.644
0.645
0.646
0.645
0.645
0.645
0.644
0.644
0.643
0.643
0.643
0.643
0.644
0.645
0.645
0.646
0.646
0.647
0.648
0.648
0.648
0.649
0.649
0.650
0.649
0.648
0.649
0.649
0.649
0.650
0.651
0.652
0.652
0.653
0.653
0.654
0.654
0.654
0.654
0.653
0.652
0.651
0.651
0.651
0.650
0.650
0.650
0.649
0.650
0.651
0.652
0.652
0.653
0.654
0.653
0.653
0.652
0.652
0.652
0.652
0.652
0.652
0.651
0.651
0.651
0.651
0.650
0.650
0.650
0.650
0.651
0.652
0.652
0.653
0.654
0.655
0.656
0.656
0.656
0.656
0.657
0.657
0.658
0.657
0.657
0.657
0.657
0.657
0.657
0.657
0.657
0.657
0.657
0.657
0.657
0.657
0.656
0.656
0.656
0.657
0.658
0.658
0.658
0.658
0.659
0.658
0.657
0.657
0.658
0.658
0.659
0.659
0.659
0.659
0.659
0.659
0.658
0.658
0.658
0.658
0.657
0.657
0.658
0.659
0.659
0.660
0.660
0.661
0.661
0.662
0.663
0.662
0.662
0.662
0.662
0.663
0.663
0.663
0.663
0.664
0.664
0.664
0.665
0.665
0.665
0.666
0.666
0.666
0.666
0.666
0.666
0.665
0.665
0.664
0.665
0.665
0.666
0.666
0.666
0.665
0.665
0.665
0.665
0.665
0.664
0.665
0.664
0.664
0.665
0.664
0.664
0.664
0.663
0.663
0.663
0.662
0.662
0.662
0.662
0.662
0.662
0.662
0.662
0.662
0.661
0.662
0.663
0.663
0.664
0.663
0.663
0.663
0.664
0.664
0.665
0.665
0.666
0.666
0.666
0.667
0.666
0.666
0.666
0.666
0.665
0.665
0.664
0.663
0.663
0.663
0.663
0.663
0.662
0.662
0.662
0.662
0.661
0.661
0.661
0.660
0.660
0.660
0.660
0.660
0.660
0.659
0.659
0.659
0.658
0.658
0.657
0.657
0.657
0.657
0.656
0.656
0.656
0.655
0.655
0.655
0.655
0.655
0.654
0.654
0.654
0.655
0.655
0.655
0.655
0.655
0.654
0.654
0.655
0.655
0.654
0.654
0.654
0.653
0.654
0.653
0.654
0.654
0.654
0.654
0.653
0.653
0.653
0.653
0.653
0.654
0.654
0.653
0.653
0.653
0.652
0.652
0.652
0.651
0.652
0.652
0.652
0.651
0.651
0.651
0.651
0.652
0.652
0.652
0.652
0.652
0.652
0.652
0.652
0.653
0.653
0.653
0.654
0.654
0.654
0.654
0.653
0.653
0.653
0.653
0.653
0.653
0.653
0.652
0.652
0.652
0.651
0.651
0.651
0.651
0.651
0.651
0.651
0.651
0.651
0.651
0.651
0.651
0.651
0.650
0.650
0.650
0.651
0.651
0.651
0.650
0.650
0.650
0.650
0.649
0.649
0.648
0.648
0.648
0.648
0.648
0.648
0.649
0.649
0.649
0.649
0.650
0.650
0.650
0.650
0.649
0.649
0.649
0.649
0.648
0.648
0.648
0.649
0.649
0.649
0.649
0.649
0.649
0.649
0.649
0.649
0.649
0.648
0.648
0.648
0.649
0.649
0.649
0.649
0.650
0.650
0.650
0.650
0.650
0.651
0.651
0.651
0.651
0.651
0.651
0.650
0.651
0.651
0.651
0.651
0.651
0.651
0.651
0.652
0.652
0.651
0.652
0.652
0.651
0.651
0.652
0.652
0.652
0.652
0.652
0.652
0.652
0.652
0.652
0.652
0.652
0.652
0.652
0.652
0.652
0.652
0.652
0.652
0.652
0.652
0.652
0.652
0.652
0.652
0.652
0.652
0.652
0.651
0.651
0.651
0.651
0.651
0.651
0.651
0.651
0.651
0.651
0.651
0.651
0.651
0.650
0.650
0.650
0.650
0.650
0.650
0.651
0.651
0.651
0.651
0.651
0.651
0.651
0.651
0.651
0.651
0.651
0.651
0.651
0.650
0.651
0.651
0.651
0.651
0.651
0.650
0.651
0.651
0.651
0.651
0.651
0.651
0.652
0.652
0.652
0.652
0.653
0.653
0.653
0.653
0.653
0.653
0.653
0.653
0.652
0.652
0.652
0.652
0.652
0.652
0.651
0.651
0.651
0.652
0.652
0.652
0.651
0.651
0.651
0.651
0.651
0.651
0.651
0.651
0.651
0.651
0.652
0.652
0.652
0.652
0.652
0.651
0.651
0.651
0.651
0.650
0.650
0.650
0.650
0.650
0.650
0.650
0.650
0.649
0.649
0.649
0.649
0.649
0.649
0.649
0.649
0.649
0.649
0.649
0.649
0.648
0.648
0.648
0.648
0.649
0.649
0.648
0.648
0.648
0.648
0.648
0.648
0.649
0.649
0.649
0.649
0.649
0.649
0.649
0.649
0.649
0.649
0.650
0.650
0.650
0.650
0.651
0.650
0.650
0.650
0.650
0.650
0.649
0.649
0.649
0.648
0.648
0.648
0.649
0.649
0.649
0.649
0.649
0.649
0.649
0.649
0.648
0.648
0.648
0.648
0.648
0.648
0.648
0.648
0.648
0.649
0.649
0.649
0.649
0.649
0.649
0.648
0.648
0.648
0.648
0.648
0.648
0.647
0.647
0.647
0.647
0.647
0.647
0.647
0.647
0.647
0.648
0.648
0.648
0.648
0.648
0.648
0.648
0.648
0.649
0.649
0.649
0.649
0.649
0.649
0.649
0.649
0.649
0.649
0.649
0.649
0.648
0.648
0.648
0.648
0.648
0.648
0.648
0.647
0.647
0.647
0.647
0.646
0.646
0.646
0.646
0.646
0.646
0.646
0.646
0.646
0.646
0.646
0.646
0.646
0.646
0.645
0.645
0.645
0.645
0.645
0.645
0.645
0.644
0.644
0.644
0.644
0.644
0.644
0.645
0.645
0.645
0.645
0.645
0.645
0.645
0.645
0.645
0.645
0.644
0.644
0.645
0.645
0.645
0.644
0.644
0.644
0.644
0.644
0.643
0.643
0.643
0.644
0.644
0.643
0.643
0.643
0.644
0.643
0.643
0.643
0.643
0.643
0.643
0.643
0.643
0.643
0.643
0.643
0.642
0.642
0.642
0.642
0.642
0.642
0.642
0.642
0.642
0.641
0.641
0.641
0.641
0.641
0.640
0.640
0.640
0.640
0.640
0.640
0.640
0.641
0.641
0.641
0.641
0.641
0.641
0.641
0.641
0.641
0.642
0.641
0.641
0.641
0.641
0.641
0.641
0.641
0.641
0.641
0.642
0.642
0.642
0.642
0.642
0.643
0.642
0.642
0.642
0.642
0.642
0.642
0.642
0.641
0.641
0.642
0.642
0.642
0.642
0.642
0.642
0.642
0.641
0.641
0.641
0.641
0.641
0.641
0.641
0.641
0.641
0.641
0.640
0.640
0.640
0.640
0.640
0.639
0.639
0.639
0.639
0.639
0.639
0.640
0.640
0.640
0.641
0.641
0.641
0.641
0.642
0.642
0.642
0.642
0.642
0.642
0.642
0.642
0.642
0.642
0.642
0.641
0.641
0.641
0.641
0.641
0.641
0.641
0.641
0.641
0.641
0.641
0.641
0.641
0.641
0.641
0.640
0.641
0.641
0.641
0.640
0.640
0.641
0.640
0.641
0.641
0.641
0.641
0.641
0.640
0.640
0.641
0.641
0.640
0.640
0.640
0.640
0.640
0.640
0.641
0.641
0.641
0.641
0.641
0.641
0.641
0.641
0.641
0.641
0.641
0.641
0.641
0.641
0.641
0.640
0.641
0.641
0.641
0.641
0.641
0.641
0.641
0.641
0.641
0.641
0.641
0.641
0.641
0.641
0.642
0.642
0.642
0.642
0.643
0.643
0.643
0.643
0.644
0.644
0.644
0.644
0.644
0.644
0.645
0.645
0.645
0.645
0.645
0.645
0.646
0.646
0.646
0.646
0.646
0.646
0.647
0.647
0.646
0.647
0.647
0.646
0.646
0.646
0.646
0.646
0.645
0.645
0.645
0.645
0.646
0.646
0.646
0.646
0.646
0.646
0.646
0.646
0.646
0.646
0.646
0.646
0.646
0.646
0.646
0.646
0.646
0.646
0.646
0.646
0.646
0.646
0.646
0.646
0.646
0.646
0.646
0.646
0.646
0.646
0.646
0.645
0.645
0.645
0.645
0.645
0.645
0.645
0.645
0.645
0.644
0.644
0.644
0.644
0.644
0.644
0.644
0.644
0.644
0.644
0.644
0.644
0.644
0.644
0.644
0.644
0.644
0.644
0.644
0.644
0.644
0.644
0.644
0.644
0.644
0.644
0.644
0.643
0.643
0.643
0.643
0.643
0.643
0.643
0.643
0.643
0.643
0.643
0.643
0.643
0.643
0.643
0.643
0.643
0.642
0.642
0.642
0.642
0.642
0.642
0.642
0.642
0.642
0.641
0.641
0.641
0.641
0.642
0.642
0.642
0.642
0.642
0.642
0.642
0.642
0.642
0.642
0.643
0.643
0.643
0.643
0.643
0.643
0.642
0.642
0.642
0.642
0.642
0.642
0.642
0.642
0.642
0.642
0.642
0.642
0.642
0.642
0.642
0.642
0.642
0.642
0.642
0.642
0.642
0.642
0.642
0.643
0.643
0.643
0.643
0.643
0.643
0.643
0.643
0.643
0.643
0.643
0.643
0.643
0.643
0.643
0.643
0.643
0.643
0.643
0.643
0.642
0.642
0.642
0.642
0.642
0.642
0.642
0.642
0.642
0.642
0.642
0.642
0.642
0.643
0.643
0.643
0.643
0.643
0.643
0.642
0.642
0.642
0.642
0.642
0.642
0.642
0.642
0.642
0.642
0.642
0.642
0.642
0.642
0.642
0.642
0.643
0.643
0.643
0.643
0.643
0.643
0.643
0.643
0.643
0.643
0.643
0.643
0.643
0.643
0.643
0.643
0.643
0.643
0.643
0.643
0.643
0.642
0.642
0.642
0.643
0.643
0.642
0.642
0.642
0.642
0.642
0.642
0.642
0.642
0.642
0.642
0.642
0.642
0.642
0.643
0.643
0.643
0.643
0.643
0.643
0.643
0.643
0.643
0.643
0.643
0.643
0.643
0.643
0.644
0.644
0.644
0.644
0.644
0.645
0.645
0.645
0.645
0.645
0.645
0.646
0.646
0.646
0.646
0.645
0.645
0.645
0.645
0.645
0.645
0.645
0.645
0.645
0.645
0.645
0.645
0.645
0.646
0.646
0.646
0.646
0.646
0.646
0.646
0.646
0.646
0.646
0.646
0.646
0.646
0.646
0.646
0.646
0.647
0.647
0.647
0.647
0.647
0.647
0.647
0.647
0.647
0.646
0.646
0.646
0.646
0.646
0.646
0.646
0.646
0.645
0.645
0.645
0.645
0.645
0.645
0.645
0.645
0.645
0.645
0.644
0.644
0.644
0.644
0.644
0.644
0.644
0.644
0.644
0.644
0.644
0.644
0.644
0.644
0.644
0.643
0.643
0.643
0.643
0.643
0.643
0.643
0.643
0.643
0.643
0.643
0.642
0.642
0.642
0.642
0.642
0.642
0.642
0.642
0.642
0.642
0.642
0.642
0.642
0.642
0.642
0.641
0.641
0.641
0.641
0.641
0.641
0.641
0.641
0.641
0.641
0.641
0.641
0.640
0.640
0.640
0.640
0.640
0.640
0.640
0.640
0.640
0.640
0.640
0.640
0.640