0.597
0.602
0.574
0.543
0.569
0.573
0.551
0.566
0.565
0.555
0.554
0.547
0.544
0.536
0.532
0.527
0.526
0.519
0.511
0.512
0.504
0.506
0.507
0.508
0.501
0.501
0.496
0.492
0.490
0.490
0.487
0.485
0.487
0.493
0.493
0.490
0.491
0.498
0.498
0.498
0.504
0.501
0.497
0.494
0.490
0.489
0.489
0.490
0.489
0.488
0.485
0.486
0.487
0.485
0.482
0.485
0.490
0.486
0.483
0.480
0.477
0.476
0.473
0.470
0.468
0.472
0.474
0.473
0.472
0.469
0.474
0.477
0.474
0.477
0.480
0.480
0.477
0.475
0.475
0.473
0.474
0.472
0.470
0.469
0.469
0.468
0.470
0.472
0.470
0.470
0.469
0.470
0.474
0.473
0.471
0.472
0.471
0.470
0.470
0.470
0.468
0.467
0.467
0.466
0.465
0.463
0.461
0.465
0.464
0.464
0.462
0.461
0.459
0.458
0.458
0.458
0.461
0.461
0.463
0.464
0.467
0.465
0.468
0.470
0.470
0.472
0.471
0.470
0.471
0.472
0.471
0.470
0.469
0.470
0.471
0.472
0.471
0.471
0.470
0.471
0.473
0.477
0.477
0.478
0.480
0.480
0.480
0.479
0.481
0.482
0.483
0.482
0.484
0.486
0.485
0.485
0.484
0.483
0.482
0.484
0.484
0.484
0.483
0.483
0.485
0.484
0.483
0.483
0.484
0.484
0.484
0.484
0.483
0.483
0.482
0.481
0.480
0.480
0.480
0.479
0.479
0.479
0.479
0.478
0.478
0.478
0.477
0.477
0.476
0.476
0.477
0.477
0.478
0.477
0.477
0.476
0.476
0.477
0.478
0.480
0.479
0.479
0.478
0.478
0.478
0.477
0.478
0.477
0.477
0.477
0.477
0.477
0.477
0.477
0.476
0.476
0.476
0.477
0.476
0.476
0.475
0.475
0.474
0.473
0.473
0.472
0.472
0.473
0.472
0.472
0.471
0.471
0.471
0.471
0.471
0.470
0.469
0.469
0.469
0.470
0.469
0.470
0.470
0.470
0.469
0.470
0.471
0.472
0.472
0.473
0.474
0.474
0.475
0.476
0.477
0.476
0.477
0.478
0.478
0.479
0.479
0.478
0.479
0.479
0.478
0.479
0.480
0.481
0.480
0.481
0.482
0.483
0.482
0.482
0.483
0.484
0.483
0.483
0.483
0.484
0.485
0.486
0.486
0.486
0.487
0.488
0.487
0.487
0.488
0.487
0.486
0.487
0.488
0.489
0.489
0.489
0.490
0.490
0.491
0.490
0.490
0.489
0.488
0.488
0.487
0.487
0.486
0.486
0.485
0.486
0.486
0.487
0.487
0.487
0.488
0.488
0.488
0.488
0.488
0.487
0.487
0.487
0.487
0.486
0.485
0.486
0.486
0.486
0.486
0.487
0.487
0.486
0.486
0.485
0.485
0.484
0.485
0.484
0.484
0.483
0.484
0.484
0.484
0.484
0.484
0.484
0.484
0.483
0.483
0.482
0.482
0.483
0.483
0.484
0.485
0.485
0.485
0.485
0.484
0.484
0.484
0.484
0.484
0.483
0.483
0.483
0.483
0.483
0.483
0.484
0.484
0.484
0.483
0.483
0.483
0.483
0.482
0.483
0.483
0.483
0.483
0.483
0.483
0.482
0.482
0.482
0.482
0.482
0.481
0.481
0.481
0.480
0.480
0.480
0.481
0.481
0.482
0.482
0.483
0.483
0.483
0.483
0.484
0.484
0.484
0.485
0.484
0.484
0.484
0.485
0.485
0.485
0.484
0.484
0.484
0.484
0.483
0.483
0.483
0.483
0.483
0.483
0.483
0.482
0.482
0.482
0.481
0.481
0.481
0.481
0.482
0.482
0.483
0.483
0.483
0.484
0.484
0.485
0.485
0.484
0.484
0.484
0.484
0.485
0.485
0.485
0.485
0.485
0.485
0.484
0.484
0.484
0.484
0.484
0.484
0.484
0.485
0.484
0.484
0.484
0.484
0.484
0.485
0.485
0.485
0.485
0.484
0.484
0.485
0.485
0.485
0.486
0.486
0.487
0.487
0.487
0.488
0.488
0.488
0.488
0.488
0.487
0.487
0.487
0.487
0.487
0.487
0.487
0.487
0.486
0.486
0.486
0.487
0.486
0.487
0.486
0.487
0.487
0.487
0.488
0.488
0.489
0.488
0.489
0.489
0.489
0.489
0.489
0.488
0.488
0.488
0.488
0.487
0.488
0.488
0.488
0.487
0.487
0.487
0.487
0.487
0.487
0.487
0.487
0.488
0.488
0.488
0.489
0.489
0.489
0.488
0.489
0.489
0.490
0.490
0.490
0.491
0.491
0.491
0.490
0.490
0.490
0.491
0.491
0.491
0.490
0.490
0.491
0.491
0.491
0.491
0.491
0.491
0.491
0.492
0.492
0.492
0.493
0.493
0.493
0.494
0.494
0.494
0.494
0.494
0.494
0.494
0.494
0.494
0.495
0.495
0.495
0.495
0.495
0.495
0.495
0.496
0.495
0.496
0.496
0.496
0.496
0.497
0.497
0.497
0.497
0.497
0.497
0.497
0.497
0.497
0.497
0.497
0.498
0.498
0.498
0.498
0.499
0.499
0.498
0.498
0.498
0.498
0.498
0.498
0.497
0.498
0.498
0.498
0.498
0.498
0.498
0.498
0.498
0.499
0.499
0.499
0.499
0.499
0.500
0.500
0.500
0.500
0.500
0.501
0.501
0.501
0.501
0.501
0.501
0.501
0.501
0.502
0.502
0.502
0.501
0.501
0.501
0.501
0.500
0.500
0.500
0.501
0.501
0.501
0.501
0.501
0.501
0.502
0.502
0.502
0.502
0.502
0.503
0.503
0.503
0.503
0.503
0.503
0.502
0.503
0.503
0.503
0.503
0.503
0.503
0.504
0.504
0.504
0.504
0.505
0.505
0.505
0.505
0.505
0.505
0.505
0.505
0.506
0.506
0.506
0.506
0.506
0.506
0.506
0.506
0.506
0.507
0.506
0.507
0.507
0.507
0.507
0.507
0.508
0.508
0.508
0.508
0.508
0.508
0.508
0.508
0.509
0.509
0.509
0.509
0.509
0.510
0.510
0.510
0.510
0.510
0.510
0.510
0.511
0.511
0.511
0.511
0.511
0.511
0.511
0.511
0.511
0.511
0.512
0.512
0.512
0.512
0.513
0.513
0.513
0.513
0.513
0.513
0.513
0.513
0.514
0.514
0.514
0.514
0.514
0.514
0.514
0.514
0.515
0.514
0.514
0.514
0.514
0.514
0.514
0.514
0.514
0.514
0.514
0.514
0.514
0.514
0.515
0.515
0.515
0.515
0.515
0.516
0.516
0.516
0.516
0.516
0.516
0.517
0.517
0.517
0.517
0.517
0.517
0.517
0.518
0.518
0.518
0.518
0.518
0.518
0.518
0.518
0.518
0.518
0.518
0.518
0.518
0.518
0.518
0.518
0.519
0.519
0.519
0.519
0.519
0.519
0.520
0.520
0.519
0.520
0.520
0.520
0.520
0.520
0.520
0.520
0.521
0.521
0.521
0.521
0.521
0.520
0.521
0.521
0.521
0.521
0.521
0.521
0.521
0.521
0.521
0.521
0.521
0.521
0.521
0.521
0.521
0.521
0.521
0.521
0.521
0.521
0.521
0.521
0.521
0.521
0.521
0.521
0.521
0.522
0.522
0.522
0.522
0.522
0.522
0.522
0.523
0.523
0.523
0.523
0.523
0.523
0.523
0.523
0.523
0.523
0.523
0.523
0.523
0.523
0.523
0.524
0.524
0.524
0.524
0.524
0.524
0.524
0.525
0.525
0.525
0.525
0.525
0.525
0.525
0.525
0.525
0.525
0.525
0.525
0.526
0.525
0.525
0.525
0.525
0.525
0.525
0.526
0.526
0.526
0.526
0.526
0.526
0.526
0.526
0.526
0.526
0.526
0.526
0.526
0.527
0.527
0.527
0.527
0.527
0.527
0.527
0.527
0.527
0.527
0.527
0.527
0.527
0.528
0.527
0.527
0.527
0.528
0.528
0.528
0.528
0.528
0.528
0.528
0.528
0.528
0.528
0.528
0.528
0.528
0.528
0.528
0.528
0.528
0.529
0.529
0.529
0.529
0.529
0.529
0.529
0.529
0.529
0.529
0.529
0.529
0.530
0.530
0.529
0.530
0.530
0.530
0.530
0.530
0.530
0.530
0.530
0.530
0.530
0.530
0.530
0.530
0.530
0.530
0.530
0.530
0.530
0.531
0.531
0.531
0.531
0.531
0.531
0.531
0.531
0.531
0.531
0.532
0.532
0.532
0.531
0.532
0.531
0.532
0.532
0.532
0.532
0.531
0.531
0.531
0.531
0.531
0.531
0.531
0.532
0.532
0.532
0.532
0.532
0.532
0.532
0.532
0.532
0.532
0.532
0.532
0.532
0.532
0.532
0.532
0.533
0.533
0.533
0.533
0.532
0.532
0.532
0.533
0.532
0.532
0.532
0.533
0.533
0.533
0.533
0.533
0.533
0.533
0.533
0.533
0.533
0.533
0.533
0.533
0.533
0.533
0.533
0.533
0.533
0.533
0.533
0.533
0.533
0.533
0.533
0.533
0.534
0.534
0.533
0.533
0.533
0.533
0.533
0.533
0.533
0.533
0.533
0.533
0.534
0.534
0.534
0.534
0.534
0.534
0.534
0.534
0.534
0.534
0.534
0.534
0.534
0.534
0.534
0.534
0.534
0.534
0.534
0.534
0.534
0.534
0.534
0.534
0.534
0.534
0.534
0.534
0.534
0.534
0.534
0.534
0.534
0.534
0.534
0.534
0.534
0.534
0.534
0.534
0.534
0.534
0.534
0.535
0.535
0.535
0.534
0.534
0.534
0.534
0.534
0.534
0.534
0.534
0.534
0.534
0.534
0.534
0.534
0.534
0.534
0.534
0.534
0.534
0.534
0.534
0.534
0.534
0.534
0.535
0.535
0.535
0.535
0.535
0.535
0.535
0.535
0.535
0.535
0.535
0.535
0.534
0.534
0.535
0.535
0.535
0.534
0.534
0.534
0.534
0.535
0.535
0.535
0.535
0.535
0.535
0.535
0.535
0.535
0.535
0.535
0.535
0.535
0.535
0.535
0.535
0.535
0.535
0.535
0.535
0.535
0.536
0.536
0.536
0.536
0.536
0.536
0.536
0.536
0.536
0.536
0.536
0.536
0.536
0.536
0.536
0.536
0.536
0.536
0.536
0.537
0.537
0.537
0.537
0.537
0.537
0.537
0.537
0.537
0.537
0.537
0.537
0.537
0.537
0.537
0.538
0.538
0.538
0.538
0.538
0.538
0.538
0.538
0.538
0.538
0.538
0.538
0.538
0.538
0.538
0.538
0.538
0.539
0.539
0.539
0.538
0.539
0.539
0.539
0.539
0.539
0.539
0.539
0.539
0.539
0.539
0.539
0.539
0.539
0.539
0.539
0.539
0.539
0.539
0.539
0.539
0.539
0.539
0.539
0.539
0.539
0.539
0.539
0.539
0.539
0.539
0.539
0.539
0.539
0.539
0.539
0.539
0.539
0.539
0.539
0.539
0.539
0.539
0.539
0.539
0.539
0.539
0.539
0.539
0.539
0.540
0.540
0.540
0.539
0.540
0.539
0.539
0.539
0.539
0.539
0.540
0.540
0.540
0.540
0.540
0.540
0.540
0.540
0.540
0.540
0.540
0.540
0.540
0.541
0.541
0.541
0.541
0.541
0.541
0.541
0.541
0.541
0.541
0.541
0.541
0.541
0.541
0.541
0.541
0.541
0.541
0.541
0.541
0.541
0.541
0.541
0.541
0.542
0.542
0.542
0.542
0.542
0.542
0.542
0.542
0.542
0.542
0.542
0.542
0.542
0.542
0.542
0.542
0.542
0.542
0.542
0.542
0.542
0.542
0.542
0.542
0.542
0.542
0.542
0.542
0.542
0.542
0.542
0.542
0.542
0.542
0.542
0.542
0.542
0.542
0.542
0.542
0.541
0.542
0.542
0.542
0.542
0.542
0.542
0.542
0.542
0.542
0.542
0.542
0.542
0.542
0.542
0.542
0.542
0.542
0.542
0.542
0.542
0.542
0.542
0.542
0.542
0.542
0.542
0.542
0.542
0.542
0.542
0.542
0.542
0.542
0.542
0.542
0.542
0.542
0.542
0.542
0.542
0.542
0.542
0.542
0.542
0.542
0.542
0.542
0.542
0.542
0.542
0.542
0.542
0.542
0.542
0.542
0.542
0.542
0.542
0.542
0.542
0.542
0.542
0.542
0.542
0.542
0.542
0.542
0.542
0.542
0.542
0.542
0.542
0.542
0.542
0.542
0.542
0.542
0.542
0.542
0.542
0.542
0.542
0.542
0.542
0.542
0.542
0.542
0.542
0.542
0.542
0.541
0.541
0.541
0.541
0.541
0.541
0.541
0.541
0.541
0.541
0.541
0.541
0.541
0.541
0.541
0.541
0.541
0.541
0.541
0.541
0.541
0.541
0.541
0.541
0.541
0.541
0.541
0.541
0.541
0.541
0.541
0.540
0.540
0.540
0.541
0.541
0.541
0.541
0.541
0.541
0.541
0.541
0.541
0.541
0.541
0.541
0.541
0.541
0.541
0.541
0.541
0.541
0.541
0.541
0.541
0.541
0.541
0.541
0.541
0.541
0.541
0.541
0.541
0.541
0.541
0.541
0.541
0.541
0.541
0.541
0.541
0.541
0.541
0.541
0.541
0.541
0.541
0.541
0.541
0.541
0.541
0.541
0.541
0.541
0.541
0.541
0.541
0.542
0.542
0.542
0.541
0.541
0.541
0.541
0.541
0.541
0.541
0.541
0.541
0.541
0.541
0.541
0.541
0.541
0.541
0.541
0.541
0.541
0.541
0.541
0.541
0.541
0.541
0.541
0.541
0.541
0.541
0.541
0.541
0.541
0.541
0.541
0.541
0.541
0.541
0.541
0.541
0.541
0.541
0.541
0.541
0.541
0.541
0.541
0.542
0.542
0.542
0.542
0.542
0.542
0.542
0.542
0.542
0.542
0.542
0.541
0.542
0.542
0.542
0.542
0.542
0.542
0.542
0.542
0.542
0.542
0.542
0.542
0.542
0.542
0.542
0.542
0.542
0.542
0.542
0.542
0.542
0.542
0.542
0.542
0.542
0.542
0.542
0.542
0.542
0.542
0.542
0.542
0.542
0.542
0.542
0.542
0.542
0.542
0.542
0.542
0.542
0.542
0.542
0.542
0.542
0.542
0.542
0.542
0.542
0.542
0.542
0.542
0.542
0.542
0.542
0.542
0.542
0.542
0.542
0.542
0.542
0.542
0.542
0.542
0.543
0.543
0.543
0.543
0.543
0.543
0.543
0.543
0.543
0.543
0.543
0.543
0.543
0.543
0.543
0.543
0.543
0.543
0.543
0.543
0.543
0.543
0.543
0.543
0.543
0.543
0.543
0.543
0.543
0.543
0.543
0.543
0.543
0.543
0.543
0.543
0.543
0.543
0.543
0.543
0.543
0.543
0.543
0.543
0.543
0.543
0.543
0.543
0.543
0.543
0.543
0.543
0.543
0.543
0.543
0.543
0.543
0.543
0.543
0.543
0.543
0.543
0.543
0.543
0.543
0.543
0.544
0.543
0.544
0.544
0.544
0.543
0.543
0.544
0.543
0.543
0.543
0.543
0.543
0.543
0.543
0.543
0.543
0.543
0.543
0.543
0.543
0.543
0.543
0.543
0.543
0.543
0.543
0.543
0.543
0.543
0.543
0.543
0.543
0.543
0.543
0.543
0.543
0.543
0.543
0.543
0.543
0.543
0.543
0.543
0.543
0.542
0.542
0.542
0.542
0.542
0.542
0.542
0.542
0.542
0.542
0.542
0.542
0.542
0.542
0.542
0.542
0.542
0.542
0.541
0.541
0.541
0.541
0.541
0.541
0.541
0.541
0.541
0.541
0.541
0.541
0.541
0.541
0.541
0.541
0.541
0.541
0.540
0.540
0.540
0.540
0.540
0.540
0.540
0.540
0.540
0.540
0.540
0.540
0.540
0.540
0.540
0.540
0.540
0.540
0.540
0.540
0.540
0.540
0.540
0.540
0.539
0.539
0.539
0.539
0.539
0.539
0.539
0.539
0.539
0.539
0.539
0.539
0.539
0.539
0.539
0.539
0.539
0.539
0.539
0.539
0.538
0.538
0.538
0.538
0.538
0.538
0.538
0.538
0.538
0.538
0.538
0.538
0.538
0.538
0.538
0.538
0.538
0.538
0.538
0.538
0.537
0.537
0.537
0.537
0.537
0.537
0.537
0.537
0.537
0.537
0.537
0.537
0.537
0.537
0.537
0.537
0.537
0.537
0.537
0.536
0.536
0.536
0.536
0.536
0.536
0.536
0.536
0.536
0.536
0.536
0.536
0.536
0.536
0.536
0.536
0.536
0.536
0.536
0.536
0.536
0.535
0.535
0.535
0.535
0.535
0.535
0.535
0.535
0.535
0.535
0.535
0.535
0.535
0.535
0.534
0.534
0.534
0.534
0.534
0.534
0.534
0.534
0.534
0.534
0.534
0.534
0.534
0.533
0.533
0.533
0.533
0.533
0.533
0.533
0.533
0.533
0.533
0.533
0.533
0.533
0.533
0.533
0.532
0.532
0.532
0.532
0.532
0.532
0.532
0.532
0.532
0.532
0.532
0.532
0.532
0.532
0.532
0.531
0.531
0.531
0.531
0.531
0.531
0.531
0.531
0.531
0.531
0.531
0.531
0.531
0.531
0.531
0.531
0.531
0.531
0.531
0.530
0.530
0.530
0.530
0.530
0.530
0.530
0.530
0.530
0.530
0.530
0.530
0.530
0.530
0.530
0.530
0.530
0.530
0.529
0.529
0.529
0.529
0.529
0.529
0.529
0.529
0.529
0.529
0.529
0.529
0.529
0.529
0.529
0.529