Precisão média por imagem
0.181
0.211
0.203
0.251
0.242
0.257
0.263
0.292
0.287
0.287
0.297
0.299
0.320
0.305
0.312
0.305
0.295
0.319
0.319
0.317
0.340
0.329
0.338
0.336
0.334
0.333
0.326
0.321
0.322
0.339
0.345
0.336
0.328
0.331
0.334
0.335
0.340
0.339
0.337
0.332
0.327
0.332
0.329
0.326
0.326
0.322
0.320
0.318
0.322
0.325
0.319
0.321
0.322
0.324
0.320
0.319
0.319
0.325
0.322
0.323
0.324
0.323
0.320
0.317
0.317
0.316
0.313
0.312
0.314
0.312
0.314
0.312
0.311
0.308
0.308
0.308
0.315
0.315
0.323
0.324
0.324
0.324
0.323
0.326
0.329
0.327
0.324
0.324
0.327
0.326
0.326
0.325
0.324
0.327
0.329
0.327
0.327
0.330
0.327
0.325
0.326
0.326
0.324
0.328
0.328
0.327
0.325
0.327
0.325
0.323
0.326
0.327
0.328
0.327
0.325
0.325
0.323
0.323
0.323
0.327
0.325
0.324
0.324
0.323
0.325
0.323
0.324
0.325
0.324
0.324
0.326
0.327
0.325
0.327
0.327
0.331
0.333
0.332
0.331
0.329
0.329
0.328
0.327
0.327
0.328
0.328
0.328
0.326
0.325
0.324
0.323
0.322
0.326
0.325
0.324
0.328
0.329
0.332
0.332
0.333
0.334
0.336
0.334
0.336
0.336
0.337
0.336
0.334
0.333
0.334
0.336
0.337
0.338
0.338
0.337
0.336
0.337
0.335
0.336
0.338
0.340
0.342
0.341
0.340
0.341
0.341
0.342
0.343
0.344
0.343
0.344
0.343
0.343
0.343
0.343
0.346
0.348
0.347
0.346
0.347
0.347
0.346
0.345
0.348
0.347
0.349
0.349
0.348
0.347
0.346
0.346
0.346
0.346
0.346
0.347
0.348
0.347
0.349
0.348
0.348
0.347
0.346
0.347
0.346
0.347
0.346
0.347
0.346
0.348
0.348
0.348
0.348
0.347
0.346
0.345
0.344
0.347
0.346
0.346
0.345
0.346
0.346
0.345
0.345
0.346
0.347
0.346
0.345
0.345
0.346
0.347
0.349
0.348
0.347
0.349
0.349
0.350
0.350
0.350
0.349
0.349
0.349
0.349
0.350
0.351
0.351
0.350
0.350
0.350
0.351
0.352
0.353
0.353
0.352
0.351
0.352
0.351
0.351
0.350
0.350
0.350
0.350
0.351
0.352
0.351
0.351
0.351
0.350
0.349
0.348
0.348
0.348
0.348
0.347
0.347
0.348
0.347
0.347
0.346
0.346
0.347
0.348
0.347
0.347
0.346
0.346
0.345
0.345
0.345
0.344
0.344
0.344
0.344
0.343
0.343
0.343
0.342
0.342
0.342
0.341
0.341
0.341
0.341
0.341
0.341
0.340
0.340
0.340
0.341
0.340
0.340
0.340
0.340
0.339
0.339
0.339
0.339
0.339
0.339
0.340
0.339
0.339
0.339
0.339
0.339
0.340
0.340
0.340
0.340
0.340
0.339
0.339
0.339
0.339
0.339
0.339
0.338
0.338
0.338
0.338
0.338
0.338
0.338
0.338
0.337
0.337
0.337
0.337
0.337
0.337
0.337
0.337
0.337
0.337
0.336
0.336
0.336
0.335
0.336
0.336
0.335
0.335
0.335
0.334
0.335
0.335
0.335
0.335
0.334
0.334
0.334
0.334
0.335
0.334
0.335
0.336
0.335
0.336
0.336
0.336
0.335
0.335
0.335
0.336
0.336
0.336
0.335
0.335
0.335
0.334
0.334
0.333
0.333
0.333
0.333
0.333
0.333
0.334
0.333
0.333
0.333
0.333
0.333
0.333
0.334
0.333
0.333
0.333
0.333
0.333
0.334
0.334
0.334
0.334
0.335
0.335
0.335
0.335
0.335
0.335
0.336
0.335
0.335
0.335
0.335
0.335
0.335
0.335
0.335
0.335
0.334
0.334
0.334
0.333
0.333
0.333
0.333
0.333
0.333
0.333
0.333
0.333
0.333
0.333
0.333
0.333
0.333
0.333
0.333
0.334
0.334
0.335
0.335
0.336
0.335
0.335
0.335
0.336
0.336
0.336
0.336
0.336
0.336
0.337
0.337
0.336
0.337
0.337
0.337
0.337
0.337
0.336
0.336
0.337
0.337
0.337
0.338
0.338
0.339
0.339
0.340
0.339
0.339
0.339
0.339
0.339
0.339
0.339
0.339
0.339
0.339
0.339
0.339
0.339
0.339
0.339
0.340
0.340
0.340
0.340
0.341
0.341
0.341
0.341
0.341
0.341
0.341
0.341
0.340
0.341
0.341
0.341
0.341
0.341
0.340
0.340
0.340
0.340
0.340
0.340
0.341
0.341
0.341
0.341
0.341
0.341
0.340
0.340
0.341
0.341
0.341
0.341
0.342
0.342
0.342
0.342
0.342
0.342
0.342
0.342
0.342
0.342
0.342
0.342
0.342
0.342
0.342
0.342
0.343
0.343
0.343
0.343
0.343
0.343
0.343
0.344
0.344
0.344
0.344
0.344
0.344
0.345
0.345
0.345
0.345
0.345
0.345
0.345
0.345
0.345
0.344
0.344
0.344
0.344
0.344
0.344
0.344
0.344
0.344
0.344
0.344
0.344
0.344
0.345
0.345
0.345
0.345
0.345
0.345
0.345
0.345
0.345
0.345
0.345
0.345
0.345
0.345
0.346
0.346
0.346
0.346
0.346
0.347
0.346
0.347
0.347
0.347
0.347
0.347
0.347
0.348
0.347
0.347
0.347
0.347
0.347
0.347
0.347
0.348
0.348
0.348
0.348
0.348
0.348
0.348
0.349
0.349
0.349
0.349
0.349
0.349
0.349
0.349
0.349
0.349
0.349
0.349
0.350
0.350
0.350
0.350
0.350
0.350
0.350
0.350
0.350
0.350
0.351
0.351
0.351
0.351
0.351
0.351
0.351
0.351
0.351
0.351
0.352
0.352
0.352
0.352
0.352
0.352
0.352
0.352
0.352
0.352
0.352
0.352
0.353
0.353
0.352
0.352
0.352
0.352
0.352
0.352
0.353
0.352
0.353
0.352
0.352
0.352
0.352
0.352
0.352
0.352
0.352
0.352
0.352
0.352
0.352
0.352
0.352
0.353
0.353
0.352
0.353
0.353
0.353
0.353
0.353
0.353
0.353
0.353
0.352
0.352
0.352
0.352
0.352
0.352
0.352
0.352
0.352
0.352
0.352
0.352
0.352
0.352
0.352
0.351
0.352
0.351
0.351
0.351
0.351
0.352
0.352
0.352
0.352
0.352
0.352
0.352
0.352
0.352
0.352
0.352
0.352
0.352
0.352
0.351
0.352
0.351
0.352
0.352
0.352
0.352
0.352
0.352
0.352
0.352
0.352
0.352
0.352
0.352
0.352
0.352
0.352
0.352
0.352
0.352
0.352
0.352
0.352
0.352
0.352
0.352
0.352
0.352
0.352
0.352
0.352
0.352
0.352
0.352
0.352
0.352
0.352
0.352
0.353
0.353
0.353
0.353
0.353
0.353
0.353
0.353
0.353
0.353
0.352
0.353
0.352
0.352
0.352
0.352
0.352
0.352
0.352
0.352
0.352
0.352
0.352
0.352
0.352
0.352
0.352
0.352
0.352
0.352
0.352
0.352
0.352
0.352
0.353
0.353
0.353
0.353
0.353
0.353
0.353
0.353
0.353
0.353
0.353
0.353
0.353
0.353
0.353
0.353
0.353
0.353
0.353
0.353
0.353
0.353
0.353
0.353
0.353
0.353
0.353
0.353
0.353
0.353
0.353
0.353
0.353
0.353
0.353
0.353
0.353
0.353
0.353
0.353
0.353
0.353
0.353
0.353
0.353
0.353
0.353
0.353
0.353
0.353
0.353
0.353
0.353
0.353
0.353
0.353
0.353
0.353
0.353
0.353
0.353
0.353
0.353
0.353
0.353
0.353
0.353
0.353
0.353
0.353
0.353
0.352
0.353
0.352
0.353
0.353
0.353
0.353
0.353
0.353
0.353
0.353
0.353
0.353
0.353
0.353
0.353
0.353
0.353
0.353
0.354
0.354
0.354
0.353
0.353
0.353
0.353
0.353
0.353
0.353
0.353
0.353
0.353
0.353
0.353
0.353
0.353
0.353
0.353
0.353
0.353
0.353
0.352
0.352
0.352
0.352
0.352
0.352
0.352
0.352
0.352
0.352
0.352
0.352
0.352
0.352
0.352
0.352
0.352
0.352
0.352
0.351
0.353
0.354
0.354
0.354
0.354
0.354
0.353
0.355
0.355
0.355
0.356
0.357
0.358
0.359
0.359
0.358
0.359
0.360
0.361
0.362
0.361
0.362
0.363
0.364
0.364
0.365
0.365
0.365
0.366
0.367
0.367
0.368
0.368
0.367
0.367
0.367
0.367
0.367
0.367
0.367
0.367
0.368
0.368
0.368
0.368
0.368
0.369
0.369
0.370
0.370
0.371
0.372
0.372
0.373
0.374
0.374
0.373
0.375
0.376
0.377
0.377
0.377
0.378
0.379
0.379
0.380
0.381
0.382
0.383
0.382
0.383
0.383
0.382
0.383
0.383
0.384
0.385
0.385
0.385
0.385
0.386
0.386
0.386
0.386
0.386
0.387
0.387
0.388
0.388
0.389
0.390
0.390
0.391
0.391
0.392
0.393
0.393
0.393
0.394
0.395
0.395
0.395
0.396
0.396
0.397
0.398
0.399
0.400
0.400
0.400
0.400
0.400
0.401
0.401
0.402
0.401
0.402
0.402
0.403
0.403
0.404
0.405
0.405
0.405
0.406
0.407
0.407
0.407
0.407
0.407
0.407
0.408
0.409
0.410
0.410
0.411
0.411
0.410
0.410
0.411
0.412
0.413
0.413
0.414
0.414
0.414
0.414
0.415
0.416
0.415
0.415
0.416
0.416
0.416
0.417
0.417
0.417
0.417
0.417
0.417
0.418
0.419
0.419
0.419
0.419
0.419
0.420
0.420
0.420
0.420
0.421
0.421
0.422
0.423
0.423
0.423
0.424
0.423
0.424
0.425
0.425
0.426
0.426
0.427
0.428
0.428
0.428
0.428
0.428
0.428
0.429
0.429
0.430
0.430
0.430
0.430
0.430
0.431
0.431
0.431
0.431
0.431
0.432
0.432
0.432
0.433
0.433
0.433
0.434
0.434
0.435
0.434
0.435
0.434
0.435
0.435
0.436
0.436
0.437
0.437
0.438
0.438
0.438
0.439
0.439
0.439
0.439
0.440
0.440
0.441
0.441
0.441
0.442
0.441
0.442
0.442
0.442
0.442
0.441
0.441
0.441
0.441
0.441
0.442
0.442
0.442
0.442
0.442
0.442
0.442
0.442
0.442
0.443
0.443
0.443
0.444
0.444
0.444
0.444
0.444
0.444
0.444
0.444
0.444
0.444
0.444
0.445
0.445
0.446
0.445
0.446
0.446
0.446
0.446
0.446
0.447
0.447
0.446
0.446
0.446
0.446
0.447
0.448
0.447
0.448
0.448
0.448
0.449
0.449
0.449
0.449
0.449
0.450
0.450
0.450
0.450
0.451
0.451
0.452
0.452
0.452
0.452
0.453
0.453
0.453
0.452
0.452
0.453
0.453
0.453
0.453
0.453
0.453
0.453
0.453
0.453
0.453
0.454
0.454
0.455
0.455
0.455
0.456
0.456
0.456
0.457
0.457
0.457
0.457
0.457
0.457
0.457
0.457
0.457
0.457
0.457
0.457
0.457
0.458
0.458
0.458
0.458
0.458
0.458
0.458
0.457
0.458
0.457
0.457
0.457
0.457
0.458
0.458
0.458
0.458
0.458
0.458
0.459
0.459
0.459
0.459
0.459
0.460
0.460
0.461
0.461
0.461
0.461
0.461
0.461
0.460
0.460
0.460
0.460
0.460
0.460
0.460
0.460
0.460
0.460
0.460
0.459
0.459
0.459
0.459
0.459
0.459
0.459
0.459
0.459
0.459
0.459
0.459
0.459
0.459
0.459
0.459
0.459
0.458
0.458
0.458
0.458
0.458
0.458
0.458
0.458
0.458
0.458
0.458
0.458
0.458
0.458
0.458
0.458
0.457
0.457
0.457
0.457
0.457
0.457
0.457
0.457
0.457
0.457
0.457
0.457
0.457
0.457
0.456
0.456
0.456
0.456
0.456
0.456
0.456
0.456
0.456
0.456
0.456
0.456
0.455
0.455
0.455
0.455
0.455
0.455
0.455
0.455
0.455
0.455
0.455
0.454
0.454
0.455
0.454
0.454
0.454
0.454
0.454
0.454
0.454
0.454
0.454
0.454
0.454
0.454
0.454
0.454
0.454
0.454
0.454
0.453
0.454
0.453
0.453
0.453
0.453
0.453
0.453
0.453
0.453
0.453
0.453
0.453
0.453
0.453
0.453
0.452
0.452
0.452
0.452
0.452
0.452
0.452
0.452
0.452
0.452
0.452
0.452
0.452
0.452
0.452
0.452
0.451
0.451
0.451
0.451
0.451
0.451
0.451
0.451
0.451
0.451
0.451
0.451
0.451
0.451
0.451
0.451
0.451
0.451
0.450
0.450
0.451
0.451
0.451
0.451
0.451
0.452
0.452
0.452
0.453
0.453
0.453
0.453
0.454
0.454
0.454
0.454
0.454
0.455
0.455
0.455
0.455
0.456
0.456
0.456
0.456
0.456
0.457
0.457
0.457
0.457
0.458
0.458
0.458
0.458
0.458
0.459
0.459
0.459
0.459
0.459
0.459
0.459
0.459
0.460
0.460
0.460
0.460
0.460
0.459
0.459
0.459
0.459
0.459
0.460
0.460
0.460
0.460
0.460
0.460
0.461
0.461
0.461
0.462
0.462
0.462
0.462
0.462
0.463
0.463
0.463
0.463
0.463
0.463
0.463
0.463
0.463
0.463
0.463
0.463
0.463
0.462
0.462
0.462
0.462
0.462
0.462
0.462
0.462
0.462
0.462
0.462
0.462
0.463
0.463
0.463
0.463
0.463
0.463
0.463
0.463
0.464
0.464
0.464
0.464
0.464
0.464
0.464
0.464
0.464
0.464
0.464
0.464
0.464
0.463
0.463
0.463
0.463
0.464
0.463
0.464
0.464
0.464
0.464
0.464
0.465
0.465
0.465
0.464
0.464
0.464
0.464
0.464
0.464
0.464
0.464
0.464
0.464
0.464
0.464
0.463
0.463
0.464
0.464
0.464
0.464
0.463
0.464
0.464
0.464
0.464
0.464
0.464
0.463
0.463
0.463
0.463
0.463
0.463
0.463
0.463
0.463
0.463
0.463
0.463
0.463
0.463
0.463
0.463
0.463
0.463
0.463
0.462
0.462
0.462
0.462
0.462
0.462
0.462
0.461
0.461
0.461
0.461
0.461
0.461
0.461
0.461
0.461
0.460
0.460
0.460
0.460
0.460
0.460
0.460
0.460
0.460
0.460
0.460
0.460
0.460
0.459
0.459
0.459
0.459
0.459
0.459
0.459
0.458
0.458
0.458
0.458
0.458
0.458
0.458
0.458
0.458
0.458
0.458
0.458
0.458
0.457
0.457
0.457
0.457
0.457
0.457
0.457
0.457
0.457
0.457
0.457
0.457
0.457
0.457
0.457
0.457
0.456
0.456
0.456
0.456
0.456
0.456
0.456
0.456
0.456
0.456
0.456
0.455
0.455
0.455
0.455
0.455
0.455
0.455
0.455
0.455
0.455
0.455
0.455
0.455
0.454
0.454
0.454
0.454
0.454
0.454
0.454
0.454
0.454
0.454
0.454
0.454
0.454
0.454
0.454
0.453
0.453
0.453
0.453
0.453
0.453
0.453
0.453
0.453
0.453
0.453
0.453
0.453
0.453
0.452
0.452
0.452
0.452
0.452
0.452
0.452
0.452
0.452
0.452
0.452
0.452
0.452
0.452
0.452
0.452
0.452
0.452
0.452
0.451
0.451
0.451
0.451
0.451
0.451
0.451
0.451
0.451
0.451
0.451
0.451
0.451
0.451
0.451
0.450
0.450
0.450
0.450
0.450
0.450
0.450
0.450
0.450
0.450
0.450
0.450
0.450
0.449
0.450
0.450
0.449
0.449
0.449
0.449
0.449
0.449
0.449
0.449
0.449
0.449
0.449
0.449
0.449
0.449
0.449
0.449
0.449
0.448
0.448
0.448
0.448
0.448
0.448
0.448
0.448
0.448
0.448
0.448
0.448
0.448
0.448
0.448
0.448
0.448
0.448
0.448
0.448
0.447
0.447
0.447
0.447
0.447
0.447
0.447
0.447
0.447
0.447
0.447
0.446
0.446
0.446
0.446
0.446
0.446
0.446
0.446
0.446
0.446
0.446
0.446
0.446
0.446
0.446
0.446
0.446
0.446
0.445
0.445
0.445
0.445
0.445
0.445
0.445
0.445
0.445
0.445
0.445
0.445
0.445
0.445
0.444
0.444
0.444
0.444
0.444
0.444
0.444
0.444
0.444
0.444
0.444
0.444
0.444
0.444
0.444
0.444
0.444
0.444
0.444
0.444
0.444
0.444
0.444
0.444
0.444
0.443
0.443
0.443
0.443
0.443
0.443
0.443
0.443
0.443
0.443
0.443
0.443
0.442
0.442
0.443
0.442
0.442
0.442
0.442
0.442
0.442
0.442
0.442
0.442
0.442
0.442
0.442
0.442
0.442
0.442
0.442
0.442
0.442
0.441
0.441
0.441
0.441
0.441
0.441
0.441
0.441
0.441
0.441
0.441
0.441
0.441
0.441
0.441
0.441
0.441
0.441
0.441
0.441
0.441
0.441
0.441
0.441
0.441
0.441
0.440
0.440
0.440
0.440
0.440
0.440
0.440
0.440
0.440
0.440
0.440
0.440
0.440
0.440
0.440
0.439
0.439
0.439
0.439
0.439
0.439
0.439
0.439
0.439
0.439
0.439
0.439
0.439
0.439
0.439
0.439
0.439
0.439
0.439
0.438
0.439
0.438
0.438
0.438
0.438
0.438
0.438
0.438
0.438
0.438
0.438
0.438
0.438
0.438
0.438
0.438
0.438
0.438
0.438
0.438
0.437
0.437
0.437
0.437
0.437
0.437
0.437
0.437
0.437
0.437
0.437
0.437
0.437
0.437
0.437
0.437
0.437
0.437
0.437
0.437
0.437
0.437
0.437
0.437
0.437
0.437
0.437
0.437
0.437
0.437
0.437
0.437
0.437
0.437
0.437
0.437
0.437
0.437
0.437
0.437
0.437
0.437
0.437
0.437
0.437
0.437
0.437
0.437
0.437
0.437
0.437
0.437
0.437
0.437
0.437
0.437
0.437
0.437
0.437
0.437
0.437
0.437
0.437
0.437
0.437
0.437
0.437
0.437
0.437
0.437
0.437
0.437
0.437
0.437
0.437
0.436
0.437
0.436
0.437
0.436
0.436
0.436
0.436
0.437
0.437
0.437
0.436
0.437
0.436
0.436
0.436
0.436
0.436
0.436
0.436
0.436
0.436
0.436
0.436
0.436
0.436
0.436
0.436
0.436
0.436
0.436
0.436
0.436
0.436
0.436
0.436
0.436
0.436
0.436
0.436
0.436
0.436
0.436
0.436
0.436
0.436
0.436
0.436
0.436
0.436
0.436
0.436
0.436
0.436
0.436
0.436
0.436
0.436
0.436
0.436
0.436
0.436
0.436
0.436
0.436
0.436
0.436
0.436
0.436
0.436
0.436
0.436
0.436
0.436
0.436
0.436
0.436
0.436
0.436
0.436
0.436
0.436
0.436
0.436
0.436
0.436
0.436
0.436
0.436
0.436
0.436
0.436
0.436
0.436
0.436
0.436
0.436
0.436
0.436
0.436
0.436
0.436
0.436
0.436
0.436
0.436
0.436
0.436
0.436
0.435
0.436
0.436
0.436
0.436
0.436
0.436