
0.126
0.111
0.140
0.143
0.139
0.142
0.140
0.137
0.138
0.173
0.168
0.161
0.156
0.154
0.155
0.156
0.152
0.165
0.162
0.159
0.157
0.171
0.169
0.168
0.171
0.181
0.182
0.186
0.184
0.182
0.181
0.179
0.180
0.192
0.191
0.189
0.187
0.198
0.196
0.196
0.194
0.192
0.192
0.200
0.204
0.214
0.218
0.215
0.214
0.213
0.217
0.218
0.215
0.213
0.217
0.216
0.214
0.215
0.222
0.222
0.220
0.218
0.216
0.215
0.214
0.212
0.215
0.216
0.215
0.214
0.214
0.212
0.211
0.210
0.210
0.211
0.213
0.211
0.210
0.208
0.213
0.213
0.213
0.212
0.211
0.211
0.211
0.211
0.210
0.210
0.214
0.216
0.217
0.217
0.218
0.217
0.216
0.216
0.216
0.215
0.214
0.216
0.218
0.217
0.217
0.219
0.219
0.220
0.220
0.219
0.219
0.218
0.217
0.217
0.219
0.221
0.220
0.220
0.221
0.222
0.222
0.224
0.223
0.223
0.224
0.226
0.225
0.225
0.224
0.223
0.222
0.221
0.222
0.223
0.223
0.222
0.223
0.222
0.222
0.224
0.223
0.222
0.221
0.222
0.221
0.220
0.220
0.220
0.220
0.221
0.221
0.220
0.220
0.220
0.220
0.219
0.219
0.221
0.221
0.223
0.223
0.223
0.223
0.223
0.223
0.222
0.223
0.223
0.222
0.224
0.223
0.223
0.223
0.223
0.223
0.223
0.222
0.223
0.224
0.223
0.223
0.222
0.222
0.221
0.220
0.221
0.221
0.220
0.221
0.220
0.220
0.219
0.219
0.219
0.219
0.219
0.218
0.219
0.219
0.219
0.218
0.218
0.218
0.217
0.217
0.216
0.216
0.216
0.216
0.215
0.214
0.214
0.214
0.214
0.215
0.217
0.217
0.217
0.216
0.216
0.216
0.216
0.215
0.214
0.214
0.214
0.215
0.216
0.217
0.216
0.216
0.215
0.216
0.216
0.216
0.216
0.216
0.216
0.216
0.216
0.216
0.216
0.216
0.215
0.215
0.215
0.214
0.214
0.214
0.214
0.214
0.214
0.216
0.216
0.216
0.217
0.217
0.217
0.217
0.218
0.218
0.218
0.217
0.217
0.217
0.217
0.216
0.217
0.218
0.218
0.217
0.217
0.217
0.216
0.216
0.217
0.217
0.216
0.216
0.216
0.216
0.216
0.216
0.216
0.216
0.216
0.216
0.215
0.216
0.216
0.216
0.216
0.216
0.215
0.216
0.216
0.216
0.216
0.216
0.216
0.215
0.215
0.215
0.214
0.214
0.214
0.215
0.215
0.215
0.215
0.215
0.215
0.215
0.215
0.215
0.214
0.214
0.216
0.215
0.216
0.216
0.216
0.216
0.216
0.216
0.216
0.216
0.216
0.215
0.216
0.215
0.215
0.215
0.215
0.215
0.215
0.215
0.215
0.215
0.215
0.215
0.215
0.214
0.215
0.215
0.215
0.214
0.214
0.215
0.214
0.214
0.214
0.215
0.214
0.215
0.214
0.214
0.214
0.214
0.214
0.214
0.215
0.214
0.214
0.215
0.214
0.214
0.214
0.214
0.214
0.214
0.214
0.214
0.214
0.215
0.215
0.215
0.215
0.215
0.216
0.216
0.216
0.215
0.216
0.215
0.215
0.215
0.215
0.215
0.215
0.215
0.216
0.215
0.215
0.216
0.216
0.216
0.217
0.217
0.217
0.217
0.217
0.217
0.217
0.218
0.218
0.218
0.218
0.219
0.219
0.218
0.218
0.218
0.218
0.218
0.218
0.218
0.218
0.219
0.219
0.219
0.220
0.220
0.220
0.220
0.220
0.220
0.220
0.220
0.220
0.220
0.220
0.219
0.219
0.220
0.220
0.220
0.220
0.221
0.221
0.221
0.221
0.221
0.221
0.221
0.221
0.221
0.221
0.221
0.221
0.221
0.221
0.221
0.221
0.221
0.221
0.220
0.221
0.221
0.221
0.221
0.221
0.221
0.221
0.221
0.221
0.222
0.222
0.222
0.222
0.223
0.223
0.222
0.223
0.223
0.223
0.222
0.223
0.224
0.224
0.224
0.224
0.224
0.224
0.225
0.225
0.225
0.225
0.225
0.224
0.224
0.224
0.225
0.225
0.225
0.225
0.226
0.226
0.227
0.227
0.227
0.227
0.227
0.227
0.227
0.227
0.227
0.227
0.227
0.227
0.226
0.226
0.227
0.226
0.226
0.227
0.226
0.227
0.227
0.227
0.228
0.227
0.227
0.227
0.227
0.227
0.227
0.227
0.227
0.227
0.227
0.227
0.227
0.226
0.227
0.227
0.226
0.226
0.226
0.226
0.226
0.226
0.226
0.226
0.226
0.226
0.226
0.226
0.227
0.226
0.226
0.226
0.226
0.226
0.226
0.226
0.226
0.226
0.226
0.226
0.226
0.226
0.226
0.226
0.226
0.226
0.226
0.225
0.226
0.225
0.226
0.226
0.227
0.226
0.226
0.227
0.227
0.227
0.227
0.227
0.226
0.226
0.226
0.226
0.226
0.226
0.226
0.225
0.225
0.225
0.226
0.225
0.226
0.227
0.226
0.227
0.227
0.227
0.227
0.226
0.227
0.227
0.227
0.227
0.227
0.227
0.227
0.226
0.227
0.227
0.227
0.227
0.227
0.227
0.227
0.227
0.227
0.227
0.227
0.227
0.227
0.227
0.227
0.227
0.227
0.227
0.226
0.227
0.226
0.226
0.226
0.226
0.226
0.226
0.226
0.226
0.226
0.226
0.227
0.227
0.227
0.227
0.227
0.227
0.227
0.227
0.227
0.227
0.226
0.227
0.227
0.227
0.227
0.227
0.227
0.227
0.227
0.227
0.227
0.227
0.226
0.226
0.226
0.226
0.226
0.226
0.226
0.226
0.226
0.226
0.227
0.227
0.227
0.227
0.227
0.227
0.227
0.227
0.227
0.227
0.227
0.227
0.227
0.227
0.227
0.227
0.227
0.227
0.227
0.227
0.227
0.227
0.227
0.227
0.227
0.227
0.227
0.227
0.227
0.227
0.227
0.227
0.227
0.227
0.227
0.227
0.227
0.227
0.227
0.227
0.227
0.227
0.227
0.227
0.227
0.227
0.227
0.227
0.227
0.227
0.227
0.227
0.227
0.227
0.227
0.227
0.227
0.227
0.227
0.227
0.227
0.227
0.227
0.227
0.227
0.227
0.227
0.227
0.227
0.227
0.227
0.227
0.227
0.227
0.227
0.227
0.227
0.227
0.227
0.227
0.227
0.227
0.227
0.227
0.227
0.227
0.227
0.227
0.227
0.227
0.227
0.227
0.227
0.227
0.227
0.227
0.227
0.227
0.227
0.227
0.227
0.227
0.227
0.227
0.227
0.227
0.227
0.227
0.227
0.227
0.227
0.227
0.227
0.227
0.227
0.227
0.227
0.227
0.227
0.227
0.227
0.227
0.227
0.227
0.227
0.227
0.227
0.227
0.227
0.227
0.227
0.227
0.227
0.227
0.227
0.228
0.228
0.228
0.228
0.228
0.228
0.228
0.228
0.228
0.228
0.228
0.228
0.228
0.228
0.228
0.228
0.228
0.228
0.228
0.228
0.228
0.228
0.228
0.228
0.228
0.228
0.228
0.228
0.228
0.228
0.229
0.229
0.229
0.229
0.229
0.229
0.229
0.229
0.229
0.229
0.229
0.229
0.229
0.229
0.229
0.229
0.230
0.230
0.230
0.230
0.230
0.230
0.230
0.230
0.230
0.230
0.230
0.230
0.230
0.230
0.230
0.230
0.230
0.231
0.231
0.231
0.231
0.231
0.231
0.231
0.231
0.231
0.231
0.231
0.231
0.231
0.231
0.231
0.231
0.231
0.231
0.231
0.231
0.231
0.231
0.231
0.231
0.232
0.232
0.232
0.232
0.232
0.232
0.232
0.232
0.232
0.232
0.232
0.232
0.232
0.232
0.232
0.232
0.232
0.232
0.232
0.232
0.232
0.232
0.232
0.232
0.232
0.232
0.232
0.233
0.233
0.233
0.233
0.233
0.233
0.233
0.233
0.233
0.233
0.233
0.233
0.233
0.233
0.233
0.233
0.233
0.233
0.233
0.233
0.233
0.233
0.233
0.233
0.233
0.233
0.233
0.233
0.233
0.233
0.233
0.233
0.233
0.233
0.233
0.233
0.233
0.233
0.233
0.234
0.234
0.234
0.234
0.234
0.234
0.234
0.234
0.234
0.234
0.234
0.234
0.234
0.234
0.234
0.234
0.234
0.234
0.234
0.234
0.234
0.234
0.234
0.234
0.234
0.234
0.234
0.234
0.234
0.234
0.234
0.234
0.234
0.234
0.234
0.234
0.234
0.234
0.234
0.234
0.234
0.234
0.235
0.235
0.235
0.235
0.234
0.234
0.234
0.234
0.235
0.235
0.235
0.235
0.235
0.235
0.235
0.235
0.235
0.235
0.235
0.235
0.235
0.235
0.235
0.235
0.235
0.235
0.235
0.235
0.235
0.235
0.235
0.235
0.235
0.235
0.235
0.235
0.235
0.235
0.235
0.235
0.235
0.235
0.236
0.235
0.236
0.236
0.236
0.236
0.236
0.236
0.236
0.236
0.236
0.236
0.236
0.236
0.236
0.236
0.236
0.236
0.236
0.236
0.236
0.236
0.236
0.236
0.236
0.236
0.236
0.236
0.236
0.236
0.236
0.236
0.236
0.236
0.236
0.236
0.236
0.236
0.236
0.236
0.236
0.236
0.236
0.236
0.236
0.236
0.236
0.236
0.236
0.236
0.236
0.236
0.237
0.237
0.237
0.237
0.237
0.237
0.237
0.237
0.237
0.237
0.237
0.237
0.237
0.237
0.237
0.237
0.237
0.237
0.237
0.237
0.238
0.238
0.238
0.238
0.238
0.238
0.238
0.238
0.238
0.238
0.238
0.238
0.238
0.238
0.238
0.238
0.238
0.238
0.238
0.238
0.238
0.238
0.238
0.238
0.238
0.238
0.238
0.238
0.238
0.238
0.238
0.238
0.238
0.238
0.238
0.238
0.238
0.238
0.238
0.238
0.238
0.238
0.238
0.238
0.238
0.238
0.238
0.238
0.238
0.238
0.238
0.238
0.238
0.238
0.238
0.239
0.239
0.239
0.238
0.239
0.239
0.239
0.239
0.238
0.238
0.239
0.239
0.239
0.239
0.240
0.241
0.240
0.240
0.240
0.241
0.241
0.242
0.242
0.242
0.243
0.243
0.242
0.243
0.243
0.244
0.245
0.246
0.246
0.247
0.247
0.247
0.247
0.247
0.247
0.247
0.248
0.247
0.247
0.247
0.247
0.248
0.248
0.249
0.249
0.249
0.249
0.249
0.249
0.249
0.250
0.251
0.251
0.251
0.251
0.252
0.252
0.252
0.252
0.253
0.254
0.255
0.255
0.255
0.255
0.256
0.256
0.256
0.256
0.255
0.255
0.256
0.256
0.256
0.257
0.258
0.258
0.257
0.258
0.258
0.259
0.258
0.258
0.259
0.259
0.259
0.259
0.259
0.260
0.260
0.261
0.261
0.261
0.262
0.263
0.263
0.264
0.264
0.265
0.265
0.265
0.266
0.266
0.266
0.267
0.267
0.267
0.268
0.268
0.267
0.267
0.267
0.267
0.267
0.267
0.268
0.268
0.268
0.268
0.269
0.269
0.270
0.270
0.270
0.271
0.271
0.271
0.271
0.271
0.272
0.272
0.273
0.273
0.274
0.275
0.275
0.275
0.275
0.275
0.274
0.274
0.275
0.275
0.275
0.275
0.276
0.276
0.275
0.275
0.276
0.277
0.277
0.277
0.278
0.278
0.279
0.279
0.279
0.279
0.279
0.280
0.279
0.279
0.279
0.279
0.279
0.279
0.279
0.279
0.279
0.279
0.280
0.280
0.281
0.281
0.282
0.282
0.282
0.282
0.283
0.283
0.283
0.283
0.283
0.283
0.283
0.283
0.283
0.283
0.284
0.285
0.285
0.285
0.286
0.286
0.287
0.287
0.287
0.287
0.287
0.288
0.288
0.289
0.289
0.289
0.290
0.290
0.290
0.290
0.290
0.290
0.291
0.290
0.290
0.291
0.292
0.292
0.292
0.292
0.293
0.293
0.294
0.294
0.294
0.294
0.294
0.294
0.295
0.295
0.295
0.295
0.295
0.295
0.296
0.296
0.296
0.297
0.297
0.298
0.298
0.298
0.299
0.299
0.300
0.300
0.300
0.301
0.301
0.301
0.302
0.302
0.302
0.302
0.302
0.303
0.303
0.303
0.304
0.304
0.305
0.305
0.305
0.305
0.306
0.306
0.306
0.306
0.306
0.306
0.306
0.306
0.307
0.307
0.307
0.307
0.307
0.307
0.307
0.307
0.307
0.307
0.307
0.307
0.307
0.308
0.308
0.309
0.309
0.309
0.309
0.309
0.309
0.310
0.309
0.309
0.310
0.310
0.310
0.310
0.311
0.311
0.311
0.311
0.312
0.312
0.312
0.313
0.314
0.314
0.314
0.314
0.314
0.314
0.314
0.315
0.315
0.314
0.314
0.314
0.314
0.314
0.314
0.314
0.315
0.314
0.315
0.314
0.315
0.315
0.315
0.316
0.316
0.316
0.316
0.316
0.316
0.316
0.317
0.316
0.316
0.316
0.317
0.317
0.317
0.317
0.317
0.317
0.318
0.318
0.318
0.319
0.319
0.320
0.321
0.320
0.321
0.321
0.321
0.321
0.322
0.322
0.322
0.323
0.323
0.322
0.322
0.323
0.322
0.322
0.322
0.323
0.322
0.323
0.323
0.323
0.324
0.324
0.324
0.324
0.324
0.324
0.324
0.324
0.324
0.325
0.325
0.325
0.325
0.325
0.326
0.326
0.326
0.326
0.327
0.327
0.327
0.328
0.328
0.328
0.328
0.328
0.328
0.329
0.329
0.329
0.329
0.329
0.329
0.329
0.329
0.329
0.329
0.329
0.329
0.329
0.329
0.329
0.329
0.329
0.329
0.329
0.329
0.329
0.329
0.329
0.328
0.328
0.328
0.329
0.329
0.329
0.328
0.328
0.328
0.328
0.328
0.328
0.328
0.328
0.328
0.328
0.328
0.328
0.328
0.328
0.328
0.328
0.328
0.328
0.328
0.328
0.328
0.328
0.328
0.328
0.328
0.328
0.328
0.328
0.328
0.328
0.328
0.328
0.328
0.328
0.328
0.328
0.328
0.328
0.328
0.328
0.328
0.328
0.328
0.328
0.328
0.328
0.327
0.327
0.327
0.327
0.328
0.327
0.327
0.327
0.327
0.327
0.327
0.327
0.327
0.327
0.327
0.327
0.327
0.327
0.327
0.327
0.327
0.327
0.327
0.327
0.327
0.327
0.327
0.327
0.327
0.327
0.327
0.327
0.327
0.327
0.327
0.327
0.327
0.326
0.326
0.326
0.326
0.326
0.326
0.326
0.326
0.326
0.327
0.326
0.327
0.327
0.327
0.326
0.326
0.326
0.326
0.326
0.326
0.326
0.326
0.326
0.327
0.327
0.327
0.327
0.327
0.327
0.327
0.327
0.327
0.327
0.327
0.327
0.327
0.327
0.327
0.327
0.327
0.327
0.327
0.327
0.327
0.327
0.327
0.327
0.327
0.327
0.327
0.327
0.327
0.327
0.327
0.327
0.327
0.327
0.327
0.327
0.327
0.327
0.327
0.327
0.327
0.327
0.327
0.327
0.327
0.327
0.327
0.327
0.327
0.327
0.327
0.326
0.327
0.326
0.326
0.326
0.326
0.326
0.326
0.326
0.326
0.327
0.327
0.327
0.327
0.326
0.327
0.327
0.327
0.327
0.327
0.327
0.327
0.327
0.327
0.327
0.327
0.327
0.327
0.327
0.327
0.327
0.327
0.327
0.328
0.327
0.327
0.328
0.328
0.328
0.327
0.327
0.327
0.327
0.327
0.327
0.327
0.327
0.327
0.327
0.327
0.327
0.327
0.327
0.327
0.327
0.327
0.327
0.327
0.327
0.327
0.326
0.326
0.326
0.327
0.326
0.326
0.326
0.326
0.326
0.326
0.326
0.326
0.327
0.327
0.327
0.327
0.327
0.327
0.327
0.327
0.327
0.327
0.327
0.327
0.327
0.327
0.327
0.327
0.327
0.327
0.326
0.326
0.326
0.326
0.326
0.326
0.326
0.326
0.326
0.326
0.326
0.326
0.326
0.325
0.325
0.326
0.326
0.326
0.326
0.326
0.326
0.325
0.325
0.325
0.325
0.325
0.325
0.325
0.325
0.325
0.325
0.325
0.325
0.325
0.325
0.325
0.325
0.324
0.324
0.324
0.324
0.324
0.324
0.324
0.324
0.324
0.324
0.324
0.324
0.324
0.324
0.324
0.324
0.324
0.324
0.323
0.323
0.323
0.323
0.323
0.323
0.323
0.323
0.323
0.323
0.323
0.323
0.322
0.322
0.322
0.322
0.322
0.322
0.322
0.322
0.322
0.322
0.322
0.322
0.322
0.321
0.321
0.321
0.321
0.321
0.321
0.321
0.321
0.321
0.321
0.321
0.321
0.321
0.321
0.321
0.321
0.321
0.320
0.320
0.320
0.320
0.320
0.320
0.320
0.320
0.320
0.320
0.320
0.320
0.320
0.320
0.320
0.320
0.320
0.320
0.319
0.319
0.319
0.319
0.319
0.319
0.319
0.319
0.319
0.319
0.319
0.319
0.319
0.318
0.318
0.318
0.318
0.318
0.318
0.318
0.318
0.318
0.318
0.318
0.318
0.318
0.318
0.317
0.317
0.317
0.317
0.317
0.317
0.317
0.317
0.317
0.317
0.317
0.317
0.317
0.317
0.317
0.316
0.316
0.316
0.316
0.316
0.316
0.316
0.316
0.316
0.316
0.316
0.316
0.316
0.316
0.316
0.315
0.315
0.315
0.315
0.315
0.315
0.315
0.315
0.315
0.315
0.315
0.315
0.315
0.314
0.314
0.314
0.314
0.314
0.314
0.314
0.314
0.314
0.314
0.314
0.314
0.314
0.314
0.314
0.314
0.313
0.313
0.313
0.313
0.313
0.313
0.313
0.313
0.313
0.313
0.313
0.313
0.313
0.313
0.313
0.313
0.312
0.312
0.312
0.312
0.312
0.312
0.312
0.312
0.312
0.312
0.312
0.312
0.312
0.312
0.312
0.312
0.312
0.312
0.311
0.311
0.311
0.311
0.311
0.311
0.311
0.311
0.311
0.311
0.311
0.311
0.311
0.311
0.311
0.311
0.311
0.310
0.310
0.310
0.310
0.310
0.310
0.310
0.310
0.310
0.310
0.310
0.310
0.310
0.310
0.310
0.310
0.310
0.310
0.310
0.310
0.309
0.309
0.309
0.309
0.309
0.309
0.309
0.309
0.309
0.309
0.309
0.309
0.309
0.309
0.309
0.309
0.309
0.309
0.308
0.308
0.308
0.308
0.308
0.308
0.308
0.308
0.308
0.308
0.308
0.308
0.308
0.308
0.308
0.308
0.308
0.308
0.308
0.308
0.307
0.307
0.307
0.307
0.307
0.307
0.307
0.307
0.307
0.307
0.307
0.307
0.307
0.307
0.307
0.307
0.307
0.307
0.307
0.307
0.306
0.306
0.306
0.306
0.306
0.306
0.306
0.306
0.306
0.306
0.306
0.306
0.306
0.306
0.306
0.306
0.306
0.306
0.306
0.306
0.306
0.306
0.306
0.305
0.305
0.306
0.305
0.305
0.305
0.306
0.306
0.306
0.305
0.305
0.305
0.305
0.305
0.305
0.305
0.306
0.306
0.305
0.305
0.306
0.306
0.306
0.306
0.306
0.306
0.306
0.306
0.306
0.306
0.306
0.306
0.306
0.306
0.306
0.306
0.306
0.306
0.306
0.306
0.306
0.306
0.306
0.306
0.306
0.306
0.306
0.306
0.306
0.306
0.306
0.306
0.306
0.306
0.306
0.306
0.306
0.306
0.306
0.306
0.306
0.306
0.306
0.306
0.306
0.306
0.306
0.306
0.306
0.306
0.306
0.306
0.306
0.306
0.306
0.306
0.306
0.306
0.306
0.306
0.306
0.306
0.306
0.306
0.306
0.306
0.306
0.306
0.306
0.306
0.306
0.306
0.306
0.306
0.306
0.306
0.306
0.306
0.306
0.306
0.306
0.306
0.306
0.306
0.306
0.306
0.306
0.306
0.306
0.306
0.306
0.306
0.306
0.306
0.306
0.306
0.306
0.306
0.306
0.306
0.306
0.306
0.306
0.306
0.306
0.306
0.306
0.306
0.306
0.306
0.306
0.306
0.306
0.306
0.306
0.306
0.306
0.306
0.306
0.306
0.306
0.306
0.306
0.306
0.306
0.306
0.306
0.306
0.306
0.306
0.306
0.306
0.306
0.306
0.306
0.306
0.306
0.306
0.306
0.306
0.306
0.306
0.306
0.306
0.306
0.306
0.306
0.306
0.306
0.306
0.306
0.306
0.306
0.306
0.306
0.306
0.306
0.306
0.306
0.306
0.306
0.306
0.306
0.306
0.306
0.306
0.306
0.306
0.306
0.306
0.306
0.306
0.306
0.306
0.306
0.306
0.306
0.306
0.306
0.306
0.306
0.306
0.306
0.306
0.306
0.306
0.306
0.306
0.306
0.306
0.306
0.306
0.306
0.306
0.306
0.306
0.305
0.306
0.305
0.305
0.305
0.305
0.305
0.305
0.305
0.305
0.305
0.305
0.305
0.305
0.305
0.305
0.305
0.305
0.305
0.305
0.305
0.305
0.305
0.305
0.305
0.305
0.305
0.305
0.305
0.305
0.305
0.305
0.304
0.305
0.305
0.305
0.305
0.305
0.305
0.304
0.304
0.304
0.305
0.304
0.304
0.304
0.304
0.304
0.304
0.304
0.304
0.304
0.304
0.304
0.304
0.304
0.304
0.304
0.304
0.304
0.304
0.304
0.304
0.304
0.304
0.304
0.304
0.304
0.304
0.304
0.304
0.304
0.304
0.304
0.304
0.304
0.304
0.304
0.304
0.304
0.304
0.304
0.304
0.304
0.304
0.304
0.304
0.304
0.304
0.304
0.304
0.304
0.304
0.304
0.304
0.304
0.304
0.304
0.304
0.304
0.304
0.304
0.304
0.304
0.304
0.304
0.304
0.304
0.304
0.304
0.304
0.304
0.304
0.304
0.304
0.304
0.304
0.304
0.304
0.304
0.304
0.304
0.304
0.304
0.304
0.304
0.304
0.304
0.304
0.304
0.304
0.304
0.303
0.303
0.303
0.303
0.303
0.303
0.303
0.303
0.303
0.303
0.303
0.303
0.303
0.303
0.303
0.303
0.303
0.303
0.303
0.303
0.303
0.303
0.303
0.303
0.303
0.303
0.303
0.303
0.303
0.303
0.303
0.303
0.303
0.303
0.303
0.303
0.303
0.303
0.303
0.303
0.303
0.303
0.303
0.302
0.302
0.303
0.302
0.302
0.302
0.302
0.302
0.302
0.302
0.302
0.302
0.302
0.302
0.302
0.302
0.302
0.302
0.302
0.302
0.302
0.302
0.302
0.302
0.302
0.302
0.302
0.302
0.302
0.302
0.302
0.302
0.302
0.302
0.302
0.302
0.302
0.302
0.302
0.302
0.302
0.302
0.302
0.302
0.302
0.302
0.302
0.302
0.302