Precisão média por imagem
0.388
0.442
0.425
0.410
0.463
0.505
0.549
0.580
0.593
0.610
0.601
0.611
0.619
0.627
0.635
0.625
0.637
0.650
0.653
0.657
0.652
0.648
0.638
0.624
0.614
0.605
0.596
0.582
0.567
0.566
0.557
0.551
0.545
0.540
0.534
0.531
0.528
0.520
0.515
0.511
0.507
0.502
0.508
0.503
0.508
0.503
0.498
0.492
0.487
0.482
0.481
0.478
0.473
0.468
0.463
0.458
0.454
0.449
0.455
0.459
0.464
0.463
0.462
0.461
0.458
0.454
0.451
0.450
0.449
0.446
0.444
0.441
0.437
0.434
0.432
0.432
0.431
0.432
0.433
0.429
0.426
0.426
0.427
0.424
0.426
0.425
0.425
0.424
0.422
0.424
0.426
0.426
0.425
0.430
0.432
0.435
0.438
0.442
0.446
0.445
0.448
0.450
0.454
0.457
0.461
0.463
0.466
0.470
0.472
0.475
0.478
0.481
0.484
0.483
0.487
0.490
0.489
0.492
0.490
0.488
0.485
0.483
0.482
0.481
0.480
0.477
0.475
0.474
0.472
0.470
0.467
0.466
0.464
0.465
0.465
0.464
0.463
0.461
0.461
0.460
0.458
0.458
0.458
0.458
0.457
0.456
0.455
0.454
0.453
0.453
0.451
0.449
0.448
0.448
0.448
0.448
0.448
0.448
0.448
0.448
0.448
0.447
0.446
0.445
0.444
0.445
0.445
0.445
0.444
0.443
0.442
0.441
0.441
0.442
0.444
0.443
0.444
0.443
0.443
0.444
0.444
0.445
0.444
0.444
0.444
0.444
0.443
0.442
0.441
0.440
0.440
0.440
0.439
0.439
0.439
0.439
0.439
0.439
0.438
0.437
0.437
0.436
0.434
0.434
0.433
0.433
0.433
0.431
0.431
0.430
0.429
0.428
0.427
0.426
0.426
0.426
0.426
0.426
0.426
0.426
0.426
0.425
0.425
0.424
0.424
0.424
0.424
0.424
0.424
0.423
0.422
0.422
0.422
0.422
0.422
0.421
0.420
0.419
0.419
0.419
0.418
0.417
0.417
0.416
0.416
0.416
0.416
0.416
0.416
0.415
0.414
0.414
0.414
0.413
0.413
0.413
0.413
0.412
0.412
0.412
0.414
0.415
0.414
0.414
0.415
0.417
0.417
0.416
0.417
0.417
0.417
0.417
0.416
0.416
0.416
0.417
0.417
0.416
0.416
0.416
0.416
0.415
0.415
0.414
0.414
0.414
0.414
0.413
0.412
0.412
0.411
0.410
0.410
0.410
0.409
0.409
0.409
0.409
0.410
0.410
0.411
0.412
0.412
0.412
0.412
0.412
0.412
0.412
0.412
0.412
0.411
0.411
0.410
0.410
0.409
0.409
0.408
0.408
0.409
0.410
0.411
0.412
0.413
0.414
0.416
0.417
0.416
0.417
0.416
0.416
0.416
0.416
0.415
0.415
0.414
0.415
0.416
0.418
0.417
0.418
0.419
0.420
0.420
0.420
0.420
0.421
0.422
0.423
0.424
0.424
0.425
0.426
0.426
0.426
0.425
0.425
0.425
0.425
0.425
0.425
0.425
0.425
0.425
0.425
0.425
0.425
0.424
0.423
0.423
0.422
0.423
0.425
0.425
0.427
0.427
0.428
0.429
0.430
0.431
0.431
0.432
0.433
0.433
0.434
0.434
0.434
0.435
0.436
0.437
0.437
0.437
0.438
0.437
0.438
0.439
0.439
0.438
0.438
0.438
0.438
0.437
0.437
0.437
0.438
0.439
0.440
0.440
0.441
0.441
0.440
0.440
0.440
0.440
0.440
0.441
0.442
0.443
0.442
0.442
0.441
0.441
0.440
0.440
0.440
0.440
0.439
0.439
0.439
0.438
0.438
0.438
0.438
0.437
0.438
0.439
0.440
0.440
0.440
0.440
0.439
0.438
0.439
0.440
0.440
0.441
0.441
0.440
0.441
0.441
0.440
0.440
0.440
0.439
0.439
0.438
0.437
0.437
0.437
0.437
0.438
0.437
0.437
0.436
0.436
0.436
0.436
0.436
0.435
0.435
0.434
0.434
0.435
0.435
0.435
0.434
0.434
0.434
0.434
0.434
0.434
0.433
0.433
0.433
0.433
0.433
0.433
0.433
0.433
0.433
0.433
0.433
0.433
0.434
0.434
0.434
0.434
0.434
0.433
0.433
0.433
0.433
0.433
0.433
0.433
0.432
0.433
0.434
0.434
0.435
0.435
0.435
0.435
0.435
0.435
0.434
0.434
0.435
0.434
0.435
0.434
0.434
0.434
0.434
0.434
0.433
0.433
0.433
0.433
0.433
0.433
0.433
0.433
0.433
0.433
0.432
0.432
0.432
0.432
0.432
0.432
0.431
0.431
0.431
0.432
0.432
0.432
0.432
0.432
0.432
0.432
0.431
0.431
0.431
0.431
0.431
0.431
0.430
0.431
0.430
0.430
0.430
0.430
0.430
0.430
0.430
0.430
0.431
0.431
0.431
0.430
0.430
0.430
0.430
0.430
0.430
0.429
0.429
0.429
0.429
0.429
0.429
0.429
0.429
0.429
0.428
0.428
0.428
0.429
0.429
0.430
0.431
0.431
0.432
0.432
0.433
0.432
0.432
0.432
0.432
0.432
0.431
0.431
0.431
0.430
0.430
0.430
0.430
0.429
0.429
0.429
0.429
0.430
0.429
0.430
0.429
0.429
0.429
0.429
0.429
0.428
0.428
0.429
0.429
0.430
0.430
0.430
0.430
0.430
0.431
0.431
0.431
0.431
0.430
0.430
0.430
0.430
0.430
0.429
0.429
0.429
0.429
0.429
0.429
0.429
0.429
0.429
0.428
0.428
0.428
0.428
0.428
0.428
0.428
0.428
0.427
0.427
0.427
0.427
0.427
0.426
0.426
0.426
0.425
0.425
0.425
0.426
0.426
0.426
0.426
0.426
0.426
0.425
0.425
0.425
0.424
0.424
0.424
0.424
0.424
0.423
0.424
0.423
0.424
0.424
0.424
0.424
0.424
0.423
0.423
0.423
0.423
0.423
0.423
0.422
0.422
0.422
0.422
0.422
0.421
0.422
0.422
0.422
0.422
0.421
0.422
0.422
0.422
0.422
0.423
0.423
0.423
0.422
0.423
0.422
0.422
0.422
0.422
0.422
0.422
0.422
0.423
0.423
0.423
0.423
0.423
0.423
0.424
0.424
0.424
0.424
0.424
0.423
0.423
0.423
0.423
0.423
0.423
0.423
0.423
0.423
0.423
0.422
0.422
0.422
0.422
0.422
0.422
0.422
0.421
0.421
0.421
0.421
0.421
0.420
0.420
0.420
0.420
0.420
0.420
0.419
0.419
0.419
0.419
0.419
0.419
0.419
0.419
0.419
0.419
0.419
0.419
0.418
0.418
0.418
0.418
0.419
0.419
0.419
0.419
0.419
0.419
0.419
0.419
0.419
0.419
0.419
0.419
0.419
0.419
0.419
0.419
0.419
0.419
0.419
0.420
0.420
0.421
0.421
0.421
0.422
0.422
0.422
0.422
0.421
0.421
0.421
0.420
0.420
0.420
0.420
0.420
0.420
0.420
0.420
0.420
0.419
0.419
0.419
0.419
0.419
0.419
0.420
0.420
0.419
0.419
0.419
0.419
0.419
0.419
0.419
0.419
0.418
0.418
0.419
0.418
0.418
0.419
0.419
0.419
0.420
0.420
0.420
0.419
0.419
0.419
0.419
0.418
0.418
0.418
0.418
0.418
0.418
0.418
0.418
0.419
0.418
0.418
0.418
0.418
0.418
0.418
0.419
0.419
0.419
0.419
0.418
0.418
0.419
0.418
0.418
0.418
0.418
0.418
0.418
0.418
0.418
0.418
0.418
0.418
0.418
0.418
0.418
0.417
0.417
0.417
0.417
0.417
0.417
0.417
0.416
0.416
0.417
0.417
0.417
0.417
0.416
0.416
0.416
0.416
0.416
0.416
0.416
0.416
0.416
0.416
0.416
0.416
0.416
0.416
0.416
0.415
0.415
0.415
0.415
0.415
0.416
0.416
0.416
0.417
0.417
0.417
0.417
0.417
0.417
0.417
0.417
0.417
0.417
0.417
0.417
0.417
0.417
0.417
0.417
0.417
0.417
0.417
0.417
0.417
0.417
0.417
0.417
0.417
0.417
0.417
0.417
0.417
0.417
0.416
0.416
0.416
0.416
0.416
0.416
0.416
0.416
0.416
0.415
0.415
0.415
0.416
0.415
0.415
0.415
0.415
0.415
0.415
0.415
0.415
0.415
0.414
0.414
0.414
0.414
0.414
0.415
0.415
0.415
0.415
0.415
0.415
0.415
0.415
0.415
0.415
0.415
0.415
0.415
0.415
0.415
0.415
0.415
0.415
0.415
0.415
0.415
0.415
0.415
0.415
0.415
0.415
0.414
0.414
0.414
0.414
0.414
0.414
0.414
0.414
0.414
0.414
0.414
0.414
0.414
0.414
0.414
0.414
0.414
0.414
0.414
0.414
0.414
0.414
0.414
0.414
0.414
0.413
0.413
0.413
0.413
0.413
0.413
0.413
0.413
0.413
0.412
0.412
0.412
0.413
0.413
0.413
0.414
0.414
0.415
0.415
0.415
0.416
0.416
0.416
0.416
0.416
0.416
0.416
0.416
0.416
0.415
0.415
0.415
0.415
0.415
0.415
0.415
0.415
0.416
0.416
0.416
0.416
0.416
0.416
0.416
0.416
0.416
0.416
0.416
0.415
0.415
0.415
0.415
0.415
0.415
0.415
0.415
0.415
0.415
0.415
0.414
0.414
0.414
0.414
0.414
0.414
0.414
0.414
0.414
0.414
0.415
0.415
0.415
0.416
0.416
0.416
0.416
0.416
0.415
0.415
0.415
0.415
0.415
0.415
0.415
0.414
0.414
0.414
0.414
0.414
0.415
0.415
0.415
0.415
0.416
0.415
0.415
0.416
0.416
0.416
0.416
0.417
0.417
0.417
0.418
0.418
0.418
0.419
0.419
0.419
0.420
0.420
0.420
0.420
0.421
0.421
0.421
0.421
0.422
0.422
0.422
0.422
0.423
0.422
0.423
0.422
0.422
0.422
0.422
0.422
0.422
0.422
0.422
0.422
0.422
0.421
0.421
0.421
0.421
0.421
0.422
0.422
0.422
0.423
0.423
0.423
0.423
0.423
0.423
0.423
0.424
0.424
0.424
0.424
0.423
0.423
0.423
0.423
0.423
0.423
0.423
0.423
0.423
0.423
0.423
0.423
0.423
0.423
0.423
0.423
0.423
0.423
0.423
0.423
0.423
0.423
0.423
0.423
0.423
0.423
0.423
0.422
0.423
0.423
0.423
0.424
0.424
0.424
0.424
0.425
0.425
0.425
0.425
0.425
0.425
0.425
0.425
0.425
0.425
0.425
0.425
0.425
0.425
0.425
0.424
0.424
0.424
0.424
0.424
0.424
0.424
0.424
0.423
0.424
0.424
0.424
0.424
0.424
0.423
0.424
0.424
0.423
0.423
0.423
0.423
0.423
0.423
0.423
0.423
0.423
0.423
0.423
0.423
0.423
0.423
0.423
0.423
0.423
0.423
0.423
0.424
0.424
0.424
0.425
0.425
0.425
0.424
0.424
0.424
0.424
0.424
0.424
0.424
0.423
0.424
0.424
0.424
0.424
0.424
0.424
0.424
0.424
0.424
0.425
0.425
0.424
0.424
0.424
0.424
0.424
0.424
0.425
0.425
0.425
0.426
0.426
0.426
0.426
0.427
0.427
0.427
0.427
0.427
0.427
0.427
0.427
0.427
0.427
0.426
0.426
0.426
0.426
0.426
0.426
0.426
0.426
0.426
0.426
0.426
0.425
0.425
0.425
0.425
0.425
0.426
0.426
0.426
0.427
0.427
0.427
0.427
0.427
0.427
0.427
0.427
0.427
0.427
0.427
0.426
0.426
0.426
0.427
0.427
0.427
0.427
0.426
0.427
0.427
0.427
0.427
0.427
0.428
0.428
0.428
0.428
0.429
0.429
0.429
0.429
0.428
0.428
0.428
0.428
0.428
0.429
0.429
0.429
0.429
0.428
0.428
0.428
0.428
0.428
0.428
0.428
0.428
0.428
0.428
0.428
0.428
0.427
0.427
0.428
0.428
0.428
0.429
0.429
0.429
0.429
0.429
0.430
0.430
0.429
0.430
0.430
0.430
0.430
0.430
0.430
0.430
0.430
0.430
0.430
0.431
0.431
0.431
0.431
0.432
0.432
0.432
0.432
0.432
0.432
0.432
0.432
0.433
0.433
0.433
0.433
0.433
0.433
0.433
0.433
0.433
0.433
0.433
0.433
0.433
0.433
0.433
0.433
0.433
0.434
0.434
0.434
0.434
0.434
0.434
0.434
0.434
0.434
0.434
0.433
0.433
0.433
0.433
0.433
0.433
0.433
0.433
0.434
0.434
0.434
0.434
0.434
0.434
0.434
0.434
0.434
0.434
0.434
0.434
0.434
0.434
0.434
0.433
0.433
0.433
0.433
0.433
0.433
0.433
0.433
0.433
0.433
0.433
0.433
0.433
0.433
0.433
0.433
0.433
0.433
0.433
0.433
0.433
0.433
0.433
0.433
0.433
0.433
0.433
0.433
0.432
0.432
0.432
0.432
0.432
0.432
0.432
0.432
0.432
0.432
0.432
0.432
0.432
0.432
0.432
0.432
0.432
0.432
0.432
0.432
0.432
0.432
0.432
0.432
0.432
0.432
0.432
0.432
0.432
0.432
0.432
0.432
0.432
0.432
0.432
0.432
0.432
0.432
0.432
0.432
0.432
0.432
0.432
0.432
0.432
0.432
0.432
0.432