Precisão média por imagem
0.499
0.474
0.549
0.555
0.604
0.665
0.691
0.723
0.745
0.762
0.777
0.790
0.790
0.787
0.795
0.794
0.801
0.807
0.805
0.811
0.811
0.809
0.808
0.806
0.799
0.792
0.784
0.773
0.762
0.756
0.750
0.743
0.736
0.732
0.725
0.719
0.716
0.716
0.711
0.717
0.709
0.702
0.707
0.702
0.698
0.701
0.696
0.690
0.688
0.683
0.681
0.678
0.673
0.670
0.665
0.659
0.654
0.649
0.652
0.655
0.658
0.660
0.656
0.653
0.654
0.652
0.655
0.657
0.656
0.652
0.653
0.654
0.652
0.648
0.651
0.650
0.647
0.646
0.645
0.644
0.640
0.638
0.640
0.638
0.642
0.642
0.642
0.641
0.642
0.642
0.641
0.640
0.639
0.643
0.646
0.648
0.651
0.652
0.653
0.655
0.656
0.657
0.658
0.660
0.661
0.662
0.663
0.666
0.668
0.670
0.671
0.674
0.672
0.675
0.677
0.679
0.680
0.682
0.680
0.678
0.679
0.680
0.679
0.679
0.677
0.675
0.673
0.672
0.670
0.668
0.667
0.666
0.664
0.664
0.665
0.663
0.661
0.659
0.660
0.660
0.661
0.661
0.661
0.660
0.661
0.661
0.661
0.660
0.659
0.658
0.659
0.661
0.660
0.659
0.659
0.658
0.657
0.658
0.657
0.656
0.655
0.656
0.656
0.656
0.654
0.653
0.653
0.653
0.654
0.652
0.651
0.651
0.650
0.651
0.652
0.653
0.654
0.653
0.652
0.651
0.651
0.651
0.651
0.651
0.651
0.650
0.650
0.649
0.650
0.649
0.648
0.649
0.648
0.648
0.647
0.646
0.647
0.648
0.648
0.649
0.650
0.649
0.648
0.648
0.649
0.649
0.650
0.649
0.648
0.649
0.649
0.648
0.649
0.649
0.650
0.651
0.651
0.652
0.652
0.651
0.650
0.649
0.649
0.649
0.648
0.649
0.649
0.649
0.649
0.647
0.646
0.646
0.646
0.645
0.645
0.646
0.647
0.648
0.648
0.647
0.647
0.647
0.648
0.648
0.648
0.648
0.647
0.647
0.647
0.648
0.648
0.648
0.647
0.647
0.647
0.647
0.646
0.647
0.646
0.646
0.647
0.648
0.647
0.647
0.647
0.646
0.647
0.648
0.649
0.649
0.650
0.650
0.649
0.648
0.648
0.647
0.648
0.648
0.648
0.648
0.648
0.648
0.649
0.650
0.651
0.650
0.650
0.649
0.649
0.648
0.648
0.647
0.647
0.648
0.647
0.646
0.646
0.646
0.646
0.647
0.647
0.648
0.648
0.647
0.647
0.646
0.646
0.646
0.646
0.646
0.646
0.645
0.645
0.644
0.644
0.643
0.643
0.642
0.643
0.644
0.645
0.646
0.647
0.648
0.649
0.650
0.650
0.650
0.650
0.651
0.652
0.651
0.650
0.650
0.651
0.652
0.652
0.653
0.652
0.653
0.653
0.653
0.652
0.652
0.652
0.653
0.654
0.654
0.655
0.656
0.656
0.657
0.658
0.657
0.657
0.656
0.656
0.656
0.655
0.656
0.655
0.655
0.655
0.654
0.654
0.654
0.654
0.654
0.654
0.654
0.655
0.656
0.657
0.657
0.658
0.659
0.659
0.660
0.661
0.660
0.660
0.660
0.661
0.661
0.661
0.661
0.661
0.662
0.661
0.662
0.662
0.662
0.663
0.663
0.664
0.663
0.663
0.663
0.663
0.663
0.662
0.662
0.662
0.663
0.664
0.664
0.665
0.664
0.663
0.664
0.664
0.664
0.664
0.665
0.664
0.665
0.665
0.665
0.665
0.664
0.664
0.663
0.663
0.663
0.663
0.663
0.663
0.663
0.663
0.663
0.663
0.662
0.662
0.663
0.663
0.663
0.663
0.664
0.664
0.664
0.664
0.665
0.665
0.665
0.665
0.666
0.666
0.666
0.666
0.666
0.666
0.665
0.665
0.664
0.664
0.663
0.663
0.663
0.662
0.662
0.662
0.661
0.662
0.662
0.662
0.662
0.662
0.662
0.662
0.662
0.662
0.662
0.662
0.662
0.661
0.661
0.661
0.660
0.660
0.659
0.660
0.660
0.660
0.660
0.659
0.659
0.659
0.659
0.658
0.658
0.658
0.658
0.658
0.659
0.659
0.659
0.658
0.658
0.658
0.658
0.658
0.657
0.657
0.657
0.657
0.657
0.657
0.658
0.658
0.659
0.659
0.659
0.659
0.658
0.658
0.658
0.658
0.658
0.658
0.658
0.658
0.658
0.657
0.657
0.657
0.656
0.656
0.656
0.656
0.656
0.656
0.656
0.656
0.656
0.656
0.656
0.657
0.657
0.656
0.656
0.656
0.656
0.656
0.656
0.656
0.656
0.656
0.656
0.655
0.655
0.655
0.655
0.655
0.655
0.655
0.654
0.654
0.654
0.654
0.654
0.654
0.654
0.654
0.654
0.655
0.655
0.655
0.656
0.656
0.656
0.655
0.655
0.655
0.654
0.655
0.655
0.655
0.655
0.655
0.654
0.654
0.654
0.653
0.653
0.653
0.653
0.653
0.653
0.654
0.654
0.654
0.655
0.655
0.656
0.656
0.656
0.656
0.656
0.655
0.655
0.655
0.654
0.655
0.654
0.654
0.654
0.655
0.655
0.655
0.655
0.655
0.655
0.655
0.654
0.654
0.653
0.654
0.653
0.654
0.653
0.654
0.654
0.654
0.655
0.654
0.654
0.655
0.655
0.654
0.654
0.654
0.654
0.654
0.654
0.654
0.653
0.653
0.653
0.653
0.654
0.654
0.654
0.654
0.654
0.654
0.654
0.654
0.654
0.653
0.653
0.653
0.653
0.653
0.653
0.653
0.653
0.654
0.653
0.653
0.653
0.653
0.653
0.654
0.653
0.653
0.653
0.654
0.654
0.654
0.654
0.653
0.653
0.654
0.653
0.653
0.654
0.654
0.654
0.653
0.653
0.654
0.654
0.654
0.654
0.654
0.653
0.653
0.653
0.652
0.652
0.652
0.652
0.652
0.652
0.652
0.652
0.652
0.652
0.652
0.652
0.653
0.652
0.652
0.652
0.652
0.652
0.652
0.652
0.653
0.653
0.653
0.653
0.654
0.654
0.654
0.654
0.653
0.654
0.653
0.654
0.654
0.655
0.655
0.655
0.655
0.655
0.655
0.655
0.654
0.654
0.654
0.654
0.654
0.653
0.653
0.653
0.652
0.652
0.652
0.652
0.652
0.652
0.652
0.652
0.652
0.652
0.652
0.652
0.652
0.652
0.652
0.652
0.652
0.652
0.653
0.653
0.652
0.652
0.652
0.652
0.651
0.651
0.651
0.651
0.651
0.651
0.651
0.651
0.651
0.651
0.650
0.650
0.649
0.649
0.649
0.650
0.650
0.650
0.650
0.650
0.649
0.649
0.649
0.648
0.648
0.648
0.649
0.649
0.649
0.648
0.648
0.648
0.648
0.648
0.648
0.649
0.649
0.649
0.649
0.650
0.650
0.650
0.650
0.650
0.650
0.651
0.651
0.651
0.651
0.651
0.652
0.652
0.652
0.651
0.651
0.651
0.651
0.651
0.651
0.651
0.651
0.652
0.652
0.652
0.652
0.651
0.651
0.651
0.651
0.651
0.651
0.651
0.650
0.650
0.651
0.651
0.651
0.651
0.651
0.652
0.652
0.652
0.652
0.652
0.652
0.652
0.651
0.651
0.651
0.651
0.651
0.651
0.651
0.651
0.651
0.651
0.651
0.650
0.651
0.650
0.651
0.651
0.651
0.651
0.650
0.650
0.650
0.650
0.650
0.650
0.650
0.650
0.650
0.650
0.650
0.650
0.650
0.650
0.650
0.649
0.650
0.650
0.650
0.649
0.649
0.649
0.649
0.649
0.648
0.648
0.648
0.648
0.648
0.648
0.648
0.648
0.648
0.648
0.648
0.648
0.648
0.648
0.648
0.648
0.648
0.647
0.647
0.647
0.647
0.647
0.647
0.646
0.646
0.646
0.646
0.646
0.646
0.647
0.647
0.647
0.647
0.647
0.647
0.647
0.646
0.646
0.646
0.646
0.646
0.647
0.647
0.646
0.646
0.646
0.646
0.646
0.646
0.646
0.646
0.646
0.647
0.647
0.647
0.647
0.647
0.646
0.646
0.646
0.646
0.646
0.646
0.646
0.645
0.645
0.645
0.645
0.645
0.645
0.645
0.645
0.644
0.645
0.644
0.645
0.645
0.645
0.644
0.644
0.644
0.643
0.643
0.643
0.643
0.643
0.643
0.643
0.643
0.643
0.643
0.644
0.644
0.644
0.644
0.644
0.644
0.644
0.643
0.643
0.643
0.643
0.643
0.643
0.643
0.643
0.643
0.643
0.643
0.644
0.644
0.644
0.644
0.644
0.644
0.644
0.644
0.644
0.644
0.644
0.643
0.643
0.643
0.643
0.643
0.643
0.643
0.643
0.643
0.643
0.643
0.643
0.642
0.642
0.642
0.642
0.643
0.642
0.642
0.642
0.642
0.642
0.641
0.641
0.641
0.641
0.641
0.641
0.641
0.641
0.641
0.641
0.641
0.641
0.642
0.642
0.642
0.642
0.643
0.643
0.643
0.643
0.643
0.643
0.643
0.643
0.643
0.643
0.642
0.642
0.642
0.642
0.642
0.642
0.642
0.642
0.642
0.642
0.642
0.642
0.642
0.642
0.643
0.643
0.642
0.643
0.643
0.643
0.643
0.643
0.643
0.643
0.643
0.643
0.643
0.643
0.643
0.642
0.642
0.643
0.643
0.643
0.643
0.643
0.643
0.643
0.644
0.644
0.644
0.644
0.644
0.644
0.645
0.645
0.645
0.645
0.645
0.645
0.645
0.644
0.644
0.644
0.644
0.644
0.645
0.644
0.644
0.645
0.645
0.645
0.645
0.645
0.645
0.646
0.646
0.646
0.646
0.646
0.647
0.647
0.647
0.647
0.647
0.648
0.648
0.648
0.648
0.648
0.649
0.649
0.649
0.649
0.650
0.650
0.650
0.650
0.650
0.651
0.651
0.651
0.651
0.651
0.651
0.651
0.651
0.651
0.651
0.651
0.651
0.651
0.651
0.650
0.650
0.650
0.650
0.650
0.650
0.650
0.651
0.651
0.651
0.651
0.651
0.651
0.651
0.651
0.651
0.652
0.652
0.652
0.651
0.652
0.652
0.652
0.652
0.652
0.651
0.651
0.651
0.651
0.651
0.651
0.651
0.651
0.651
0.651
0.651
0.651
0.651
0.651
0.651
0.651
0.651
0.651
0.650
0.650
0.650
0.650
0.650
0.650
0.650
0.651
0.651
0.651
0.651
0.652
0.652
0.652
0.652
0.652
0.652
0.652
0.652
0.652
0.652
0.652
0.652
0.652
0.652
0.652
0.653
0.652
0.652
0.652
0.652
0.652
0.652
0.651
0.651
0.651
0.651
0.651
0.652
0.652
0.652
0.652
0.652
0.652
0.651
0.651
0.651
0.651
0.651
0.651
0.651
0.651
0.651
0.651
0.651
0.650
0.650
0.650
0.650
0.650
0.650
0.650
0.651
0.651
0.651
0.651
0.651
0.651
0.651
0.651
0.651
0.652
0.652
0.652
0.652
0.651
0.651
0.651
0.651
0.651
0.651
0.651
0.651
0.651
0.651
0.651
0.651
0.651
0.651
0.651
0.651
0.651
0.651
0.651
0.651
0.651
0.651
0.651
0.652
0.652
0.652
0.652
0.652
0.652
0.653
0.653
0.653
0.653
0.652
0.652
0.652
0.652
0.652
0.652
0.652
0.652
0.652
0.652
0.652
0.652
0.651
0.651
0.651
0.651
0.651
0.651
0.651
0.651
0.651
0.651
0.651
0.652
0.652
0.652
0.652
0.652
0.652
0.652
0.652
0.652
0.652
0.652
0.652
0.652
0.652
0.652
0.652
0.652
0.652
0.652
0.652
0.652
0.653
0.653
0.653
0.653
0.653
0.653
0.653
0.654
0.654
0.654
0.654
0.654
0.654
0.654
0.654
0.654
0.654
0.654
0.654
0.654
0.654
0.654
0.653
0.653
0.653
0.653
0.653
0.653
0.653
0.653
0.653
0.653
0.653
0.653
0.653
0.653
0.653
0.653
0.653
0.654
0.654
0.654
0.654
0.654
0.654
0.654
0.654
0.654
0.654
0.654
0.654
0.654
0.654
0.655
0.655
0.655
0.655
0.655
0.656
0.656
0.656
0.656
0.656
0.656
0.656
0.656
0.656
0.657
0.657
0.656
0.656
0.656
0.656
0.656
0.656
0.656
0.656
0.656
0.656
0.656
0.656
0.656
0.656
0.656
0.656
0.656
0.656
0.656
0.656
0.656
0.656
0.656
0.656
0.656
0.656
0.656
0.655
0.656
0.656
0.656
0.656
0.656
0.656
0.656
0.656
0.656
0.656
0.656
0.656
0.656
0.656
0.656
0.656
0.656
0.656
0.656
0.656
0.655
0.655
0.655
0.655
0.655
0.655
0.655
0.655
0.655
0.655
0.655
0.654
0.654
0.654
0.654
0.654
0.654
0.654
0.654
0.654
0.654
0.654
0.654
0.654
0.653
0.653
0.653
0.653
0.653
0.653
0.653
0.653
0.653
0.653
0.653
0.652
0.652
0.652
0.652
0.652
0.652
0.652
0.652
0.652
0.652
0.652
0.652
0.652
0.652
0.652
0.652
0.652
0.652
0.652
0.652
0.652
0.651
0.651
0.651
0.651
0.651
0.651
0.651
0.651
0.651
0.651
0.651
0.651
0.651
0.651
0.651
0.651
0.651
0.651
0.651