Precisão média por imagem
0.737
0.660
0.614
0.589
0.563
0.547
0.576
0.588
0.593
0.598
0.591
0.587
0.574
0.580
0.567
0.557
0.548
0.543
0.540
0.544
0.540
0.546
0.545
0.544
0.544
0.542
0.542
0.541
0.542
0.535
0.537
0.536
0.534
0.531
0.529
0.527
0.526
0.526
0.530
0.532
0.530
0.527
0.533
0.532
0.535
0.533
0.531
0.530
0.528
0.526
0.524
0.521
0.522
0.520
0.521
0.520
0.524
0.523
0.526
0.525
0.524
0.521
0.521
0.520
0.517
0.515
0.513
0.515
0.514
0.512
0.511
0.510
0.509
0.511
0.510
0.511
0.510
0.511
0.512
0.512
0.511
0.510
0.509
0.508
0.507
0.506
0.505
0.503
0.503
0.504
0.503
0.508
0.507
0.506
0.507
0.507
0.509
0.509
0.513
0.512
0.513
0.513
0.513
0.515
0.515
0.516
0.516
0.517
0.516
0.515
0.515
0.514
0.513
0.513
0.513
0.512
0.513
0.513
0.512
0.514
0.513
0.516
0.516
0.515
0.518
0.518
0.519
0.520
0.520
0.519
0.519
0.519
0.520
0.520
0.520
0.521
0.521
0.519
0.518
0.518
0.518
0.519
0.519
0.519
0.519
0.519
0.518
0.518
0.518
0.517
0.517
0.516
0.516
0.516
0.515
0.516
0.515
0.515
0.515
0.514
0.514
0.513
0.512
0.514
0.515
0.517
0.519
0.521
0.521
0.521
0.521
0.521
0.520
0.520
0.519
0.520
0.519
0.520
0.520
0.520
0.519
0.519
0.519
0.520
0.520
0.521
0.521
0.520
0.520
0.520
0.520
0.521
0.521
0.521
0.521
0.520
0.520
0.520
0.520
0.521
0.520
0.520
0.520
0.520
0.520
0.520
0.519
0.519
0.519
0.520
0.519
0.520
0.522
0.522
0.523
0.524
0.524
0.525
0.527
0.527
0.529
0.530
0.532
0.532
0.534
0.534
0.534
0.534
0.533
0.533
0.533
0.533
0.533
0.533
0.533
0.532
0.532
0.532
0.531
0.530
0.530
0.529
0.529
0.529
0.528
0.528
0.528
0.528
0.529
0.529
0.529
0.529
0.529
0.529
0.530
0.530
0.530
0.530
0.529
0.529
0.528
0.528
0.528
0.528
0.528
0.530
0.531
0.532
0.533
0.534
0.534
0.534
0.535
0.535
0.534
0.534
0.535
0.535
0.534
0.534
0.533
0.533
0.533
0.533
0.533
0.533
0.534
0.534
0.535
0.535
0.535
0.535
0.535
0.535
0.535
0.535
0.534
0.535
0.535
0.536
0.536
0.536
0.536
0.536
0.536
0.537
0.538
0.538
0.538
0.537
0.537
0.536
0.536
0.537
0.537
0.536
0.536
0.536
0.536
0.536
0.536
0.535
0.535
0.535
0.535
0.535
0.535
0.536
0.537
0.537
0.537
0.538
0.539
0.539
0.539
0.538
0.538
0.538
0.539
0.540
0.540
0.540
0.541
0.541
0.541
0.542
0.541
0.541
0.542
0.541
0.541
0.541
0.540
0.540
0.540
0.540
0.540
0.539
0.539
0.539
0.539
0.539
0.539
0.539
0.538
0.538
0.538
0.538
0.538
0.537
0.537
0.537
0.537
0.536
0.536
0.536
0.536
0.536
0.535
0.536
0.536
0.536
0.537
0.538
0.538
0.537
0.537
0.537
0.537
0.538
0.539
0.539
0.540
0.540
0.540
0.540
0.540
0.540
0.540
0.540
0.540
0.540
0.540
0.540
0.540
0.540
0.541
0.540
0.541
0.540