Precisão média por imagem
0.545
0.512
0.525
0.510
0.487
0.474
0.488
0.519
0.523
0.550
0.549
0.545
0.545
0.539
0.540
0.540
0.543
0.543
0.538
0.537
0.532
0.543
0.541
0.539
0.538
0.536
0.534
0.533
0.532
0.527
0.527
0.523
0.516
0.510
0.509
0.507
0.506
0.505
0.507
0.508
0.506
0.504
0.506
0.505
0.507
0.505
0.506
0.506
0.503
0.508
0.505
0.511
0.512
0.511
0.512
0.510
0.511
0.510
0.511
0.511
0.510
0.509
0.508
0.507
0.508
0.511
0.512
0.510
0.511
0.511
0.511
0.511
0.509
0.510
0.509
0.509
0.510
0.510
0.511
0.511
0.510
0.512
0.511
0.510
0.509
0.508
0.506
0.506
0.504
0.509
0.507
0.509
0.508
0.508
0.509
0.509
0.509
0.509
0.510
0.509
0.510
0.509
0.509
0.508
0.508
0.511
0.510
0.512
0.511
0.510
0.508
0.507
0.505
0.505
0.505
0.504
0.505
0.503
0.502
0.504
0.503
0.506
0.505
0.505
0.505
0.510
0.510
0.513
0.511
0.511
0.509
0.509
0.509
0.513
0.514
0.515
0.515
0.517
0.516
0.517
0.516
0.516
0.515
0.515
0.515
0.516
0.515
0.515
0.515
0.514
0.514
0.513
0.513
0.512
0.511
0.513
0.513
0.513
0.512
0.512
0.512
0.514
0.514
0.517
0.517
0.518
0.518
0.518
0.518
0.518
0.518
0.518
0.517
0.516
0.515
0.517
0.517
0.519
0.518
0.518
0.518
0.518
0.518
0.520
0.519
0.520
0.519
0.520
0.520
0.520
0.520
0.520
0.520
0.520
0.520
0.519
0.518
0.518
0.517
0.517
0.517
0.517
0.517
0.517
0.517
0.517
0.517
0.517
0.517
0.517
0.517
0.517
0.518
0.518
0.520
0.520
0.521
0.522
0.522
0.523
0.524
0.525
0.525
0.525
0.526
0.525
0.524
0.524
0.523
0.523
0.523
0.522
0.522
0.522
0.522
0.522
0.522
0.522
0.522
0.522
0.521
0.520
0.520
0.520
0.519
0.519
0.518
0.518
0.519
0.518
0.518
0.517
0.518
0.519
0.519
0.520
0.520
0.521
0.521
0.521
0.520
0.520
0.520
0.520
0.520
0.520
0.520
0.522
0.522
0.523
0.523
0.524
0.524
0.523
0.523
0.523
0.523
0.524
0.524
0.525
0.525
0.526
0.525
0.526
0.526
0.525
0.525
0.526
0.526
0.526
0.526
0.526
0.526
0.526
0.526
0.526
0.526
0.526
0.526
0.526
0.526
0.526
0.525
0.525
0.525
0.526
0.526
0.526
0.525
0.525
0.524
0.524
0.524
0.524
0.524
0.524
0.524
0.523
0.523
0.523
0.523
0.523
0.522
0.522
0.522
0.522
0.522
0.523
0.523
0.524
0.524
0.524
0.524
0.525
0.525
0.525
0.525
0.526
0.526
0.526
0.526
0.527
0.527
0.528
0.528
0.528
0.528
0.528
0.528
0.527
0.528
0.527
0.527
0.527
0.526
0.526
0.525
0.525
0.524
0.524
0.524
0.524
0.524
0.524
0.523
0.523
0.523
0.523
0.523
0.522
0.522
0.521
0.522
0.521
0.521
0.521
0.520
0.520
0.520
0.520
0.521
0.521
0.521
0.521
0.521
0.520
0.520
0.520
0.520
0.520
0.520
0.520
0.520
0.520
0.521
0.521
0.522
0.522
0.523
0.523
0.523
0.524
0.524
0.524
0.525
0.526
0.526
0.526
0.526
0.526