Precisão média por imagem
0.361
0.378
0.430
0.508
0.540
0.593
0.631
0.658
0.676
0.697
0.698
0.709
0.718
0.725
0.736
0.744
0.750
0.744
0.748
0.752
0.755
0.752
0.740
0.734
0.725
0.718
0.714
0.708
0.702
0.699
0.695
0.687
0.686
0.682
0.677
0.671
0.670
0.670
0.664
0.663
0.658
0.654
0.660
0.658
0.663
0.659
0.664
0.664
0.662
0.661
0.659
0.655
0.652
0.648
0.644
0.639
0.636
0.633
0.638
0.644
0.649
0.653
0.652
0.650
0.649
0.646
0.646
0.647
0.646
0.645
0.644
0.644
0.641
0.639
0.638
0.636
0.633
0.633
0.632
0.630
0.628
0.632
0.632
0.632
0.633
0.634
0.637
0.640
0.642
0.641
0.640
0.638
0.638
0.641
0.640
0.642
0.645
0.648
0.650
0.652
0.652
0.652
0.655
0.657
0.659
0.658
0.661
0.664
0.666
0.669
0.671
0.672
0.674
0.673
0.673
0.673
0.674
0.676
0.674
0.672
0.672
0.671
0.672
0.673
0.672
0.671
0.669
0.667
0.667
0.666
0.664
0.664
0.663
0.664
0.664
0.663
0.661
0.659
0.658
0.657
0.657
0.655
0.655
0.656
0.656
0.656
0.655
0.653
0.653
0.652
0.652
0.652
0.653
0.654
0.653
0.651
0.652
0.651
0.651
0.652
0.652
0.652
0.652
0.650
0.649
0.649
0.649
0.648
0.650
0.648
0.647
0.646
0.647
0.647
0.647
0.648
0.650
0.648
0.648
0.647
0.646
0.645
0.644
0.644
0.643
0.642
0.641
0.640
0.640
0.639
0.638
0.638
0.638
0.637
0.637
0.635
0.635
0.634
0.634
0.634
0.634
0.633
0.633
0.633
0.634
0.634
0.633
0.633
0.633
0.633
0.632
0.631
0.632
0.633
0.634
0.636
0.636
0.638
0.637
0.636
0.635
0.634
0.633
0.633
0.632
0.632
0.632
0.630
0.631
0.630
0.629
0.629
0.628
0.628
0.628
0.627
0.627
0.627
0.627
0.626
0.626
0.627
0.627
0.627
0.627
0.627
0.627
0.627
0.627
0.627
0.627
0.627
0.626
0.626
0.626
0.625
0.624
0.624
0.624
0.624
0.625
0.627
0.627
0.627
0.628
0.629
0.630
0.630
0.631
0.631
0.631
0.632
0.631
0.630
0.630
0.630
0.632
0.632
0.633
0.634
0.635
0.635
0.635
0.635
0.636
0.635
0.636
0.635
0.634
0.634
0.633
0.633
0.632
0.633
0.633
0.632
0.633
0.634
0.635
0.636
0.637
0.638
0.637
0.637
0.637
0.636
0.636
0.636
0.635
0.635
0.635
0.635
0.635
0.635
0.635
0.635
0.635
0.635
0.636
0.637
0.637
0.638
0.639
0.640
0.641
0.642
0.642
0.642
0.642
0.643
0.644
0.643
0.643
0.643
0.643
0.643
0.643
0.643
0.643
0.643
0.643
0.642
0.642
0.642
0.641
0.641
0.641
0.642
0.642
0.642
0.642
0.642
0.643
0.642
0.642
0.642
0.642
0.642
0.643
0.643
0.643
0.643
0.643
0.643
0.643
0.642
0.642
0.642
0.641
0.641
0.642
0.643
0.644
0.644
0.644
0.645
0.645
0.646
0.647
0.646
0.646
0.646
0.647
0.647
0.647
0.647
0.647
0.647
0.648
0.647
0.648
0.648
0.648
0.649
0.650
0.650
0.650
0.649
0.649
0.649
0.648
0.648
0.649
0.649
0.649
0.649
0.649
0.648
0.647
0.648
0.648
0.647
0.647
0.647
0.647
0.647
0.647
0.647
0.646
0.646
0.646
0.646
0.646
0.645
0.645
0.645
0.645
0.645
0.645
0.645
0.645
0.644
0.644
0.645
0.646
0.646
0.647
0.647
0.647
0.647
0.647
0.648
0.648
0.649
0.649
0.649
0.649
0.650
0.649
0.649
0.650
0.649
0.648
0.648
0.647
0.647
0.647
0.647
0.647
0.646
0.646
0.645
0.645
0.645
0.645
0.645
0.644
0.644
0.644
0.644
0.644
0.644
0.644
0.643
0.643
0.643
0.643
0.642
0.642
0.642
0.641
0.641
0.641
0.641
0.641
0.640
0.640
0.640
0.640
0.639
0.639
0.639
0.640
0.640
0.640
0.640
0.640
0.640
0.640
0.640
0.640
0.640
0.640
0.639
0.639
0.639
0.639
0.639
0.640
0.640
0.640
0.640
0.639
0.639
0.639
0.639
0.640
0.640
0.640
0.640
0.640
0.639
0.639
0.639
0.638
0.638
0.639
0.639
0.638
0.638
0.638
0.638
0.638
0.638
0.638
0.638
0.638
0.638
0.638
0.638
0.638
0.638
0.638
0.639
0.639
0.640
0.639
0.639
0.639
0.639
0.639
0.639
0.639
0.638
0.638
0.638
0.638
0.637
0.637
0.637
0.637
0.637
0.637
0.637
0.636
0.636
0.636
0.636
0.636
0.636
0.635
0.635
0.635
0.635
0.635
0.635
0.635
0.635
0.635
0.634
0.634
0.634
0.634
0.633
0.633
0.633
0.633
0.633
0.633
0.633
0.633
0.634
0.634
0.634
0.635
0.635
0.635
0.634
0.634
0.634
0.634
0.633
0.633
0.633
0.634
0.634
0.634
0.634
0.634
0.634
0.634
0.634
0.634
0.633
0.633
0.633
0.633
0.633
0.634
0.634
0.634
0.634
0.634
0.634
0.635
0.635
0.635
0.635
0.635
0.635
0.635
0.635
0.635
0.635
0.635
0.635
0.635
0.635
0.635
0.635
0.636
0.636
0.635
0.636
0.636
0.635
0.636
0.636
0.636
0.636
0.636
0.636
0.636
0.636
0.636
0.636
0.636
0.636
0.636
0.636
0.636
0.636
0.636
0.636
0.636
0.636
0.636
0.636
0.636
0.636
0.636
0.636
0.636
0.635
0.635
0.635
0.635
0.634
0.634
0.634
0.634
0.634
0.635
0.634
0.635
0.635
0.634
0.634
0.634
0.634
0.634
0.634
0.634
0.634
0.634
0.634
0.634
0.634
0.635
0.634
0.634
0.634
0.634
0.634
0.634
0.634
0.634
0.634
0.634
0.634
0.633
0.633
0.633
0.633
0.634
0.634
0.634
0.634
0.634
0.634
0.635
0.635
0.635
0.635
0.635
0.635
0.635
0.635
0.635
0.635
0.635
0.635
0.634
0.634
0.634
0.634
0.634
0.634
0.634
0.634
0.634
0.634
0.634
0.633
0.633
0.633
0.633
0.633
0.633
0.633
0.633
0.633
0.633
0.634
0.634
0.634
0.634
0.634
0.633
0.633
0.633
0.633
0.633
0.633
0.632
0.632
0.632
0.632
0.632
0.632
0.632
0.632
0.631
0.631
0.632
0.632
0.632
0.632
0.632
0.632
0.631
0.631
0.631
0.631
0.631
0.631
0.631
0.632
0.631
0.631
0.631
0.631
0.631
0.631
0.631
0.631
0.631
0.632
0.632
0.632
0.632
0.632
0.632
0.632
0.632
0.632
0.632
0.632
0.633
0.633
0.633
0.632
0.632
0.632
0.632
0.631
0.631
0.631
0.631
0.631
0.631
0.632
0.632
0.632
0.631
0.631
0.631
0.631
0.631
0.631
0.630
0.630
0.630
0.630
0.630
0.630
0.631
0.631
0.631
0.631
0.631
0.631
0.631
0.631
0.631
0.631
0.630
0.630
0.630
0.630
0.630
0.630
0.630
0.630
0.630
0.630
0.629
0.630
0.630
0.630
0.630
0.630
0.630
0.631
0.631
0.631
0.631
0.631
0.631
0.631
0.631
0.631
0.631
0.631
0.631
0.631
0.631
0.631
0.631
0.631
0.631
0.631
0.630
0.630
0.630
0.630
0.630
0.629
0.629
0.629
0.629
0.629
0.629
0.629
0.629
0.629
0.629
0.629
0.629
0.629
0.629
0.629
0.629
0.628
0.628
0.628
0.628
0.628
0.628
0.628
0.627
0.627
0.627
0.627
0.627
0.627
0.628
0.628
0.628
0.629
0.628
0.628
0.628
0.628
0.628
0.628
0.628
0.628
0.628
0.628
0.628
0.628
0.627
0.627
0.627
0.627
0.627
0.627
0.627
0.627
0.627
0.627
0.627
0.627
0.627
0.627
0.627
0.627
0.627
0.627
0.627
0.627
0.626
0.626
0.626
0.626
0.626
0.626
0.626
0.626
0.626
0.626
0.626
0.625
0.625
0.625
0.625
0.625
0.625
0.624
0.624
0.624
0.624
0.624
0.624
0.624
0.624
0.624
0.624
0.624
0.624
0.624
0.625
0.625
0.625
0.625
0.625
0.625
0.625
0.625
0.624
0.624
0.624
0.624
0.624
0.624
0.625
0.625
0.625
0.626
0.626
0.626
0.626
0.626
0.626
0.626
0.626
0.625
0.625
0.625
0.625
0.625
0.625
0.625
0.625
0.625
0.625
0.625
0.625
0.625
0.625
0.625
0.625
0.625
0.625
0.625
0.625
0.625
0.624
0.624
0.624
0.624
0.624
0.624
0.624
0.624
0.623
0.623
0.624
0.624
0.624
0.625
0.625
0.625
0.625
0.626
0.626
0.626
0.626
0.626
0.626
0.627
0.626
0.626
0.626
0.626
0.626
0.626
0.626
0.626
0.625
0.625
0.625
0.625
0.625
0.625
0.625
0.625
0.625
0.625
0.625
0.625
0.625
0.625
0.625
0.625
0.625
0.625
0.625
0.625
0.625
0.626
0.625
0.625
0.625
0.625
0.625
0.625
0.625
0.625
0.625
0.625
0.625
0.625
0.625
0.625
0.625
0.625
0.625
0.625
0.625
0.625
0.625
0.626
0.625
0.625
0.625
0.625
0.625
0.625
0.625
0.625
0.625
0.625
0.625
0.625
0.625
0.625
0.625
0.625
0.625
0.625
0.625
0.626
0.626
0.626
0.626
0.627
0.627
0.627
0.628
0.628
0.628
0.628
0.628
0.629
0.629
0.629
0.629
0.630
0.630
0.630
0.630
0.631
0.631
0.631
0.631
0.631
0.631
0.631
0.631
0.632
0.632
0.631
0.632
0.632
0.632
0.631
0.631
0.631
0.631
0.631
0.631
0.631
0.631
0.631
0.631
0.631
0.631
0.631
0.631
0.631
0.631
0.631
0.631
0.632
0.631
0.631
0.631
0.631
0.632
0.632
0.632
0.632
0.631
0.631
0.631
0.631
0.631
0.631
0.631
0.631
0.631
0.631
0.631
0.631
0.631
0.630
0.630
0.630
0.630
0.630
0.630
0.630
0.630
0.630
0.629
0.630
0.630
0.630
0.630
0.629
0.629
0.629
0.630
0.630
0.630
0.629
0.629
0.629
0.629
0.629
0.629
0.629
0.629
0.629
0.629
0.629
0.629
0.629
0.629
0.629
0.628
0.628
0.628
0.628
0.628
0.628
0.628
0.628
0.628
0.628
0.628
0.628
0.628
0.628
0.628
0.628
0.628
0.627
0.627
0.627
0.627
0.627
0.627
0.627
0.627
0.627
0.626
0.626
0.626
0.626
0.627
0.627
0.627
0.627
0.627
0.627
0.627
0.627
0.627
0.627
0.627
0.628
0.628
0.628
0.628
0.628
0.628
0.627
0.627
0.627
0.627
0.627
0.627
0.627
0.627
0.627
0.627
0.627
0.627
0.627
0.627
0.627
0.627
0.627
0.627
0.627
0.627
0.627
0.627
0.628
0.628
0.628
0.628
0.629
0.629
0.628
0.628
0.628
0.628
0.628
0.628
0.628
0.628
0.628
0.628
0.628
0.628
0.628
0.628
0.628
0.628
0.627
0.627
0.627
0.627
0.627
0.627
0.627
0.627
0.628
0.628
0.628
0.628
0.628
0.628
0.628
0.628
0.628
0.628
0.628
0.628
0.628
0.628
0.628
0.628
0.628
0.628
0.627
0.627
0.627
0.627
0.627
0.628
0.628
0.628
0.628
0.629
0.629
0.629
0.629
0.629
0.629
0.628
0.628
0.628
0.628
0.628
0.628
0.628
0.628
0.628
0.628
0.628
0.628
0.628
0.628
0.628
0.628
0.628
0.628
0.628
0.628
0.628
0.628
0.628
0.628
0.628
0.628
0.628
0.628
0.628
0.628
0.628
0.628
0.628
0.628
0.628
0.628
0.628
0.628
0.628
0.628
0.628
0.628
0.628
0.628
0.629
0.629
0.629
0.629
0.629
0.630
0.630
0.630
0.630
0.630
0.630
0.631
0.631
0.631
0.631
0.631
0.631
0.631
0.630
0.630
0.630
0.630
0.630
0.630
0.630
0.630
0.630
0.631
0.631
0.631
0.631
0.631
0.631
0.631
0.631
0.631
0.631
0.631
0.631
0.631
0.631
0.631
0.631
0.631
0.631
0.631
0.632
0.632
0.632
0.632
0.632
0.632
0.632
0.632
0.631
0.631
0.631
0.631
0.631
0.631
0.631
0.631
0.630
0.630
0.630
0.630
0.630
0.630
0.630
0.630
0.630
0.630
0.630
0.630
0.629
0.629
0.629
0.629
0.629
0.629
0.629
0.629
0.629
0.629
0.629
0.629
0.629
0.629
0.629
0.628
0.628
0.628
0.628
0.628
0.628
0.628
0.628
0.628
0.628
0.628
0.628
0.628
0.627
0.627
0.627
0.627
0.627
0.627
0.627
0.627
0.627
0.627
0.627
0.627
0.627
0.627
0.627
0.627
0.627
0.626
0.626
0.626
0.626
0.626
0.626
0.626
0.626
0.626
0.626
0.626
0.626
0.626
0.626
0.626
0.626
0.625
0.625
0.625