
0.295
0.203
0.160
0.195
0.188
0.215
0.222
0.255
0.249
0.255
0.241
0.249
0.288
0.302
0.313
0.328
0.355
0.346
0.342
0.342
0.331
0.350
0.347
0.350
0.354
0.355
0.355
0.357
0.360
0.359
0.361
0.363
0.359
0.360
0.374
0.372
0.371
0.378
0.372
0.365
0.362
0.363
0.357
0.358
0.366
0.369
0.376
0.370
0.365
0.360
0.367
0.366
0.369
0.370
0.371
0.366
0.362
0.366
0.365
0.362
0.358
0.356
0.353
0.349
0.352
0.352
0.348
0.350
0.352
0.352
0.349
0.350
0.356
0.355
0.359
0.362
0.362
0.358
0.359
0.358
0.361
0.360
0.357
0.354
0.352
0.350
0.349
0.348
0.345
0.345
0.345
0.344
0.342
0.341
0.342
0.339
0.337
0.337
0.335
0.338
0.337
0.341
0.346
0.348
0.348
0.351
0.350
0.350
0.349
0.347
0.346
0.345
0.343
0.341
0.343
0.345
0.343
0.340
0.344
0.345
0.348
0.350
0.353
0.356
0.359
0.359
0.357
0.356
0.358
0.357
0.354
0.354
0.353
0.351
0.351
0.350
0.352
0.350
0.353
0.352
0.351
0.350
0.349
0.350
0.348
0.346
0.348
0.350
0.349
0.350
0.350
0.349
0.349
0.348
0.346
0.347
0.347
0.349
0.348
0.347
0.346
0.345
0.346
0.345
0.345
0.347
0.346
0.346
0.345
0.346
0.345
0.344
0.346
0.345
0.347
0.347
0.346
0.345
0.344
0.344
0.345
0.344
0.344
0.342
0.345
0.346
0.347
0.346
0.346
0.345
0.346
0.347
0.346
0.345
0.347
0.346
0.345
0.348
0.348
0.350
0.350
0.351
0.352
0.354
0.354
0.353
0.355
0.354
0.355
0.353
0.352
0.351
0.351
0.352
0.352
0.353
0.353
0.353
0.352
0.352
0.351
0.351
0.350
0.351
0.349
0.350
0.352
0.354
0.356
0.356
0.355
0.357
0.359
0.359
0.358
0.360
0.359
0.360
0.359
0.360
0.359
0.358
0.357
0.356
0.359
0.359
0.358
0.357
0.358
0.359
0.358
0.359
0.360
0.360
0.361
0.362
0.361
0.360
0.360
0.360
0.359
0.359
0.358
0.358
0.358
0.358
0.358
0.358
0.360
0.359
0.360
0.359
0.359
0.359
0.358
0.357
0.358
0.357
0.358
0.358
0.358
0.357
0.358
0.360
0.361
0.360
0.359
0.358
0.358
0.359
0.358
0.357
0.356
0.356
0.357
0.357
0.356
0.356
0.355
0.355
0.355
0.354
0.353
0.353
0.354
0.353
0.352
0.353
0.353
0.354
0.354
0.355
0.356
0.356
0.357
0.357
0.356
0.358
0.357
0.358
0.358
0.359
0.358
0.358
0.357
0.358
0.358
0.359
0.359
0.360
0.359
0.359
0.360
0.360
0.361
0.362
0.362
0.363
0.362
0.362
0.362
0.361
0.360
0.361
0.362
0.361
0.361
0.360
0.360
0.360
0.359
0.360
0.360
0.360
0.360
0.359
0.359
0.358
0.358
0.358
0.358
0.358
0.358
0.357
0.356
0.356
0.357
0.357
0.357
0.357
0.356
0.356
0.356
0.355
0.356
0.355
0.355
0.355
0.354
0.354
0.355
0.356
0.356
0.356
0.355
0.354
0.355
0.354
0.354
0.353
0.353
0.353
0.353
0.352
0.352
0.352
0.351
0.351
0.352
0.352
0.351
0.352
0.351
0.352
0.352
0.352
0.351
0.351
0.351
0.351
0.352
0.352
0.352
0.352
0.352
0.352
0.352
0.352
0.351
0.351
0.351
0.350
0.350
0.350
0.350
0.351
0.351
0.351
0.350
0.351
0.352
0.352
0.352
0.353
0.352
0.352
0.351
0.351
0.351
0.351
0.351
0.351
0.351
0.351
0.350
0.350
0.351
0.350
0.350
0.350
0.350
0.349
0.349
0.348
0.348
0.348
0.348
0.347
0.347
0.347
0.347
0.346
0.346
0.346
0.346
0.346
0.346
0.347
0.347
0.348
0.348
0.348
0.348
0.347
0.347
0.348
0.348
0.348
0.347
0.347
0.347
0.347
0.347
0.346
0.346
0.346
0.346
0.346
0.347
0.347
0.347
0.347
0.347
0.347
0.347
0.346
0.346
0.346
0.346
0.346
0.346
0.346
0.346
0.345
0.345
0.345
0.345
0.345
0.345
0.344
0.344
0.344
0.344
0.343
0.343
0.343
0.343
0.342
0.342
0.342
0.342
0.341
0.341
0.340
0.340
0.340
0.340
0.340
0.339
0.340
0.341
0.340
0.340
0.340
0.340
0.339
0.340
0.340
0.339
0.339
0.339
0.339
0.339
0.339
0.338
0.338
0.337
0.338
0.338
0.337
0.337
0.337
0.337
0.337
0.337
0.338
0.339
0.340
0.341
0.342
0.343
0.344
0.344
0.345
0.346
0.347
0.348
0.349
0.350
0.351
0.352
0.353
0.353
0.353
0.353
0.354
0.354
0.354
0.353
0.353
0.353
0.353
0.353
0.353
0.353
0.353
0.352
0.352
0.352
0.352
0.352
0.352
0.352
0.352
0.352
0.352
0.352
0.352
0.352
0.352
0.352
0.352
0.351
0.351
0.351
0.351
0.351
0.351
0.351
0.351
0.351
0.351
0.351
0.350
0.350
0.350
0.350
0.350
0.350
0.349
0.349
0.349
0.349
0.349
0.348
0.348
0.348
0.348
0.347
0.347
0.347
0.347
0.347
0.347
0.346
0.346
0.347
0.347
0.347
0.346
0.346
0.346
0.346
0.346
0.346
0.346
0.346
0.346
0.346
0.346
0.346
0.345
0.345
0.345
0.345
0.345
0.345
0.345
0.345
0.345
0.344
0.344
0.344
0.344
0.344
0.344
0.344
0.344
0.344
0.344
0.344
0.343
0.343
0.343
0.344
0.344
0.344
0.344
0.344
0.344
0.344
0.345
0.344
0.344
0.344
0.344
0.344
0.344
0.344
0.344
0.344
0.344
0.344
0.344
0.344
0.344
0.344
0.345
0.345
0.345
0.345
0.345
0.345
0.345
0.345
0.345
0.345
0.346
0.345
0.345
0.345
0.346
0.346
0.346
0.346
0.346
0.346
0.346
0.346
0.346
0.346
0.346
0.346
0.346
0.346
0.346
0.346
0.346
0.346
0.345
0.345
0.346
0.346
0.346
0.346
0.346
0.346
0.346
0.346
0.346
0.346
0.346
0.346
0.346
0.346
0.346
0.346
0.346
0.346
0.346
0.346
0.346
0.346
0.346
0.346
0.346
0.346
0.346
0.347
0.346
0.346
0.346
0.347
0.347
0.347
0.347
0.347
0.347
0.347
0.347
0.347
0.347
0.347
0.347
0.347
0.347
0.347
0.347
0.347
0.347
0.347
0.347
0.346
0.347
0.347
0.347
0.347
0.347
0.347
0.347
0.347
0.347
0.347
0.347
0.347
0.347
0.347
0.347
0.347
0.347
0.347
0.347
0.347
0.347
0.347
0.347
0.347
0.347
0.347
0.347
0.347
0.347
0.347
0.347
0.347
0.347
0.347
0.347
0.347
0.347
0.347
0.347
0.347
0.347
0.347
0.347
0.347
0.347
0.347
0.347
0.347
0.347
0.347
0.347
0.347
0.348
0.348
0.348
0.348
0.348
0.348
0.348
0.348
0.348
0.348
0.348
0.348
0.348
0.348
0.348
0.348
0.348
0.348
0.348
0.348
0.348
0.348
0.349
0.349
0.349
0.349
0.349
0.349
0.349
0.349
0.349
0.349
0.349
0.349
0.349
0.349
0.349
0.349
0.350
0.350
0.349
0.349
0.349
0.349
0.349
0.349
0.349
0.349
0.349
0.349
0.349
0.349
0.350
0.350
0.349
0.349
0.349
0.349
0.349
0.349
0.349
0.349
0.349
0.349
0.349
0.350
0.349
0.349
0.350
0.349
0.349
0.349
0.350
0.350
0.350
0.350
0.350
0.349
0.349
0.349
0.349
0.349
0.349
0.349
0.349
0.349
0.350
0.350
0.350
0.350
0.350
0.349
0.349
0.349
0.349
0.349
0.350
0.349
0.350
0.349
0.350
0.349
0.350
0.349
0.350
0.350
0.350
0.350
0.350
0.350
0.350
0.350
0.350
0.350
0.350
0.350
0.350
0.350
0.350
0.350
0.350
0.350
0.350
0.350
0.350
0.350
0.350
0.350
0.350
0.350
0.350
0.350
0.350
0.350
0.350
0.350
0.350
0.350
0.350
0.350
0.350
0.350
0.350
0.350
0.350
0.350
0.350
0.350
0.350
0.350
0.350
0.350
0.350
0.350
0.350
0.350
0.350
0.350
0.350
0.350
0.350
0.350
0.350
0.350
0.350
0.350
0.350
0.350
0.350
0.350
0.350
0.350
0.350
0.350
0.350
0.350
0.350
0.350
0.350
0.350
0.350
0.350
0.350
0.350
0.350
0.350
0.350
0.350
0.350
0.350
0.350
0.350
0.350
0.350
0.350
0.350
0.350
0.350
0.350
0.350
0.351
0.351
0.351
0.351
0.350
0.350
0.350
0.351
0.350
0.350
0.350
0.350
0.350
0.350
0.350
0.350
0.350
0.350
0.350
0.350
0.350
0.350
0.350
0.350
0.350
0.350
0.350
0.350
0.350
0.350
0.350
0.350
0.350
0.350
0.350
0.350
0.350
0.350
0.350
0.350
0.350
0.350
0.350
0.350
0.350
0.350
0.350
0.350
0.350
0.350
0.350
0.350
0.350
0.350
0.350
0.350
0.350
0.350
0.350
0.350
0.350
0.350
0.350
0.350
0.350
0.350
0.350
0.350
0.349
0.349
0.350
0.350
0.350
0.350
0.350
0.350
0.350
0.350
0.350
0.350
0.350
0.350
0.350
0.350
0.350
0.350
0.350
0.350
0.350
0.350
0.350
0.350
0.350
0.350
0.350
0.350
0.350
0.350
0.350
0.350
0.350
0.350
0.350
0.350
0.350
0.350
0.350
0.350
0.350
0.350
0.350
0.350
0.350
0.350
0.350
0.350
0.350
0.350
0.350
0.350
0.350
0.350
0.350
0.350
0.350
0.350
0.350
0.350
0.350
0.350
0.350
0.350
0.350
0.350
0.350
0.350
0.350
0.350
0.350
0.350
0.350
0.350
0.350
0.350
0.351
0.351
0.351
0.351
0.351
0.351
0.351
0.352
0.352
0.352
0.353
0.353
0.353
0.354
0.353
0.353
0.353
0.354
0.355
0.355
0.356
0.356
0.356
0.356
0.356
0.356
0.356
0.357
0.357
0.357
0.358
0.357
0.358
0.358
0.358
0.357
0.358
0.358
0.358
0.358
0.358
0.358
0.358
0.358
0.358
0.358
0.358
0.358
0.358
0.358
0.358
0.359
0.358
0.359
0.359
0.359
0.359
0.359
0.359
0.359
0.360
0.360
0.361
0.361
0.362
0.362
0.361
0.362
0.362
0.362
0.362
0.362
0.363
0.363
0.363
0.363
0.363
0.362
0.363
0.362
0.363
0.364
0.364
0.364
0.364
0.364
0.364
0.364
0.364
0.364
0.365
0.365
0.365
0.365
0.365
0.365
0.365
0.365
0.365
0.365
0.366
0.367
0.366
0.366
0.367
0.366
0.367
0.367
0.367
0.368
0.368
0.369
0.369
0.370
0.370
0.370
0.370
0.370
0.370
0.370
0.371
0.371
0.371
0.371
0.371
0.372
0.372
0.373
0.373
0.373
0.373
0.374
0.374
0.373
0.373
0.373
0.373
0.374
0.374
0.374
0.375
0.375
0.375
0.376
0.375
0.376
0.375
0.376
0.376
0.376
0.376
0.377
0.376
0.377
0.377
0.378
0.379
0.379
0.380
0.380
0.380
0.380
0.381
0.380
0.381
0.381
0.381
0.381
0.381
0.381
0.381
0.381
0.382
0.382
0.383
0.383
0.382
0.383
0.384
0.384
0.383
0.383
0.383
0.383
0.383
0.383
0.383
0.383
0.383
0.384
0.384
0.384
0.384
0.385
0.385
0.385
0.386
0.386
0.387
0.387
0.387
0.387
0.387
0.388
0.388
0.387
0.387
0.387
0.387
0.387
0.388
0.388
0.388
0.388
0.389
0.389
0.389
0.389
0.389
0.389
0.389
0.389
0.390
0.390
0.390
0.391
0.391
0.391
0.391
0.392
0.392
0.392
0.393
0.393
0.393
0.393
0.393
0.394
0.394
0.394
0.394
0.394
0.395
0.395
0.395
0.395
0.395
0.395
0.395
0.396
0.396
0.396
0.396
0.396
0.396
0.396
0.396
0.396
0.396
0.396
0.396
0.396
0.395
0.396
0.396
0.395
0.396
0.396
0.397
0.397
0.397
0.397
0.397
0.397
0.397
0.397
0.398
0.398
0.399
0.399
0.399
0.399
0.399
0.399
0.399
0.399
0.399
0.399
0.399
0.400
0.400
0.400
0.400
0.400
0.400
0.400
0.400
0.400
0.401
0.400
0.400
0.400
0.400
0.400
0.401
0.401
0.402
0.402
0.402
0.402
0.402
0.403
0.403
0.403
0.404
0.404
0.404
0.404
0.405
0.404
0.404
0.404
0.404
0.405
0.405
0.405
0.405
0.404
0.405
0.405
0.406
0.405
0.405
0.405
0.405
0.406
0.406
0.406
0.406
0.406
0.406
0.406
0.406
0.406
0.406
0.406
0.407
0.407
0.408
0.408
0.408
0.408
0.409
0.409
0.409
0.409
0.409
0.409
0.409
0.410
0.410
0.409
0.409
0.409
0.409
0.409
0.409
0.409
0.410
0.409
0.409
0.409
0.409
0.409
0.410
0.410
0.410
0.410
0.411
0.410
0.410
0.410
0.410
0.410
0.410
0.410
0.410
0.410
0.410
0.410
0.410
0.410
0.410
0.410
0.410
0.411
0.411
0.411
0.411
0.411
0.411
0.411
0.411
0.411
0.411
0.411
0.411
0.411
0.410
0.410
0.410
0.410
0.410
0.410
0.410
0.410
0.410
0.410
0.410
0.410
0.410
0.410
0.410
0.410
0.410
0.410
0.410
0.410
0.410
0.410
0.410
0.410
0.410
0.410
0.409
0.409
0.409
0.409
0.409
0.409
0.409
0.409
0.409
0.409
0.409
0.409
0.409
0.409
0.409
0.409
0.409
0.409
0.409
0.409
0.409
0.409
0.409
0.409
0.409
0.409
0.409
0.409
0.409
0.409
0.409
0.409
0.409
0.408
0.408
0.408
0.408
0.408
0.408
0.408
0.408
0.408
0.408
0.408
0.408
0.408
0.408
0.408
0.408
0.408
0.408
0.408
0.408
0.408
0.408
0.408
0.408
0.407
0.407
0.407
0.407
0.407
0.407
0.407
0.408
0.408
0.408
0.408
0.408
0.408
0.408
0.408
0.408
0.408
0.407
0.408
0.407
0.407
0.407
0.407
0.407
0.407
0.407
0.408
0.407
0.407
0.407
0.407
0.407
0.407
0.407
0.407
0.407
0.407
0.407
0.407
0.407
0.407
0.407
0.407
0.407
0.407
0.407
0.407
0.407
0.407
0.407
0.407
0.407
0.407
0.407
0.407
0.407
0.407
0.406
0.406
0.406
0.406
0.406
0.406
0.406
0.406
0.406
0.406
0.406
0.406
0.406
0.406
0.406
0.406
0.406
0.406
0.406
0.406
0.406
0.406
0.406
0.406
0.406
0.406
0.406
0.406
0.406
0.406
0.406
0.406
0.405
0.405
0.405
0.405
0.405
0.405
0.406
0.406
0.406
0.406
0.406
0.406
0.406
0.406
0.407
0.407
0.407
0.407
0.408
0.408
0.408
0.408
0.408
0.408
0.409
0.409
0.409
0.409
0.409
0.410
0.410
0.410
0.410
0.410
0.410
0.410
0.410
0.410
0.411
0.411
0.411
0.411
0.411
0.411
0.411
0.411
0.412
0.412
0.412
0.412
0.412
0.412
0.412
0.412
0.413
0.413
0.413
0.413
0.412
0.412
0.412
0.412
0.412
0.412
0.412
0.412
0.412
0.413
0.413
0.413
0.413
0.413
0.413
0.413
0.414
0.414
0.414
0.414
0.414
0.415
0.415
0.415
0.415
0.415
0.415
0.415
0.415
0.415
0.414
0.415
0.414
0.414
0.414
0.414
0.414
0.414
0.414
0.414
0.414
0.414
0.414
0.414
0.414
0.414
0.414
0.414
0.414
0.414
0.414
0.415
0.415
0.415
0.415
0.415
0.415
0.415
0.415
0.415
0.415
0.415
0.415
0.416
0.416
0.416
0.415
0.415
0.415
0.415
0.415
0.415
0.415
0.415
0.415
0.415
0.415
0.415
0.415
0.415
0.415
0.415
0.415
0.415
0.415
0.415
0.415
0.415
0.415
0.415
0.415
0.415
0.415
0.415
0.415
0.415
0.415
0.415
0.414
0.414
0.415
0.415
0.415
0.415
0.415
0.415
0.415
0.415
0.415
0.415
0.415
0.415
0.414
0.414
0.414
0.414
0.414
0.414
0.414
0.414
0.414
0.414
0.414
0.414
0.414
0.414
0.414
0.414
0.414
0.414
0.414
0.414
0.414
0.413
0.413
0.413
0.413
0.413
0.413
0.413
0.413
0.413
0.412
0.412
0.412
0.412
0.412
0.412
0.412
0.412
0.412
0.412
0.412
0.412
0.412
0.412
0.412
0.412
0.411
0.411
0.411
0.411
0.411
0.411
0.411
0.411
0.410
0.410
0.410
0.410
0.410
0.410
0.410
0.410
0.410
0.410
0.410
0.410
0.410
0.410
0.410
0.410
0.409
0.409
0.409
0.409
0.409
0.409
0.409
0.409
0.409
0.409
0.409
0.409
0.409
0.409
0.409
0.408
0.408
0.408
0.408
0.408
0.408
0.408
0.408
0.408
0.408
0.408
0.408
0.408
0.408
0.408
0.408
0.408
0.407
0.407
0.407
0.407
0.407
0.407
0.407
0.407
0.407
0.407
0.407
0.407
0.407
0.407
0.407
0.407
0.407
0.407
0.407
0.407
0.407
0.407
0.406
0.406
0.406
0.406
0.406
0.406
0.406
0.406
0.406
0.405
0.406
0.405
0.405
0.405
0.405
0.405
0.405
0.405
0.405
0.405
0.405
0.405
0.405
0.405
0.405
0.405
0.405
0.405
0.405
0.404
0.404
0.404
0.404
0.404
0.404
0.404
0.404
0.404
0.404
0.404
0.404
0.404
0.404
0.404
0.404
0.404
0.403
0.403
0.403
0.403
0.403
0.403
0.403
0.403
0.403
0.403
0.403
0.403
0.403
0.403
0.403
0.403
0.403
0.403
0.402
0.402
0.402
0.402
0.402
0.402
0.402
0.402
0.402
0.402
0.402
0.402
0.402
0.402
0.402
0.402
0.402
0.402
0.402
0.402
0.402
0.402
0.402
0.402
0.401
0.401
0.401
0.401
0.401
0.401
0.401
0.401
0.401
0.401
0.401
0.401
0.401
0.401
0.400
0.400
0.400
0.400
0.400
0.400
0.400
0.400
0.400
0.400
0.400
0.400
0.400
0.400
0.400
0.400
0.400
0.400
0.400
0.400
0.400
0.400
0.400
0.400
0.400
0.399
0.399
0.399
0.399
0.399
0.399
0.399
0.399
0.399
0.399
0.399
0.399
0.399
0.399
0.399
0.399
0.399
0.399
0.399
0.399
0.398
0.398
0.398
0.398
0.398
0.398
0.398
0.398
0.398
0.398
0.398
0.398
0.398
0.398
0.398
0.398
0.398
0.398
0.398
0.398
0.398
0.398
0.398
0.397
0.397
0.397
0.397
0.397
0.397
0.397
0.397
0.397
0.397
0.397
0.397
0.397
0.397
0.397
0.397
0.397
0.397
0.397
0.397
0.397
0.397
0.397
0.397
0.396
0.396
0.396
0.396
0.396
0.396
0.396
0.396
0.396
0.396
0.396
0.396
0.396
0.396
0.396
0.396
0.396
0.395
0.395
0.395
0.395
0.395
0.395
0.395
0.395
0.395
0.395
0.395
0.395
0.395
0.395
0.395
0.395
0.395
0.395
0.394
0.394
0.394
0.394
0.394
0.394
0.394
0.394
0.394
0.394
0.394
0.394
0.394
0.394
0.394
0.394
0.394
0.394
0.394
0.395
0.395
0.395
0.395
0.395
0.394
0.394
0.394
0.394
0.394
0.395
0.395
0.394
0.394
0.394
0.394
0.394
0.394
0.394
0.394
0.394
0.394
0.394
0.394
0.394
0.394
0.394
0.394
0.394
0.394
0.394
0.394
0.393
0.393
0.393
0.393
0.393
0.393
0.393
0.393
0.393
0.393
0.393
0.393
0.393
0.393
0.393
0.393
0.393
0.393
0.392
0.392
0.392
0.392
0.392
0.392
0.392
0.392
0.392
0.392
0.392
0.392
0.392
0.392
0.392
0.392
0.392
0.392
0.392
0.392
0.391
0.391
0.391
0.391
0.391
0.391
0.391
0.391
0.391
0.391
0.391
0.391
0.391
0.391
0.391
0.391
0.391
0.391
0.391
0.390
0.390
0.390
0.390
0.391
0.391
0.391
0.391
0.391
0.391
0.391
0.391
0.391
0.391
0.391
0.391
0.391
0.391
0.391
0.391
0.391
0.391
0.391
0.391
0.391
0.391
0.391
0.391
0.391
0.391
0.391
0.391
0.391
0.391
0.391
0.392
0.392
0.392
0.392
0.392
0.392
0.392
0.392
0.392
0.392
0.392
0.392
0.392
0.392
0.393
0.393
0.393
0.393
0.393
0.393
0.393
0.393
0.393
0.393
0.393
0.393
0.393
0.393
0.393
0.393
0.393
0.393
0.393
0.393
0.393
0.393
0.393
0.393
0.393
0.394
0.394
0.394
0.394
0.394
0.394
0.394
0.394
0.394
0.394
0.394
0.394
0.394
0.394
0.394
0.394
0.394
0.394
0.394
0.394
0.394
0.394
0.394
0.394
0.394
0.394
0.394
0.394
0.394
0.394
0.394
0.394
0.394
0.394
0.394
0.394
0.393
0.394
0.394
0.394
0.394
0.394
0.394
0.394
0.394
0.394
0.394
0.394
0.394
0.394
0.394
0.394
0.394
0.394
0.394
0.394
0.394
0.394
0.394
0.394
0.394
0.394
0.394
0.394
0.394
0.394
0.394
0.394
0.394
0.394
0.394
0.394
0.394
0.394
0.394
0.394
0.394
0.394
0.393
0.394
0.394
0.394
0.394
0.393
0.394
0.394
0.394
0.394
0.394
0.394
0.394
0.394
0.394
0.394
0.394
0.394
0.394
0.394
0.394
0.394
0.394
0.394
0.394
0.394
0.394
0.394
0.394
0.394
0.394
0.394
0.394
0.394
0.394
0.394
0.394
0.394
0.394
0.394
0.394
0.395
0.395
0.395
0.395
0.395
0.395
0.395
0.395
0.395
0.395
0.395
0.395
0.395
0.395
0.395
0.395
0.395
0.395
0.395
0.395
0.395
0.395
0.395
0.395
0.395
0.395
0.395
0.395
0.395
0.395
0.395
0.395
0.395
0.395
0.395
0.395
0.395
0.395
0.395
0.395
0.395
0.395
0.395
0.395
0.395
0.395
0.395
0.395
0.395
0.395
0.395
0.395
0.395
0.395
0.395
0.395
0.395
0.395
0.395
0.395
0.395