Precisão média por imagem
0.137
0.176
0.150
0.129
0.154
0.153
0.177
0.177
0.174
0.176
0.170
0.167
0.165
0.183
0.179
0.178
0.175
0.195
0.190
0.212
0.214
0.212
0.214
0.212
0.222
0.225
0.221
0.221
0.230
0.232
0.239
0.233
0.230
0.226
0.234
0.231
0.229
0.226
0.230
0.232
0.230
0.230
0.230
0.235
0.233
0.231
0.227
0.227
0.226
0.225
0.226
0.224
0.226
0.232
0.229
0.227
0.226
0.225
0.224
0.223
0.225
0.225
0.223
0.223
0.221
0.220
0.224
0.222
0.222
0.222
0.224
0.226
0.228
0.227
0.227
0.226
0.227
0.226
0.226
0.224
0.227
0.227
0.228
0.232
0.236
0.235
0.234
0.240
0.240
0.241
0.240
0.241
0.242
0.240
0.242
0.240
0.243
0.246
0.244
0.244
0.242
0.243
0.241
0.242
0.241
0.239
0.238
0.237
0.236
0.235
0.235
0.235
0.234
0.233
0.234
0.233
0.233
0.232
0.231
0.232
0.232
0.233
0.233
0.232
0.232
0.231
0.232
0.231
0.233
0.232
0.233
0.233
0.233
0.235
0.234
0.234
0.234
0.234
0.233
0.232
0.232
0.231
0.230
0.231
0.230
0.230
0.231
0.231
0.232
0.232
0.231
0.230
0.231
0.230
0.229
0.229
0.229
0.231
0.230
0.234
0.233
0.235
0.235
0.235
0.235
0.235
0.234
0.233
0.232
0.232
0.232
0.233
0.235
0.235
0.234
0.234
0.234
0.234
0.234
0.235
0.237
0.237
0.238
0.237
0.237
0.237
0.238
0.241
0.244
0.244
0.244
0.244
0.244
0.244
0.243
0.244
0.243
0.243
0.243
0.244
0.244
0.244
0.243
0.243
0.242
0.243
0.243
0.242
0.242
0.241
0.242
0.243
0.243
0.243
0.242
0.243
0.243
0.245
0.244
0.243
0.243
0.242
0.243
0.242
0.243
0.244
0.244
0.244
0.244
0.244
0.245
0.245
0.245
0.245
0.245
0.245
0.246
0.247
0.247
0.246
0.246
0.246
0.246
0.245
0.245
0.245
0.245
0.245
0.244
0.245
0.246
0.245
0.245
0.245
0.245
0.244
0.245
0.245
0.245
0.245
0.244
0.245
0.244
0.245
0.247
0.246
0.247
0.247
0.247
0.247
0.247
0.247
0.247
0.247
0.246
0.248
0.247
0.247
0.247
0.246
0.247
0.246
0.247
0.247
0.247
0.247
0.247
0.246
0.247
0.247
0.247
0.247
0.247
0.246
0.246
0.247
0.246
0.246
0.246
0.246
0.247
0.247
0.247
0.247
0.247
0.247
0.247
0.247
0.247
0.247
0.247
0.247
0.247
0.246
0.246
0.246
0.246
0.246
0.246
0.246
0.246
0.247
0.246
0.247
0.247
0.247
0.248
0.248
0.248
0.248
0.249
0.248
0.248
0.248
0.248
0.248
0.249
0.249
0.249
0.249
0.249
0.249
0.249
0.249
0.249
0.249
0.249
0.249
0.249
0.250
0.249
0.249
0.250
0.249
0.249
0.249
0.249
0.250
0.250
0.250
0.250
0.250
0.250
0.250
0.250
0.251
0.251
0.252
0.252
0.252
0.252
0.251
0.251
0.251
0.251
0.251
0.251
0.251
0.251
0.251
0.251
0.251
0.251
0.251
0.252
0.252
0.252
0.252
0.252
0.252
0.252
0.252
0.251
0.251
0.251
0.252
0.252
0.252
0.252
0.252
0.252
0.252
0.252
0.252
0.253
0.253
0.253
0.253
0.253
0.253
0.253
0.254
0.254
0.254
0.254
0.254
0.254
0.254
0.254
0.254
0.254
0.254
0.254
0.254
0.254
0.254
0.254
0.254
0.254
0.254
0.254
0.254
0.254
0.254
0.255
0.255
0.255
0.255
0.255
0.255
0.255
0.255
0.255
0.255
0.255
0.255
0.256
0.256
0.255
0.255
0.255
0.255
0.255
0.255
0.255
0.255
0.256
0.255
0.255
0.255
0.255
0.255
0.255
0.255
0.256
0.256
0.256
0.256
0.256
0.256
0.256
0.257
0.256
0.256
0.256
0.256
0.255
0.255
0.256
0.256
0.256
0.256
0.256
0.256
0.256
0.256
0.256
0.256
0.256
0.256
0.256
0.256
0.256
0.256
0.256
0.256
0.256
0.256
0.257
0.257
0.258
0.258
0.257
0.257
0.257
0.257
0.257
0.258
0.257
0.257
0.257
0.257
0.257
0.257
0.257
0.258
0.258
0.258
0.258
0.258
0.259
0.259
0.259
0.259
0.259
0.259
0.259
0.259
0.259
0.259
0.259
0.259
0.259
0.259
0.259
0.259
0.259
0.259
0.259
0.259
0.259
0.259
0.259
0.259
0.259
0.259
0.259
0.259
0.259
0.260
0.260
0.260
0.260
0.260
0.260
0.260
0.260
0.260
0.260
0.260
0.260
0.260
0.260
0.260
0.260
0.260
0.260
0.260
0.260
0.260
0.260
0.260
0.260
0.260
0.260
0.261
0.261
0.261
0.261
0.261
0.261
0.261
0.261
0.261
0.261
0.261
0.261
0.261
0.261
0.261
0.261
0.261
0.261
0.261
0.261
0.261
0.261
0.261
0.261
0.261
0.261
0.261
0.261
0.261
0.261
0.261
0.261
0.261
0.262
0.262
0.262
0.262
0.262
0.262
0.262
0.262
0.262
0.262
0.262
0.262
0.262
0.262
0.262
0.262
0.262
0.262
0.262
0.262
0.262
0.262
0.262
0.262
0.262
0.262
0.262
0.262
0.262
0.262
0.263
0.263
0.263
0.263
0.263
0.263
0.264
0.264
0.264
0.264
0.264
0.264
0.264
0.264
0.265
0.265
0.265
0.265
0.265
0.265
0.265
0.265
0.265
0.266
0.266
0.266
0.266
0.266
0.266
0.266
0.266
0.266
0.267
0.267
0.267
0.267
0.267
0.267
0.267
0.267
0.267
0.267
0.268
0.268
0.268
0.268
0.268
0.268
0.268
0.268
0.268
0.268
0.268
0.268
0.268
0.268
0.268
0.268
0.268
0.268
0.269
0.268
0.269
0.269
0.268
0.268
0.269
0.269
0.269
0.269
0.269
0.269
0.269
0.269
0.269
0.269
0.269
0.269
0.269
0.269
0.269
0.269
0.269
0.269
0.269
0.269
0.269
0.269
0.269
0.269
0.269
0.269
0.269
0.269
0.269
0.269
0.269
0.269
0.269
0.269
0.269
0.269
0.269
0.269
0.269
0.269
0.269
0.269
0.269
0.269
0.269
0.269
0.269
0.269
0.269
0.269
0.269
0.269
0.269
0.269
0.269
0.269
0.269
0.269
0.269
0.269
0.269
0.269
0.269
0.269
0.269
0.269
0.269
0.269
0.269
0.269
0.269
0.269
0.269
0.269
0.269
0.269
0.269
0.269
0.269
0.269
0.269
0.269
0.269
0.269
0.269
0.270
0.270
0.270
0.270
0.270
0.270
0.270
0.270
0.270
0.270
0.270
0.270
0.270
0.270
0.270
0.270
0.270
0.270
0.270
0.270
0.270
0.270
0.270
0.270
0.270
0.270
0.270
0.270
0.270
0.270
0.270
0.270
0.271
0.271
0.271
0.271
0.271
0.271
0.271
0.271
0.271
0.271
0.271
0.271
0.271
0.271
0.271
0.271
0.271
0.271
0.271
0.271
0.271
0.271
0.271
0.271
0.271
0.271
0.271
0.272
0.272
0.272
0.272
0.272
0.272
0.272
0.272
0.272
0.272
0.272
0.272
0.272
0.271
0.272
0.271
0.271
0.271
0.272
0.272
0.272
0.272
0.272
0.272
0.271
0.271
0.271
0.271
0.272
0.271
0.272
0.272
0.272
0.272
0.272
0.272
0.272
0.272
0.272
0.272
0.272
0.272
0.272
0.272
0.272
0.272
0.272
0.272
0.272
0.272
0.272
0.272
0.272
0.271
0.272
0.272
0.272
0.272
0.272
0.272
0.272
0.272
0.272
0.272
0.272
0.272
0.272
0.272
0.272
0.272
0.272
0.273
0.273
0.273
0.273
0.273
0.273
0.273
0.273
0.272
0.273
0.273
0.273
0.273
0.273
0.273
0.273
0.273
0.273
0.273
0.273
0.273
0.273
0.273
0.273
0.273
0.273
0.273
0.273
0.273
0.273
0.273
0.273
0.273
0.274
0.274
0.274
0.274
0.274
0.274
0.274
0.274
0.274
0.274
0.274
0.274
0.274
0.274
0.274
0.274
0.274
0.274
0.273
0.273
0.273
0.273
0.273
0.273
0.273
0.273
0.272
0.272
0.272
0.272
0.272
0.272
0.272
0.272
0.271
0.271
0.271
0.271
0.270
0.271
0.271
0.271
0.271
0.271
0.271
0.271
0.271
0.271
0.270
0.270
0.270
0.270
0.270
0.271
0.271
0.271
0.271
0.271
0.270
0.271
0.271
0.271
0.271
0.271
0.271
0.271
0.271
0.271
0.271
0.271
0.271
0.271
0.271
0.272
0.271
0.271
0.271
0.272
0.271
0.271
0.271
0.271
0.271
0.271
0.270
0.270
0.271
0.271
0.271
0.271
0.271
0.271
0.270
0.271
0.270
0.270
0.270
0.270
0.270
0.270
0.270
0.270
0.270
0.270
0.270
0.270
0.270
0.270
0.270
0.269
0.269
0.269
0.269
0.269
0.269
0.269
0.269
0.269
0.269
0.269
0.269
0.269
0.268
0.268
0.268
0.268
0.268
0.269
0.269
0.268
0.268
0.268
0.268
0.268
0.268
0.268
0.268
0.268
0.268
0.268
0.268
0.268
0.268
0.268
0.268
0.269
0.269
0.268
0.268
0.268
0.268
0.268
0.268
0.268
0.268
0.268
0.268
0.268
0.268
0.268
0.268
0.268
0.268
0.268
0.268
0.268
0.267
0.267
0.267
0.267
0.267
0.267
0.267
0.267
0.267
0.267
0.267
0.267
0.267
0.267
0.267
0.266
0.266
0.266
0.267
0.267
0.267
0.267
0.267
0.267
0.267
0.267
0.267
0.267
0.267
0.267
0.267
0.267
0.267
0.267
0.267
0.267
0.267
0.267
0.267
0.267
0.267
0.267
0.267
0.266
0.266
0.267
0.266
0.267
0.267
0.267
0.267
0.267
0.267
0.267
0.267
0.266
0.266
0.266
0.266
0.266
0.266
0.266
0.266
0.266
0.266
0.266
0.266
0.266
0.266
0.266
0.266
0.266
0.266
0.266
0.266
0.266
0.266
0.266
0.266
0.266
0.265
0.265
0.265
0.266
0.266
0.266
0.266
0.267
0.267
0.267
0.267
0.267
0.267
0.267
0.267
0.267
0.267
0.267
0.267
0.267
0.267
0.267
0.267
0.267
0.267
0.267
0.267
0.267
0.267
0.267
0.268
0.268
0.268
0.268
0.268
0.268
0.268
0.267
0.267
0.267
0.267
0.267
0.268
0.268
0.268
0.268
0.268
0.268
0.268
0.268
0.268
0.268
0.268
0.268
0.268
0.268
0.268
0.268
0.268
0.268
0.268
0.268
0.268
0.268
0.268
0.269
0.269
0.269
0.269
0.268
0.268
0.269
0.268
0.268
0.268
0.268
0.268
0.268
0.268
0.268
0.268
0.268
0.268
0.268
0.268
0.268
0.268
0.268
0.268
0.268
0.268
0.268
0.268
0.268
0.268
0.268
0.267
0.267
0.268
0.267
0.267
0.267
0.267
0.267
0.268
0.268
0.268
0.268
0.267
0.267
0.267
0.267
0.267
0.267
0.267
0.267
0.267
0.268
0.268
0.268
0.268
0.268
0.268
0.268
0.267
0.267
0.267
0.267
0.267
0.267
0.267
0.267
0.267
0.267
0.268
0.268
0.268
0.268
0.268
0.268
0.268
0.268
0.268
0.267
0.268
0.267
0.267
0.267
0.267
0.267
0.267
0.267
0.267
0.268
0.268
0.267
0.267
0.267
0.267
0.267
0.267
0.267
0.267
0.267
0.267
0.267
0.267
0.267
0.267
0.267
0.267
0.267
0.267
0.267
0.267
0.267
0.267
0.267
0.267
0.267
0.267
0.268
0.268
0.268
0.268
0.268
0.268
0.268
0.268
0.268
0.268
0.268
0.268
0.268
0.268
0.268
0.268
0.268
0.268
0.268
0.268
0.268
0.268
0.268
0.268
0.268
0.268
0.268
0.268
0.268
0.268
0.268
0.268
0.268
0.268
0.268
0.268
0.268
0.268
0.268
0.268
0.268
0.268
0.268
0.268
0.268
0.268
0.268
0.268
0.268
0.268
0.268
0.268
0.268
0.268
0.268
0.268
0.268
0.268
0.269
0.269
0.268
0.269
0.268
0.269
0.269
0.269
0.269
0.269
0.268
0.268
0.269
0.269
0.269
0.269
0.269
0.269
0.269
0.269
0.269
0.269
0.269
0.269
0.269
0.269
0.269
0.269
0.269
0.269
0.269
0.269
0.268
0.268
0.268
0.268
0.268
0.268
0.268
0.269
0.269
0.269
0.269
0.269
0.269
0.269
0.268
0.268
0.268
0.268
0.268
0.269
0.269
0.269
0.269
0.270
0.270
0.271
0.271
0.271
0.272
0.272
0.273
0.273
0.273
0.273
0.274
0.274
0.274
0.274
0.275
0.275
0.276
0.276
0.276
0.277
0.277
0.277
0.278
0.278
0.278
0.279
0.279
0.279
0.280
0.280
0.280
0.280
0.280
0.280
0.280
0.280
0.281
0.281
0.282
0.281
0.281
0.281
0.281
0.281
0.281
0.281
0.281
0.281
0.281
0.281
0.282
0.282
0.282
0.282
0.283
0.283
0.284
0.284
0.284
0.285
0.285
0.285
0.285
0.286
0.286
0.286
0.286
0.286
0.286
0.286
0.286
0.286
0.286
0.286
0.286
0.286
0.285
0.285
0.285
0.285
0.285
0.285
0.285
0.285
0.285
0.285
0.285
0.286
0.286
0.286
0.286
0.286
0.286
0.286
0.286
0.286
0.287
0.286
0.286
0.286
0.286
0.286
0.286
0.286
0.286
0.286
0.286
0.286
0.286
0.286
0.286
0.286
0.286
0.286
0.286
0.287
0.287
0.287
0.287
0.287
0.287
0.287
0.287
0.287
0.287
0.287
0.287
0.287
0.287
0.287
0.286
0.286
0.286
0.286
0.286
0.286
0.287
0.287
0.286
0.286
0.286
0.286
0.286
0.286
0.286
0.286
0.286
0.286
0.286
0.286
0.285
0.285
0.285
0.285
0.285
0.285
0.285
0.285
0.285
0.285
0.285
0.285
0.285
0.285
0.285
0.285
0.285
0.285
0.285
0.285
0.285
0.284
0.284
0.284
0.284
0.284
0.284
0.284
0.284
0.284
0.284
0.284
0.284
0.284
0.283
0.283
0.283
0.283
0.283
0.283
0.283
0.283
0.283
0.283
0.283
0.283
0.283
0.283
0.283
0.283
0.282
0.282
0.282
0.282
0.282
0.282
0.282
0.282
0.282
0.282
0.282
0.282
0.282
0.282
0.282
0.282
0.282
0.282
0.282
0.282
0.282
0.282
0.282
0.282
0.282
0.282
0.282
0.282
0.282
0.282
0.282
0.282
0.282
0.282
0.282
0.282
0.282
0.282
0.282
0.282
0.282
0.282
0.282
0.282
0.282
0.282
0.281
0.281
0.281
0.281
0.282
0.282
0.282
0.282
0.282
0.282
0.282
0.282
0.282
0.282
0.282
0.282
0.282
0.282
0.282
0.282
0.282
0.282
0.282
0.282
0.282
0.282
0.282
0.282
0.282
0.282
0.282
0.281
0.281
0.281
0.281
0.281
0.281
0.281
0.281
0.281
0.281
0.281
0.281
0.281
0.281
0.281
0.281
0.281
0.281
0.281
0.281
0.281
0.281
0.281
0.281
0.281
0.281
0.281
0.281
0.281
0.281
0.281
0.281
0.281
0.281
0.281
0.282
0.281
0.281
0.281
0.281
0.281
0.281
0.281
0.281
0.281
0.281
0.281
0.281
0.281
0.281
0.281
0.281
0.281
0.281
0.281
0.281
0.281
0.281
0.281
0.281
0.281
0.281
0.281
0.281
0.281
0.281
0.281
0.281
0.281
0.281
0.281
0.281
0.281
0.281
0.281
0.281
0.281
0.281
0.281
0.281
0.281
0.281
0.281
0.281
0.281
0.281
0.281
0.281
0.281
0.281
0.280
0.281
0.280
0.281
0.280
0.280
0.280
0.280
0.280
0.280
0.280
0.280
0.280
0.280
0.280
0.280
0.280
0.280
0.280
0.280
0.280
0.280
0.280
0.280
0.280
0.280
0.280
0.280
0.280
0.280
0.280
0.280
0.280
0.280
0.280
0.280
0.280
0.280
0.280
0.280
0.280
0.280
0.280
0.280
0.280
0.280
0.280
0.280
0.280
0.281
0.281
0.281
0.281
0.281
0.281
0.281
0.281
0.281
0.281
0.281
0.281
0.281
0.281
0.281
0.281
0.281
0.281
0.281
0.281
0.281
0.281
0.281
0.281
0.281
0.281
0.281
0.280
0.281
0.280
0.281
0.280
0.280
0.280
0.280
0.280
0.280
0.281
0.281
0.281
0.280
0.280
0.280
0.280
0.280
0.280
0.280
0.281
0.281
0.281
0.281
0.281
0.281
0.281
0.281
0.281
0.281
0.281
0.281
0.281
0.281
0.281
0.281
0.281
0.281
0.281
0.281
0.281
0.281
0.281
0.281
0.281
0.281
0.281
0.281
0.281
0.281
0.281
0.280
0.280
0.280
0.280
0.281
0.281
0.281
0.281
0.281
0.281
0.281
0.281
0.281
0.281
0.281
0.281
0.281
0.281
0.281
0.281
0.281
0.281
0.281
0.281
0.281
0.281
0.281
0.281
0.281
0.281
0.281
0.281
0.281
0.281
0.281
0.281
0.281
0.281
0.281
0.281
0.281
0.281
0.281
0.281
0.281
0.281
0.281
0.281
0.281
0.281
0.281
0.281
0.281
0.281
0.281
0.281
0.281
0.281
0.281
0.281
0.281
0.281
0.281
0.281
0.281
0.281
0.281
0.281
0.281
0.280
0.280
0.280
0.280
0.280
0.280
0.280
0.280
0.280
0.280
0.280
0.280
0.280
0.280
0.280
0.280
0.280
0.280
0.280
0.280
0.280
0.280
0.280
0.280
0.280
0.280
0.280
0.280
0.280
0.280
0.280
0.280
0.280
0.280
0.280
0.280
0.280
0.280
0.280
0.280
0.280
0.280
0.280
0.280
0.280
0.280
0.280
0.280
0.280
0.280
0.280
0.280
0.280
0.280
0.280
0.280
0.280
0.280
0.280
0.280
0.280
0.280
0.280
0.280
0.280
0.280
0.280
0.280
0.280
0.280
0.280
0.280
0.280
0.280
0.280
0.280
0.280
0.280
0.279
0.279
0.279
0.279
0.279
0.279
0.279
0.279
0.279
0.279
0.279
0.279
0.279
0.279
0.279
0.279
0.279
0.279
0.279
0.279
0.279
0.279
0.279
0.279
0.279
0.279
0.279
0.279
0.279
0.279
0.279
0.279
0.279
0.279
0.279
0.279
0.279
0.279
0.279
0.279
0.279
0.279
0.279
0.279
0.279
0.279
0.279
0.279
0.279
0.279
0.279
0.279
0.279
0.279
0.279
0.279
0.279
0.279
0.279
0.279
0.279
0.279
0.279
0.279
0.279
0.279
0.279
0.279
0.279
0.279
0.279
0.279
0.279
0.279
0.279
0.279
0.279
0.279
0.279
0.279
0.279
0.279
0.279
0.279
0.279
0.279
0.279
0.279
0.279
0.279
0.279
0.279
0.279
0.279
0.279
0.279
0.279
0.279
0.279
0.279
0.279
0.279
0.279