20586908_6c613a14b80a8591_MG_R_CC_ANON.jpg 2 0.62025 0 0 0 0 0 0 0 0 0 0 0 0 0 0 0 0 0 0 0 0 0.22457 0 0 0 0 0 0 0 0 0 0 0 0 0 0 0 0 0 0 0 0 0.15508 0 0 0 0 0 0 0 0 0 0 0 0 0 0 0 0 0 0 0 0 0.00011
20586934_6c613a14b80a8591_MG_L_CC_ANON.jpg 5 0.67858 0 0 0 0 0 0 0 0 0 0 0 0 0 0 0 0 0 0 0 0 0.01841 0 0 0 0 0 0 0 0 0 0 0 0 0 0 0 0 0 0 0 0 0.29062 0 0 0 0 0 0 0 0 0 0 0 0 0 0 0 0 0 0 0 0 0.01239
20586960_6c613a14b80a8591_MG_R_ML_ANON.jpg 2 0.57567 0 0 0 0 0 0 0 0 0 0 0 0 0 0 0 0 0 0 0 0 0.10995 0 0 0 0 0 0 0 0 0 0 0 0 0 0 0 0 0 0 0 0 0.3134 0 0 0 0 0 0 0 0 0 0 0 0 0 0 0 0 0 0 0 0 0.00097
20586986_6c613a14b80a8591_MG_L_ML_ANON.jpg 5 0.64039 0 0 0 0 0 0 0 0 0 0 0 0 0 0 0 0 0 0 0 0 0.3571 0 0 0 0 0 0 0 0 0 0 0 0 0 0 0 0 0 0 0 0 0.00251 0 0 0 0 0 0 0 0 0 0 0 0 0 0 0 0 0 0 0 0 0
20587054_b6a4f750c6df4f90_MG_R_CC_ANON.jpg 4 0.68509 0 0 0 0 0 0 0 0 0 0 0 0 0 0 0 0 0 0 0 0 0.19976 0 0 0 0 0 0 0 0 0 0 0 0 0 0 0 0 0 0 0 0 0.11507 0 0 0 0 0 0 0 0 0 0 0 0 0 0 0 0 0 0 0 0 0.00008
20587080_b6a4f750c6df4f90_MG_R_ML_ANON.jpg 4 0.56022 0 0 0 0 0 0 0 0 0 0 0 0 0 0 0 0 0 0 0 0 0.04371 0 0 0 0 0 0 0 0 0 0 0 0 0 0 0 0 0 0 0 0 0.34777 0 0 0 0 0 0 0 0 0 0 0 0 0 0 0 0 0 0 0 0 0.04829
20587148_fd746d25eb40b3dc_MG_R_CC_ANON.jpg 2 0.81437 0 0 0 0 0 0 0 0 0 0 0 0 0 0 0 0 0 0 0 0 0.14291 0 0 0 0 0 0 0 0 0 0 0 0 0 0 0 0 0 0 0 0 0.0427 0 0 0 0 0 0 0 0 0 0 0 0 0 0 0 0 0 0 0 0 0.00003
20587174_fd746d25eb40b3dc_MG_L_CC_ANON.jpg 2 0.82599 0 0 0 0 0 0 0 0 0 0 0 0 0 0 0 0 0 0 0 0 0.16916 0 0 0 0 0 0 0 0 0 0 0 0 0 0 0 0 0 0 0 0 0.0048 0 0 0 0 0 0 0 0 0 0 0 0 0 0 0 0 0 0 0 0 0.00005
20587200_fd746d25eb40b3dc_MG_R_ML_ANON.jpg 2 0.68842 0 0 0 0 0 0 0 0 0 0 0 0 0 0 0 0 0 0 0 0 0.23721 0 0 0 0 0 0 0 0 0 0 0 0 0 0 0 0 0 0 0 0 0.07434 0 0 0 0 0 0 0 0 0 0 0 0 0 0 0 0 0 0 0 0 0.00003
20587226_fd746d25eb40b3dc_MG_L_ML_ANON.jpg 2 0.73283 0 0 0 0 0 0 0 0 0 0 0 0 0 0 0 0 0 0 0 0 0.25264 0 0 0 0 0 0 0 0 0 0 0 0 0 0 0 0 0 0 0 0 0.01449 0 0 0 0 0 0 0 0 0 0 0 0 0 0 0 0 0 0 0 0 0.00005
20587294_e634830794f5c1bd_MG_R_CC_ANON.jpg 2 0.6116 0 0 0 0 0 0 0 0 0 0 0 0 0 0 0 0 0 0 0 0 0.00318 0 0 0 0 0 0 0 0 0 0 0 0 0 0 0 0 0 0 0 0 0.25595 0 0 0 0 0 0 0 0 0 0 0 0 0 0 0 0 0 0 0 0 0.12927
20587320_e634830794f5c1bd_MG_L_CC_ANON.jpg 2 0.57516 0 0 0 0 0 0 0 0 0 0 0 0 0 0 0 0 0 0 0 0 0.04032 0 0 0 0 0 0 0 0 0 0 0 0 0 0 0 0 0 0 0 0 0.38446 0 0 0 0 0 0 0 0 0 0 0 0 0 0 0 0 0 0 0 0 0.00006
20587346_e634830794f5c1bd_MG_R_ML_ANON.jpg 2 0.52863 0 0 0 0 0 0 0 0 0 0 0 0 0 0 0 0 0 0 0 0 0.00953 0 0 0 0 0 0 0 0 0 0 0 0 0 0 0 0 0 0 0 0 0.43156 0 0 0 0 0 0 0 0 0 0 0 0 0 0 0 0 0 0 0 0 0.03028
20587372_e634830794f5c1bd_MG_L_ML_ANON.jpg 2 0.47122 0 0 0 0 0 0 0 0 0 0 0 0 0 0 0 0 0 0 0 0 0.03729 0 0 0 0 0 0 0 0 0 0 0 0 0 0 0 0 0 0 0 0 0.49031 0 0 0 0 0 0 0 0 0 0 0 0 0 0 0 0 0 0 0 0 0.00118
20587466_d571b5880ad2a016_MG_L_CC_ANON.jpg 2 0.83292 0 0 0 0 0 0 0 0 0 0 0 0 0 0 0 0 0 0 0 0 0.03318 0 0 0 0 0 0 0 0 0 0 0 0 0 0 0 0 0 0 0 0 0.10494 0 0 0 0 0 0 0 0 0 0 0 0 0 0 0 0 0 0 0 0 0.02896
20587492_d571b5880ad2a016_MG_R_ML_ANON.jpg 2 0.80783 0 0 0 0 0 0 0 0 0 0 0 0 0 0 0 0 0 0 0 0 0.04295 0 0 0 0 0 0 0 0 0 0 0 0 0 0 0 0 0 0 0 0 0.12504 0 0 0 0 0 0 0 0 0 0 0 0 0 0 0 0 0 0 0 0 0.02418
20587518_d571b5880ad2a016_MG_L_ML_ANON.jpg 2 0.76428 0 0 0 0 0 0 0 0 0 0 0 0 0 0 0 0 0 0 0 0 0.06198 0 0 0 0 0 0 0 0 0 0 0 0 0 0 0 0 0 0 0 0 0.14277 0 0 0 0 0 0 0 0 0 0 0 0 0 0 0 0 0 0 0 0 0.03096
20587544_d571b5880ad2a016_MG_R_CC_ANON.jpg 2 0.85152 0 0 0 0 0 0 0 0 0 0 0 0 0 0 0 0 0 0 0 0 0.033 0 0 0 0 0 0 0 0 0 0 0 0 0 0 0 0 0 0 0 0 0.08689 0 0 0 0 0 0 0 0 0 0 0 0 0 0 0 0 0 0 0 0 0.02859
20587612_f4b2d377f43ba0bd_MG_R_CC_ANON.jpg 5 0.63525 0 0 0 0 0 0 0 0 0 0 0 0 0 0 0 0 0 0 0 0 0.34166 0 0 0 0 0 0 0 0 0 0 0 0 0 0 0 0 0 0 0 0 0.02309 0 0 0 0 0 0 0 0 0 0 0 0 0 0 0 0 0 0 0 0 0.00001
20587638_f4b2d377f43ba0bd_MG_L_CC_ANON.jpg 2 0.63833 0 0 0 0 0 0 0 0 0 0 0 0 0 0 0 0 0 0 0 0 0.07921 0 0 0 0 0 0 0 0 0 0 0 0 0 0 0 0 0 0 0 0 0.28238 0 0 0 0 0 0 0 0 0 0 0 0 0 0 0 0 0 0 0 0 0.00008
20587664_f4b2d377f43ba0bd_MG_R_ML_ANON.jpg 5 0.59122 0 0 0 0 0 0 0 0 0 0 0 0 0 0 0 0 0 0 0 0 0.17393 0 0 0 0 0 0 0 0 0 0 0 0 0 0 0 0 0 0 0 0 0.23476 0 0 0 0 0 0 0 0 0 0 0 0 0 0 0 0 0 0 0 0 0.00008
20587690_f4b2d377f43ba0bd_MG_L_ML_ANON.jpg 2 0.57921 0 0 0 0 0 0 0 0 0 0 0 0 0 0 0 0 0 0 0 0 0.41551 0 0 0 0 0 0 0 0 0 0 0 0 0 0 0 0 0 0 0 0 0.00526 0 0 0 0 0 0 0 0 0 0 0 0 0 0 0 0 0 0 0 0 0.00002
20587758_81cd83d2f4d78528_MG_L_CC_ANON.jpg 3 0.63074 0 0 0 0 0 0 0 0 0 0 0 0 0 0 0 0 0 0 0 0 0.0605 0 0 0 0 0 0 0 0 0 0 0 0 0 0 0 0 0 0 0 0 0.29227 0 0 0 0 0 0 0 0 0 0 0 0 0 0 0 0 0 0 0 0 0.01649
20587784_81cd83d2f4d78528_MG_R_ML_ANON.jpg 3 0.59465 0 0 0 0 0 0 0 0 0 0 0 0 0 0 0 0 0 0 0 0 0.01916 0 0 0 0 0 0 0 0 0 0 0 0 0 0 0 0 0 0 0 0 0.35032 0 0 0 0 0 0 0 0 0 0 0 0 0 0 0 0 0 0 0 0 0.03587
20587810_81cd83d2f4d78528_MG_L_ML_ANON.jpg 3 0.53783 0 0 0 0 0 0 0 0 0 0 0 0 0 0 0 0 0 0 0 0 0.05081 0 0 0 0 0 0 0 0 0 0 0 0 0 0 0 0 0 0 0 0 0.37948 0 0 0 0 0 0 0 0 0 0 0 0 0 0 0 0 0 0 0 0 0.03189
20587836_81cd83d2f4d78528_MG_R_CC_ANON.jpg 3 0.6909 0 0 0 0 0 0 0 0 0 0 0 0 0 0 0 0 0 0 0 0 0.00608 0 0 0 0 0 0 0 0 0 0 0 0 0 0 0 0 0 0 0 0 0.25667 0 0 0 0 0 0 0 0 0 0 0 0 0 0 0 0 0 0 0 0 0.04635
20587902_8dbbd4e51f549ff0_MG_R_CC_ANON.jpg 3 0.76784 0 0 0 0 0 0 0 0 0 0 0 0 0 0 0 0 0 0 0 0 0.05316 0 0 0 0 0 0 0 0 0 0 0 0 0 0 0 0 0 0 0 0 0.13876 0 0 0 0 0 0 0 0 0 0 0 0 0 0 0 0 0 0 0 0 0.04024
20587928_8dbbd4e51f549ff0_MG_R_ML_ANON.jpg 3 0.67253 0 0 0 0 0 0 0 0 0 0 0 0 0 0 0 0 0 0 0 0 0.10793 0 0 0 0 0 0 0 0 0 0 0 0 0 0 0 0 0 0 0 0 0.20974 0 0 0 0 0 0 0 0 0 0 0 0 0 0 0 0 0 0 0 0 0.00979
20587994_024ee3569b2605dc_MG_R_CC_ANON.jpg 6 0.62321 0 0 0 0 0 0 0 0 0 0 0 0 0 0 0 0 0 0 0 0 0.08255 0 0 0 0 0 0 0 0 0 0 0 0 0 0 0 0 0 0 0 0 0.29382 0 0 0 0 0 0 0 0 0 0 0 0 0 0 0 0 0 0 0 0 0.00042
20588020_024ee3569b2605dc_MG_L_CC_ANON.jpg 2 0.60431 0 0 0 0 0 0 0 0 0 0 0 0 0 0 0 0 0 0 0 0 0.00526 0 0 0 0 0 0 0 0 0 0 0 0 0 0 0 0 0 0 0 0 0.36115 0 0 0 0 0 0 0 0 0 0 0 0 0 0 0 0 0 0 0 0 0.02927
20588046_024ee3569b2605dc_MG_R_ML_ANON.jpg 6 0.503 0 0 0 0 0 0 0 0 0 0 0 0 0 0 0 0 0 0 0 0 0.04898 0 0 0 0 0 0 0 0 0 0 0 0 0 0 0 0 0 0 0 0 0.41523 0 0 0 0 0 0 0 0 0 0 0 0 0 0 0 0 0 0 0 0 0.03278
20588072_024ee3569b2605dc_MG_L_ML_ANON.jpg 2 0.52045 0 0 0 0 0 0 0 0 0 0 0 0 0 0 0 0 0 0 0 0 0.02322 0 0 0 0 0 0 0 0 0 0 0 0 0 0 0 0 0 0 0 0 0.42805 0 0 0 0 0 0 0 0 0 0 0 0 0 0 0 0 0 0 0 0 0.02828
20588138_8d0b9620c53c0268_MG_R_ML_ANON.jpg 1 0.56401 0 0 0 0 0 0 0 0 0 0 0 0 0 0 0 0 0 0 0 0 0.02101 0 0 0 0 0 0 0 0 0 0 0 0 0 0 0 0 0 0 0 0 0.36451 0 0 0 0 0 0 0 0 0 0 0 0 0 0 0 0 0 0 0 0 0.05048
20588164_8d0b9620c53c0268_MG_R_CC_ANON.jpg 1 0.67339 0 0 0 0 0 0 0 0 0 0 0 0 0 0 0 0 0 0 0 0 0.02863 0 0 0 0 0 0 0 0 0 0 0 0 0 0 0 0 0 0 0 0 0.28811 0 0 0 0 0 0 0 0 0 0 0 0 0 0 0 0 0 0 0 0 0.00986
20588190_8d0b9620c53c0268_MG_L_CC_ANON.jpg 4 0.69428 0 0 0 0 0 0 0 0 0 0 0 0 0 0 0 0 0 0 0 0 0.00531 0 0 0 0 0 0 0 0 0 0 0 0 0 0 0 0 0 0 0 0 0.20462 0 0 0 0 0 0 0 0 0 0 0 0 0 0 0 0 0 0 0 0 0.09579
20588216_8d0b9620c53c0268_MG_L_ML_ANON.jpg 4 0.57064 0 0 0 0 0 0 0 0 0 0 0 0 0 0 0 0 0 0 0 0 0.01326 0 0 0 0 0 0 0 0 0 0 0 0 0 0 0 0 0 0 0 0 0.34058 0 0 0 0 0 0 0 0 0 0 0 0 0 0 0 0 0 0 0 0 0.07551
20588308_493155e17143edef_MG_L_ML_ANON.jpg 3 0.73336 0 0 0 0 0 0 0 0 0 0 0 0 0 0 0 0 0 0 0 0 0.02417 0 0 0 0 0 0 0 0 0 0 0 0 0 0 0 0 0 0 0 0 0.19375 0 0 0 0 0 0 0 0 0 0 0 0 0 0 0 0 0 0 0 0 0.04873
20588334_493155e17143edef_MG_L_CC_ANON.jpg 3 0.81597 0 0 0 0 0 0 0 0 0 0 0 0 0 0 0 0 0 0 0 0 0.00647 0 0 0 0 0 0 0 0 0 0 0 0 0 0 0 0 0 0 0 0 0.10695 0 0 0 0 0 0 0 0 0 0 0 0 0 0 0 0 0 0 0 0 0.07061
20588458_bf1a6aaadb05e3df_MG_R_CC_ANON.jpg 2 0.64152 0 0 0 0 0 0 0 0 0 0 0 0 0 0 0 0 0 0 0 0 0.00877 0 0 0 0 0 0 0 0 0 0 0 0 0 0 0 0 0 0 0 0 0.32264 0 0 0 0 0 0 0 0 0 0 0 0 0 0 0 0 0 0 0 0 0.02706
20588510_bf1a6aaadb05e3df_MG_R_ML_ANON.jpg 2 0.51078 0 0 0 0 0 0 0 0 0 0 0 0 0 0 0 0 0 0 0 0 0.02499 0 0 0 0 0 0 0 0 0 0 0 0 0 0 0 0 0 0 0 0 0.40722 0 0 0 0 0 0 0 0 0 0 0 0 0 0 0 0 0 0 0 0 0.05701
20588536_bf1a6aaadb05e3df_MG_L_ML_ANON.jpg 5 0.51101 0 0 0 0 0 0 0 0 0 0 0 0 0 0 0 0 0 0 0 0 0.11177 0 0 0 0 0 0 0 0 0 0 0 0 0 0 0 0 0 0 0 0 0.34189 0 0 0 0 0 0 0 0 0 0 0 0 0 0 0 0 0 0 0 0 0.03533
20588562_bf1a6aaadb05e3df_MG_L_CC_ANON.jpg 5 0.55276 0 0 0 0 0 0 0 0 0 0 0 0 0 0 0 0 0 0 0 0 0.07124 0 0 0 0 0 0 0 0 0 0 0 0 0 0 0 0 0 0 0 0 0.33027 0 0 0 0 0 0 0 0 0 0 0 0 0 0 0 0 0 0 0 0 0.04574
20588654_036aff49b8ac84f0_MG_R_ML_ANON.jpg 2 0.65633 0 0 0 0 0 0 0 0 0 0 0 0 0 0 0 0 0 0 0 0 0.23938 0 0 0 0 0 0 0 0 0 0 0 0 0 0 0 0 0 0 0 0 0.10416 0 0 0 0 0 0 0 0 0 0 0 0 0 0 0 0 0 0 0 0 0.00013
20588680_036aff49b8ac84f0_MG_L_ML_ANON.jpg 3 0.61525 0 0 0 0 0 0 0 0 0 0 0 0 0 0 0 0 0 0 0 0 0.31743 0 0 0 0 0 0 0 0 0 0 0 0 0 0 0 0 0 0 0 0 0.06725 0 0 0 0 0 0 0 0 0 0 0 0 0 0 0 0 0 0 0 0 0.00007
22427682_d713ef5849f98b6c_MG_R_CC_ANON.jpg 2 0.65617 0 0 0 0 0 0 0 0 0 0 0 0 0 0 0 0 0 0 0 0 0.07773 0 0 0 0 0 0 0 0 0 0 0 0 0 0 0 0 0 0 0 0 0.26593 0 0 0 0 0 0 0 0 0 0 0 0 0 0 0 0 0 0 0 0 0.00018
22427705_d713ef5849f98b6c_MG_L_CC_ANON.jpg 5 0.72519 0 0 0 0 0 0 0 0 0 0 0 0 0 0 0 0 0 0 0 0 0.00581 0 0 0 0 0 0 0 0 0 0 0 0 0 0 0 0 0 0 0 0 0.231 0 0 0 0 0 0 0 0 0 0 0 0 0 0 0 0 0 0 0 0 0.038
22427728_d713ef5849f98b6c_MG_R_ML_ANON.jpg 2 0.5557 0 0 0 0 0 0 0 0 0 0 0 0 0 0 0 0 0 0 0 0 0.19414 0 0 0 0 0 0 0 0 0 0 0 0 0 0 0 0 0 0 0 0 0.25004 0 0 0 0 0 0 0 0 0 0 0 0 0 0 0 0 0 0 0 0 0.00012
22427751_d713ef5849f98b6c_MG_L_ML_ANON.jpg 5 0.62161 0 0 0 0 0 0 0 0 0 0 0 0 0 0 0 0 0 0 0 0 0.33889 0 0 0 0 0 0 0 0 0 0 0 0 0 0 0 0 0 0 0 0 0.03948 0 0 0 0 0 0 0 0 0 0 0 0 0 0 0 0 0 0 0 0 0.00002
22427840_bbd6a3a35438c11b_MG_R_CC_ANON.jpg 5 0.79745 0 0 0 0 0 0 0 0 0 0 0 0 0 0 0 0 0 0 0 0 0.05495 0 0 0 0 0 0 0 0 0 0 0 0 0 0 0 0 0 0 0 0 0.1452 0 0 0 0 0 0 0 0 0 0 0 0 0 0 0 0 0 0 0 0 0.0024
22427864_bbd6a3a35438c11b_MG_L_CC_ANON.jpg 2 0.70505 0 0 0 0 0 0 0 0 0 0 0 0 0 0 0 0 0 0 0 0 0.00363 0 0 0 0 0 0 0 0 0 0 0 0 0 0 0 0 0 0 0 0 0.25051 0 0 0 0 0 0 0 0 0 0 0 0 0 0 0 0 0 0 0 0 0.04081
22579730_bbd6a3a35438c11b_MG_R_ML_ANON.jpg 5 0.67197 0 0 0 0 0 0 0 0 0 0 0 0 0 0 0 0 0 0 0 0 0.17963 0 0 0 0 0 0 0 0 0 0 0 0 0 0 0 0 0 0 0 0 0.1462 0 0 0 0 0 0 0 0 0 0 0 0 0 0 0 0 0 0 0 0 0.0022
22579754_bbd6a3a35438c11b_MG_L_ML_ANON.jpg 2 0.62154 0 0 0 0 0 0 0 0 0 0 0 0 0 0 0 0 0 0 0 0 0.12598 0 0 0 0 0 0 0 0 0 0 0 0 0 0 0 0 0 0 0 0 0.25184 0 0 0 0 0 0 0 0 0 0 0 0 0 0 0 0 0 0 0 0 0.00065
22579847_301f1776aebbf5d2_MG_R_CC_ANON.jpg 2 0.71722 0 0 0 0 0 0 0 0 0 0 0 0 0 0 0 0 0 0 0 0 0.02115 0 0 0 0 0 0 0 0 0 0 0 0 0 0 0 0 0 0 0 0 0.20419 0 0 0 0 0 0 0 0 0 0 0 0 0 0 0 0 0 0 0 0 0.05744
22579870_301f1776aebbf5d2_MG_L_CC_ANON.jpg 4 0.73237 0 0 0 0 0 0 0 0 0 0 0 0 0 0 0 0 0 0 0 0 0.05461 0 0 0 0 0 0 0 0 0 0 0 0 0 0 0 0 0 0 0 0 0.20969 0 0 0 0 0 0 0 0 0 0 0 0 0 0 0 0 0 0 0 0 0.00332
22579893_301f1776aebbf5d2_MG_R_ML_ANON.jpg 2 0.60541 0 0 0 0 0 0 0 0 0 0 0 0 0 0 0 0 0 0 0 0 0.04901 0 0 0 0 0 0 0 0 0 0 0 0 0 0 0 0 0 0 0 0 0.32399 0 0 0 0 0 0 0 0 0 0 0 0 0 0 0 0 0 0 0 0 0.02159
22579916_301f1776aebbf5d2_MG_L_ML_ANON.jpg 4 0.64213 0 0 0 0 0 0 0 0 0 0 0 0 0 0 0 0 0 0 0 0 0.17483 0 0 0 0 0 0 0 0 0 0 0 0 0 0 0 0 0 0 0 0 0.18299 0 0 0 0 0 0 0 0 0 0 0 0 0 0 0 0 0 0 0 0 0.00006
22580015_6200187f3f1ccc18_MG_R_CC_ANON.jpg 2 0.67757 0 0 0 0 0 0 0 0 0 0 0 0 0 0 0 0 0 0 0 0 0.32159 0 0 0 0 0 0 0 0 0 0 0 0 0 0 0 0 0 0 0 0 0.00078 0 0 0 0 0 0 0 0 0 0 0 0 0 0 0 0 0 0 0 0 0.00007
22580038_6200187f3f1ccc18_MG_L_CC_ANON.jpg 5 0.66495 0 0 0 0 0 0 0 0 0 0 0 0 0 0 0 0 0 0 0 0 0.28601 0 0 0 0 0 0 0 0 0 0 0 0 0 0 0 0 0 0 0 0 0.04894 0 0 0 0 0 0 0 0 0 0 0 0 0 0 0 0 0 0 0 0 0.0001
22580068_6200187f3f1ccc18_MG_R_ML_ANON.jpg 2 0.60883 0 0 0 0 0 0 0 0 0 0 0 0 0 0 0 0 0 0 0 0 0.38961 0 0 0 0 0 0 0 0 0 0 0 0 0 0 0 0 0 0 0 0 0.00152 0 0 0 0 0 0 0 0 0 0 0 0 0 0 0 0 0 0 0 0 0.00004
22580098_6200187f3f1ccc18_MG_L_ML_ANON.jpg 5 0.58524 0 0 0 0 0 0 0 0 0 0 0 0 0 0 0 0 0 0 0 0 0.38961 0 0 0 0 0 0 0 0 0 0 0 0 0 0 0 0 0 0 0 0 0.02509 0 0 0 0 0 0 0 0 0 0 0 0 0 0 0 0 0 0 0 0 0.00006
22580192_5530d5782fc89dd7_MG_R_CC_ANON.jpg 3 0.62928 0 0 0 0 0 0 0 0 0 0 0 0 0 0 0 0 0 0 0 0 0.0069 0 0 0 0 0 0 0 0 0 0 0 0 0 0 0 0 0 0 0 0 0.3553 0 0 0 0 0 0 0 0 0 0 0 0 0 0 0 0 0 0 0 0 0.00852
22580218_5530d5782fc89dd7_MG_L_CC_ANON.jpg 1 0.63625 0 0 0 0 0 0 0 0 0 0 0 0 0 0 0 0 0 0 0 0 0.00846 0 0 0 0 0 0 0 0 0 0 0 0 0 0 0 0 0 0 0 0 0.34612 0 0 0 0 0 0 0 0 0 0 0 0 0 0 0 0 0 0 0 0 0.00917
22580244_5530d5782fc89dd7_MG_R_ML_ANON.jpg 3 0.53217 0 0 0 0 0 0 0 0 0 0 0 0 0 0 0 0 0 0 0 0 0.02871 0 0 0 0 0 0 0 0 0 0 0 0 0 0 0 0 0 0 0 0 0.37861 0 0 0 0 0 0 0 0 0 0 0 0 0 0 0 0 0 0 0 0 0.06052
22580270_5530d5782fc89dd7_MG_L_ML_ANON.jpg 1 0.54738 0 0 0 0 0 0 0 0 0 0 0 0 0 0 0 0 0 0 0 0 0.03781 0 0 0 0 0 0 0 0 0 0 0 0 0 0 0 0 0 0 0 0 0.38243 0 0 0 0 0 0 0 0 0 0 0 0 0 0 0 0 0 0 0 0 0.03238
22580341_5eae9beae14d26fd_MG_R_CC_ANON.jpg 2 0.76443 0 0 0 0 0 0 0 0 0 0 0 0 0 0 0 0 0 0 0 0 0.01953 0 0 0 0 0 0 0 0 0 0 0 0 0 0 0 0 0 0 0 0 0.16783 0 0 0 0 0 0 0 0 0 0 0 0 0 0 0 0 0 0 0 0 0.0482
22580367_5eae9beae14d26fd_MG_L_CC_ANON.jpg 2 0.75437 0 0 0 0 0 0 0 0 0 0 0 0 0 0 0 0 0 0 0 0 0.04332 0 0 0 0 0 0 0 0 0 0 0 0 0 0 0 0 0 0 0 0 0.1747 0 0 0 0 0 0 0 0 0 0 0 0 0 0 0 0 0 0 0 0 0.02762
22580393_5eae9beae14d26fd_MG_R_ML_ANON.jpg 2 0.69952 0 0 0 0 0 0 0 0 0 0 0 0 0 0 0 0 0 0 0 0 0.01946 0 0 0 0 0 0 0 0 0 0 0 0 0 0 0 0 0 0 0 0 0.22994 0 0 0 0 0 0 0 0 0 0 0 0 0 0 0 0 0 0 0 0 0.05108
22580419_5eae9beae14d26fd_MG_L_ML_ANON.jpg 2 0.66973 0 0 0 0 0 0 0 0 0 0 0 0 0 0 0 0 0 0 0 0 0.02104 0 0 0 0 0 0 0 0 0 0 0 0 0 0 0 0 0 0 0 0 0.26616 0 0 0 0 0 0 0 0 0 0 0 0 0 0 0 0 0 0 0 0 0.04308
22580492_2a5b932da4ce5ca1_MG_R_CC_ANON.jpg 2 0.73837 0 0 0 0 0 0 0 0 0 0 0 0 0 0 0 0 0 0 0 0 0.0082 0 0 0 0 0 0 0 0 0 0 0 0 0 0 0 0 0 0 0 0 0.23713 0 0 0 0 0 0 0 0 0 0 0 0 0 0 0 0 0 0 0 0 0.0163
22580520_2a5b932da4ce5ca1_MG_L_CC_ANON.jpg 5 0.73126 0 0 0 0 0 0 0 0 0 0 0 0 0 0 0 0 0 0 0 0 0.05597 0 0 0 0 0 0 0 0 0 0 0 0 0 0 0 0 0 0 0 0 0.17986 0 0 0 0 0 0 0 0 0 0 0 0 0 0 0 0 0 0 0 0 0.03291
22580548_2a5b932da4ce5ca1_MG_R_ML_ANON.jpg 2 0.62263 0 0 0 0 0 0 0 0 0 0 0 0 0 0 0 0 0 0 0 0 0.03089 0 0 0 0 0 0 0 0 0 0 0 0 0 0 0 0 0 0 0 0 0.32015 0 0 0 0 0 0 0 0 0 0 0 0 0 0 0 0 0 0 0 0 0.02634
22580576_2a5b932da4ce5ca1_MG_L_ML_ANON.jpg 5 0.62144 0 0 0 0 0 0 0 0 0 0 0 0 0 0 0 0 0 0 0 0 0.10067 0 0 0 0 0 0 0 0 0 0 0 0 0 0 0 0 0 0 0 0 0.26364 0 0 0 0 0 0 0 0 0 0 0 0 0 0 0 0 0 0 0 0 0.01425
22580654_fe7d005dcbbfb46d_MG_R_CC_ANON.jpg 5 0.75155 0 0 0 0 0 0 0 0 0 0 0 0 0 0 0 0 0 0 0 0 0.05274 0 0 0 0 0 0 0 0 0 0 0 0 0 0 0 0 0 0 0 0 0.15289 0 0 0 0 0 0 0 0 0 0 0 0 0 0 0 0 0 0 0 0 0.04282
22580680_fe7d005dcbbfb46d_MG_L_CC_ANON.jpg 2 0.80199 0 0 0 0 0 0 0 0 0 0 0 0 0 0 0 0 0 0 0 0 0.00279 0 0 0 0 0 0 0 0 0 0 0 0 0 0 0 0 0 0 0 0 0.19356 0 0 0 0 0 0 0 0 0 0 0 0 0 0 0 0 0 0 0 0 0.00165
22580706_fe7d005dcbbfb46d_MG_R_ML_ANON.jpg 5 0.60152 0 0 0 0 0 0 0 0 0 0 0 0 0 0 0 0 0 0 0 0 0.24961 0 0 0 0 0 0 0 0 0 0 0 0 0 0 0 0 0 0 0 0 0.13934 0 0 0 0 0 0 0 0 0 0 0 0 0 0 0 0 0 0 0 0 0.00953
22580732_fe7d005dcbbfb46d_MG_L_ML_ANON.jpg 2 0.71386 0 0 0 0 0 0 0 0 0 0 0 0 0 0 0 0 0 0 0 0 0.0549 0 0 0 0 0 0 0 0 0 0 0 0 0 0 0 0 0 0 0 0 0.22691 0 0 0 0 0 0 0 0 0 0 0 0 0 0 0 0 0 0 0 0 0.00433
22613624_dcafa6ba6374ec07_MG_R_CC_ANON.jpg 2 0.75359 0 0 0 0 0 0 0 0 0 0 0 0 0 0 0 0 0 0 0 0 0.00269 0 0 0 0 0 0 0 0 0 0 0 0 0 0 0 0 0 0 0 0 0.23132 0 0 0 0 0 0 0 0 0 0 0 0 0 0 0 0 0 0 0 0 0.0124
22613650_dcafa6ba6374ec07_MG_L_CC_ANON.jpg 6 0.77815 0 0 0 0 0 0 0 0 0 0 0 0 0 0 0 0 0 0 0 0 0.07815 0 0 0 0 0 0 0 0 0 0 0 0 0 0 0 0 0 0 0 0 0.14239 0 0 0 0 0 0 0 0 0 0 0 0 0 0 0 0 0 0 0 0 0.00131
22613676_dcafa6ba6374ec07_MG_R_ML_ANON.jpg 2 0.69942 0 0 0 0 0 0 0 0 0 0 0 0 0 0 0 0 0 0 0 0 0.07575 0 0 0 0 0 0 0 0 0 0 0 0 0 0 0 0 0 0 0 0 0.22417 0 0 0 0 0 0 0 0 0 0 0 0 0 0 0 0 0 0 0 0 0.00066
22613702_dcafa6ba6374ec07_MG_L_ML_ANON.jpg 6 0.73804 0 0 0 0 0 0 0 0 0 0 0 0 0 0 0 0 0 0 0 0 0.0772 0 0 0 0 0 0 0 0 0 0 0 0 0 0 0 0 0 0 0 0 0.17801 0 0 0 0 0 0 0 0 0 0 0 0 0 0 0 0 0 0 0 0 0.00675
22613770_45c7f44839fd9e68_MG_R_CC_ANON.jpg 5 0.76105 0 0 0 0 0 0 0 0 0 0 0 0 0 0 0 0 0 0 0 0 0.13004 0 0 0 0 0 0 0 0 0 0 0 0 0 0 0 0 0 0 0 0 0.10592 0 0 0 0 0 0 0 0 0 0 0 0 0 0 0 0 0 0 0 0 0.00299
22613796_45c7f44839fd9e68_MG_L_CC_ANON.jpg 2 0.73516 0 0 0 0 0 0 0 0 0 0 0 0 0 0 0 0 0 0 0 0 0.00234 0 0 0 0 0 0 0 0 0 0 0 0 0 0 0 0 0 0 0 0 0.25256 0 0 0 0 0 0 0 0 0 0 0 0 0 0 0 0 0 0 0 0 0.00994
22613822_45c7f44839fd9e68_MG_R_ML_ANON.jpg 5 0.72733 0 0 0 0 0 0 0 0 0 0 0 0 0 0 0 0 0 0 0 0 0.08349 0 0 0 0 0 0 0 0 0 0 0 0 0 0 0 0 0 0 0 0 0.18591 0 0 0 0 0 0 0 0 0 0 0 0 0 0 0 0 0 0 0 0 0.00328
22613848_45c7f44839fd9e68_MG_L_ML_ANON.jpg 1 0.70969 0 0 0 0 0 0 0 0 0 0 0 0 0 0 0 0 0 0 0 0 0.00801 0 0 0 0 0 0 0 0 0 0 0 0 0 0 0 0 0 0 0 0 0.27779 0 0 0 0 0 0 0 0 0 0 0 0 0 0 0 0 0 0 0 0 0.0045
22613918_f23fa352e7de3dc7_MG_R_CC_ANON.jpg 4 0.75543 0 0 0 0 0 0 0 0 0 0 0 0 0 0 0 0 0 0 0 0 0.00274 0 0 0 0 0 0 0 0 0 0 0 0 0 0 0 0 0 0 0 0 0.21692 0 0 0 0 0 0 0 0 0 0 0 0 0 0 0 0 0 0 0 0 0.02491
22613944_f23fa352e7de3dc7_MG_L_CC_ANON.jpg 1 0.76939 0 0 0 0 0 0 0 0 0 0 0 0 0 0 0 0 0 0 0 0 0.00321 0 0 0 0 0 0 0 0 0 0 0 0 0 0 0 0 0 0 0 0 0.21437 0 0 0 0 0 0 0 0 0 0 0 0 0 0 0 0 0 0 0 0 0.01303
22613970_f23fa352e7de3dc7_MG_R_ML_ANON.jpg 4 0.66726 0 0 0 0 0 0 0 0 0 0 0 0 0 0 0 0 0 0 0 0 0.0071 0 0 0 0 0 0 0 0 0 0 0 0 0 0 0 0 0 0 0 0 0.30303 0 0 0 0 0 0 0 0 0 0 0 0 0 0 0 0 0 0 0 0 0.02261
22613996_f23fa352e7de3dc7_MG_L_ML_ANON.jpg 1 0.70865 0 0 0 0 0 0 0 0 0 0 0 0 0 0 0 0 0 0 0 0 0.03732 0 0 0 0 0 0 0 0 0 0 0 0 0 0 0 0 0 0 0 0 0.25343 0 0 0 0 0 0 0 0 0 0 0 0 0 0 0 0 0 0 0 0 0.0006
22614074_6bd24a0a42c19ce1_MG_R_CC_ANON.jpg 5 0.48914 0 0 0 0 0 0 0 0 0 0 0 0 0 0 0 0 0 0 0 0 0.50707 0 0 0 0 0 0 0 0 0 0 0 0 0 0 0 0 0 0 0 0 0.00365 0 0 0 0 0 0 0 0 0 0 0 0 0 0 0 0 0 0 0 0 0.00014
22614097_6bd24a0a42c19ce1_MG_L_CC_ANON.jpg 2 0.45801 0 0 0 0 0 0 0 0 0 0 0 0 0 0 0 0 0 0 0 0 0.53962 0 0 0 0 0 0 0 0 0 0 0 0 0 0 0 0 0 0 0 0 0.00235 0 0 0 0 0 0 0 0 0 0 0 0 0 0 0 0 0 0 0 0 0.00002
22614127_6bd24a0a42c19ce1_MG_R_ML_ANON.jpg 5 0.472 0 0 0 0 0 0 0 0 0 0 0 0 0 0 0 0 0 0 0 0 0.0778 0 0 0 0 0 0 0 0 0 0 0 0 0 0 0 0 0 0 0 0 0.4414 0 0 0 0 0 0 0 0 0 0 0 0 0 0 0 0 0 0 0 0 0.0088
22614150_6bd24a0a42c19ce1_MG_L_ML_ANON.jpg 2 0.51231 0 0 0 0 0 0 0 0 0 0 0 0 0 0 0 0 0 0 0 0 0.44527 0 0 0 0 0 0 0 0 0 0 0 0 0 0 0 0 0 0 0 0 0.04237 0 0 0 0 0 0 0 0 0 0 0 0 0 0 0 0 0 0 0 0 0.00004
22614236_1e5c3af078f74b05_MG_L_CC_ANON.jpg 5 0.71193 0 0 0 0 0 0 0 0 0 0 0 0 0 0 0 0 0 0 0 0 0.04966 0 0 0 0 0 0 0 0 0 0 0 0 0 0 0 0 0 0 0 0 0.23569 0 0 0 0 0 0 0 0 0 0 0 0 0 0 0 0 0 0 0 0 0.00272
22614266_1e5c3af078f74b05_MG_L_ML_ANON.jpg 5 0.59495 0 0 0 0 0 0 0 0 0 0 0 0 0 0 0 0 0 0 0 0 0.22165 0 0 0 0 0 0 0 0 0 0 0 0 0 0 0 0 0 0 0 0 0.18329 0 0 0 0 0 0 0 0 0 0 0 0 0 0 0 0 0 0 0 0 0.00011
22614353_d065adcb9905b973_MG_R_CC_ANON.jpg 2 0.64702 0 0 0 0 0 0 0 0 0 0 0 0 0 0 0 0 0 0 0 0 0.01939 0 0 0 0 0 0 0 0 0 0 0 0 0 0 0 0 0 0 0 0 0.33313 0 0 0 0 0 0 0 0 0 0 0 0 0 0 0 0 0 0 0 0 0.00046
22614379_d065adcb9905b973_MG_L_CC_ANON.jpg 5 0.60436 0 0 0 0 0 0 0 0 0 0 0 0 0 0 0 0 0 0 0 0 0.05778 0 0 0 0 0 0 0 0 0 0 0 0 0 0 0 0 0 0 0 0 0.32804 0 0 0 0 0 0 0 0 0 0 0 0 0 0 0 0 0 0 0 0 0.00983
22614405_d065adcb9905b973_MG_R_ML_ANON.jpg 2 0.52718 0 0 0 0 0 0 0 0 0 0 0 0 0 0 0 0 0 0 0 0 0.40394 0 0 0 0 0 0 0 0 0 0 0 0 0 0 0 0 0 0 0 0 0.06884 0 0 0 0 0 0 0 0 0 0 0 0 0 0 0 0 0 0 0 0 0.00004
22614431_d065adcb9905b973_MG_L_ML_ANON.jpg 5 0.50744 0 0 0 0 0 0 0 0 0 0 0 0 0 0 0 0 0 0 0 0 0.09664 0 0 0 0 0 0 0 0 0 0 0 0 0 0 0 0 0 0 0 0 0.39159 0 0 0 0 0 0 0 0 0 0 0 0 0 0 0 0 0 0 0 0 0.00433
22614499_2dec4948fbe6336d_MG_R_CC_ANON.jpg 2 0.64631 0 0 0 0 0 0 0 0 0 0 0 0 0 0 0 0 0 0 0 0 0.16064 0 0 0 0 0 0 0 0 0 0 0 0 0 0 0 0 0 0 0 0 0.19288 0 0 0 0 0 0 0 0 0 0 0 0 0 0 0 0 0 0 0 0 0.00017
22614522_2dec4948fbe6336d_MG_L_CC_ANON.jpg 4 0.59662 0 0 0 0 0 0 0 0 0 0 0 0 0 0 0 0 0 0 0 0 0.03817 0 0 0 0 0 0 0 0 0 0 0 0 0 0 0 0 0 0 0 0 0.35004 0 0 0 0 0 0 0 0 0 0 0 0 0 0 0 0 0 0 0 0 0.01516
22614545_2dec4948fbe6336d_MG_R_ML_ANON.jpg 2 0.54525 0 0 0 0 0 0 0 0 0 0 0 0 0 0 0 0 0 0 0 0 0.23742 0 0 0 0 0 0 0 0 0 0 0 0 0 0 0 0 0 0 0 0 0.21703 0 0 0 0 0 0 0 0 0 0 0 0 0 0 0 0 0 0 0 0 0.0003
22614568_2dec4948fbe6336d_MG_L_ML_ANON.jpg 4 0.52591 0 0 0 0 0 0 0 0 0 0 0 0 0 0 0 0 0 0 0 0 0.15181 0 0 0 0 0 0 0 0 0 0 0 0 0 0 0 0 0 0 0 0 0.31095 0 0 0 0 0 0 0 0 0 0 0 0 0 0 0 0 0 0 0 0 0.01132
22670094_e1f51192f7bf3f5f_MG_R_CC_ANON.jpg 6 0.70788 0 0 0 0 0 0 0 0 0 0 0 0 0 0 0 0 0 0 0 0 0.01237 0 0 0 0 0 0 0 0 0 0 0 0 0 0 0 0 0 0 0 0 0.27554 0 0 0 0 0 0 0 0 0 0 0 0 0 0 0 0 0 0 0 0 0.00421
22670124_e1f51192f7bf3f5f_MG_L_CC_ANON.jpg 2 0.69067 0 0 0 0 0 0 0 0 0 0 0 0 0 0 0 0 0 0 0 0 0.04682 0 0 0 0 0 0 0 0 0 0 0 0 0 0 0 0 0 0 0 0 0.26236 0 0 0 0 0 0 0 0 0 0 0 0 0 0 0 0 0 0 0 0 0.00015
22670147_e1f51192f7bf3f5f_MG_R_ML_ANON.jpg 6 0.68313 0 0 0 0 0 0 0 0 0 0 0 0 0 0 0 0 0 0 0 0 0.03831 0 0 0 0 0 0 0 0 0 0 0 0 0 0 0 0 0 0 0 0 0.27133 0 0 0 0 0 0 0 0 0 0 0 0 0 0 0 0 0 0 0 0 0.00723
22670177_e1f51192f7bf3f5f_MG_L_ML_ANON.jpg 2 0.6672 0 0 0 0 0 0 0 0 0 0 0 0 0 0 0 0 0 0 0 0 0.10113 0 0 0 0 0 0 0 0 0 0 0 0 0 0 0 0 0 0 0 0 0.23134 0 0 0 0 0 0 0 0 0 0 0 0 0 0 0 0 0 0 0 0 0.00033
22670278_98429c0bdf78c0c7_MG_R_CC_ANON.jpg 4 0.70037 0 0 0 0 0 0 0 0 0 0 0 0 0 0 0 0 0 0 0 0 0.29152 0 0 0 0 0 0 0 0 0 0 0 0 0 0 0 0 0 0 0 0 0.00797 0 0 0 0 0 0 0 0 0 0 0 0 0 0 0 0 0 0 0 0 0.00013
22670301_98429c0bdf78c0c7_MG_L_CC_ANON.jpg 2 0.72703 0 0 0 0 0 0 0 0 0 0 0 0 0 0 0 0 0 0 0 0 0.00179 0 0 0 0 0 0 0 0 0 0 0 0 0 0 0 0 0 0 0 0 0.26887 0 0 0 0 0 0 0 0 0 0 0 0 0 0 0 0 0 0 0 0 0.00231
22670324_98429c0bdf78c0c7_MG_R_ML_ANON.jpg 4 0.65845 0 0 0 0 0 0 0 0 0 0 0 0 0 0 0 0 0 0 0 0 0.33454 0 0 0 0 0 0 0 0 0 0 0 0 0 0 0 0 0 0 0 0 0.00698 0 0 0 0 0 0 0 0 0 0 0 0 0 0 0 0 0 0 0 0 0.00003
22670347_98429c0bdf78c0c7_MG_L_ML_ANON.jpg 2 0.67684 0 0 0 0 0 0 0 0 0 0 0 0 0 0 0 0 0 0 0 0 0.00307 0 0 0 0 0 0 0 0 0 0 0 0 0 0 0 0 0 0 0 0 0.3183 0 0 0 0 0 0 0 0 0 0 0 0 0 0 0 0 0 0 0 0 0.00178
22670442_7e677f3d530e41ed_MG_R_CC_ANON.jpg 1 0.79595 0 0 0 0 0 0 0 0 0 0 0 0 0 0 0 0 0 0 0 0 0.00253 0 0 0 0 0 0 0 0 0 0 0 0 0 0 0 0 0 0 0 0 0.14923 0 0 0 0 0 0 0 0 0 0 0 0 0 0 0 0 0 0 0 0 0.0523
22670465_7e677f3d530e41ed_MG_L_CC_ANON.jpg 5 0.72567 0 0 0 0 0 0 0 0 0 0 0 0 0 0 0 0 0 0 0 0 0.1449 0 0 0 0 0 0 0 0 0 0 0 0 0 0 0 0 0 0 0 0 0.12737 0 0 0 0 0 0 0 0 0 0 0 0 0 0 0 0 0 0 0 0 0.00206
22670488_7e677f3d530e41ed_MG_R_ML_ANON.jpg 1 0.64212 0 0 0 0 0 0 0 0 0 0 0 0 0 0 0 0 0 0 0 0 0.06856 0 0 0 0 0 0 0 0 0 0 0 0 0 0 0 0 0 0 0 0 0.2709 0 0 0 0 0 0 0 0 0 0 0 0 0 0 0 0 0 0 0 0 0.01842
22670511_7e677f3d530e41ed_MG_L_ML_ANON.jpg 5 0.60213 0 0 0 0 0 0 0 0 0 0 0 0 0 0 0 0 0 0 0 0 0.22547 0 0 0 0 0 0 0 0 0 0 0 0 0 0 0 0 0 0 0 0 0.17154 0 0 0 0 0 0 0 0 0 0 0 0 0 0 0 0 0 0 0 0 0.00086
22670620_e15a16f87b4f9782_MG_R_CC_ANON.jpg 2 0.69187 0 0 0 0 0 0 0 0 0 0 0 0 0 0 0 0 0 0 0 0 0.02085 0 0 0 0 0 0 0 0 0 0 0 0 0 0 0 0 0 0 0 0 0.26085 0 0 0 0 0 0 0 0 0 0 0 0 0 0 0 0 0 0 0 0 0.02643
22670643_e15a16f87b4f9782_MG_L_CC_ANON.jpg 1 0.69556 0 0 0 0 0 0 0 0 0 0 0 0 0 0 0 0 0 0 0 0 0.05137 0 0 0 0 0 0 0 0 0 0 0 0 0 0 0 0 0 0 0 0 0.25227 0 0 0 0 0 0 0 0 0 0 0 0 0 0 0 0 0 0 0 0 0.0008
22670673_e15a16f87b4f9782_MG_R_ML_ANON.jpg 2 0.61214 0 0 0 0 0 0 0 0 0 0 0 0 0 0 0 0 0 0 0 0 0.08426 0 0 0 0 0 0 0 0 0 0 0 0 0 0 0 0 0 0 0 0 0.28642 0 0 0 0 0 0 0 0 0 0 0 0 0 0 0 0 0 0 0 0 0.01719
22670703_e15a16f87b4f9782_MG_L_ML_ANON.jpg 1 0.61314 0 0 0 0 0 0 0 0 0 0 0 0 0 0 0 0 0 0 0 0 0.2792 0 0 0 0 0 0 0 0 0 0 0 0 0 0 0 0 0 0 0 0 0.10741 0 0 0 0 0 0 0 0 0 0 0 0 0 0 0 0 0 0 0 0 0.00025
22670809_0b7396cdccacca82_MG_R_CC_ANON.jpg 4 0.79515 0 0 0 0 0 0 0 0 0 0 0 0 0 0 0 0 0 0 0 0 0.20444 0 0 0 0 0 0 0 0 0 0 0 0 0 0 0 0 0 0 0 0 0.00025 0 0 0 0 0 0 0 0 0 0 0 0 0 0 0 0 0 0 0 0 0.00015
22670832_0b7396cdccacca82_MG_L_CC_ANON.jpg 2 0.7561 0 0 0 0 0 0 0 0 0 0 0 0 0 0 0 0 0 0 0 0 0.00092 0 0 0 0 0 0 0 0 0 0 0 0 0 0 0 0 0 0 0 0 0.19988 0 0 0 0 0 0 0 0 0 0 0 0 0 0 0 0 0 0 0 0 0.0431
22670855_0b7396cdccacca82_MG_R_ML_ANON.jpg 5 0.70738 0 0 0 0 0 0 0 0 0 0 0 0 0 0 0 0 0 0 0 0 0.29187 0 0 0 0 0 0 0 0 0 0 0 0 0 0 0 0 0 0 0 0 0.00061 0 0 0 0 0 0 0 0 0 0 0 0 0 0 0 0 0 0 0 0 0.00013
22670878_0b7396cdccacca82_MG_L_ML_ANON.jpg 2 0.74108 0 0 0 0 0 0 0 0 0 0 0 0 0 0 0 0 0 0 0 0 0.07464 0 0 0 0 0 0 0 0 0 0 0 0 0 0 0 0 0 0 0 0 0.18413 0 0 0 0 0 0 0 0 0 0 0 0 0 0 0 0 0 0 0 0 0.00015
22670978_f571fd4e63c718e3_MG_L_CC_ANON.jpg 4 0.76817 0 0 0 0 0 0 0 0 0 0 0 0 0 0 0 0 0 0 0 0 0.01302 0 0 0 0 0 0 0 0 0 0 0 0 0 0 0 0 0 0 0 0 0.19924 0 0 0 0 0 0 0 0 0 0 0 0 0 0 0 0 0 0 0 0 0.01957
22671003_f571fd4e63c718e3_MG_L_ML_ANON.jpg 4 0.72481 0 0 0 0 0 0 0 0 0 0 0 0 0 0 0 0 0 0 0 0 0.02399 0 0 0 0 0 0 0 0 0 0 0 0 0 0 0 0 0 0 0 0 0.19407 0 0 0 0 0 0 0 0 0 0 0 0 0 0 0 0 0 0 0 0 0.05713
22678449_60995d51033e24b8_MG_R_CC_ANON.jpg 2 0.73811 0 0 0 0 0 0 0 0 0 0 0 0 0 0 0 0 0 0 0 0 0.25858 0 0 0 0 0 0 0 0 0 0 0 0 0 0 0 0 0 0 0 0 0.00307 0 0 0 0 0 0 0 0 0 0 0 0 0 0 0 0 0 0 0 0 0.00024
22678472_60995d51033e24b8_MG_L_CC_ANON.jpg 2 0.78302 0 0 0 0 0 0 0 0 0 0 0 0 0 0 0 0 0 0 0 0 0.19745 0 0 0 0 0 0 0 0 0 0 0 0 0 0 0 0 0 0 0 0 0.01945 0 0 0 0 0 0 0 0 0 0 0 0 0 0 0 0 0 0 0 0 0.00008
22678495_60995d51033e24b8_MG_R_ML_ANON.jpg 2 0.62315 0 0 0 0 0 0 0 0 0 0 0 0 0 0 0 0 0 0 0 0 0.37321 0 0 0 0 0 0 0 0 0 0 0 0 0 0 0 0 0 0 0 0 0.00348 0 0 0 0 0 0 0 0 0 0 0 0 0 0 0 0 0 0 0 0 0.00017
22678518_60995d51033e24b8_MG_L_ML_ANON.jpg 2 0.68408 0 0 0 0 0 0 0 0 0 0 0 0 0 0 0 0 0 0 0 0 0.20074 0 0 0 0 0 0 0 0 0 0 0 0 0 0 0 0 0 0 0 0 0.11505 0 0 0 0 0 0 0 0 0 0 0 0 0 0 0 0 0 0 0 0 0.00013
22678622_61b13c59bcba149e_MG_R_CC_ANON.jpg 1 0.8818 0 0 0 0 0 0 0 0 0 0 0 0 0 0 0 0 0 0 0 0 0.00307 0 0 0 0 0 0 0 0 0 0 0 0 0 0 0 0 0 0 0 0 0.11358 0 0 0 0 0 0 0 0 0 0 0 0 0 0 0 0 0 0 0 0 0.00155
22678646_61b13c59bcba149e_MG_L_CC_ANON.jpg 3 0.8594 0 0 0 0 0 0 0 0 0 0 0 0 0 0 0 0 0 0 0 0 0.00262 0 0 0 0 0 0 0 0 0 0 0 0 0 0 0 0 0 0 0 0 0.12988 0 0 0 0 0 0 0 0 0 0 0 0 0 0 0 0 0 0 0 0 0.00811
22678670_61b13c59bcba149e_MG_R_ML_ANON.jpg 1 0.80391 0 0 0 0 0 0 0 0 0 0 0 0 0 0 0 0 0 0 0 0 0.002 0 0 0 0 0 0 0 0 0 0 0 0 0 0 0 0 0 0 0 0 0.11806 0 0 0 0 0 0 0 0 0 0 0 0 0 0 0 0 0 0 0 0 0.07603
22678694_61b13c59bcba149e_MG_L_ML_ANON.jpg 3 0.80873 0 0 0 0 0 0 0 0 0 0 0 0 0 0 0 0 0 0 0 0 0.00125 0 0 0 0 0 0 0 0 0 0 0 0 0 0 0 0 0 0 0 0 0.08417 0 0 0 0 0 0 0 0 0 0 0 0 0 0 0 0 0 0 0 0 0.10585
22678787_64a22c47765f0c5c_MG_R_CC_ANON.jpg 2 0.6273 0 0 0 0 0 0 0 0 0 0 0 0 0 0 0 0 0 0 0 0 0.28134 0 0 0 0 0 0 0 0 0 0 0 0 0 0 0 0 0 0 0 0 0.0913 0 0 0 0 0 0 0 0 0 0 0 0 0 0 0 0 0 0 0 0 0.00006
22678810_64a22c47765f0c5c_MG_L_CC_ANON.jpg 2 0.73462 0 0 0 0 0 0 0 0 0 0 0 0 0 0 0 0 0 0 0 0 0.23602 0 0 0 0 0 0 0 0 0 0 0 0 0 0 0 0 0 0 0 0 0.02922 0 0 0 0 0 0 0 0 0 0 0 0 0 0 0 0 0 0 0 0 0.00014
22678833_64a22c47765f0c5c_MG_R_ML_ANON.jpg 2 0.56387 0 0 0 0 0 0 0 0 0 0 0 0 0 0 0 0 0 0 0 0 0.3069 0 0 0 0 0 0 0 0 0 0 0 0 0 0 0 0 0 0 0 0 0.12899 0 0 0 0 0 0 0 0 0 0 0 0 0 0 0 0 0 0 0 0 0.00024
22678856_64a22c47765f0c5c_MG_L_ML_ANON.jpg 2 0.66954 0 0 0 0 0 0 0 0 0 0 0 0 0 0 0 0 0 0 0 0 0.31585 0 0 0 0 0 0 0 0 0 0 0 0 0 0 0 0 0 0 0 0 0.01456 0 0 0 0 0 0 0 0 0 0 0 0 0 0 0 0 0 0 0 0 0.00005
22678953_b9a4da5f2dae63a9_MG_R_CC_ANON.jpg 4 0.75245 0 0 0 0 0 0 0 0 0 0 0 0 0 0 0 0 0 0 0 0 0.06267 0 0 0 0 0 0 0 0 0 0 0 0 0 0 0 0 0 0 0 0 0.18418 0 0 0 0 0 0 0 0 0 0 0 0 0 0 0 0 0 0 0 0 0.0007
22678980_b9a4da5f2dae63a9_MG_L_CC_ANON.jpg 2 0.71557 0 0 0 0 0 0 0 0 0 0 0 0 0 0 0 0 0 0 0 0 0.05023 0 0 0 0 0 0 0 0 0 0 0 0 0 0 0 0 0 0 0 0 0.22207 0 0 0 0 0 0 0 0 0 0 0 0 0 0 0 0 0 0 0 0 0.01212
22679008_b9a4da5f2dae63a9_MG_R_ML_ANON.jpg 4 0.63108 0 0 0 0 0 0 0 0 0 0 0 0 0 0 0 0 0 0 0 0 0.22608 0 0 0 0 0 0 0 0 0 0 0 0 0 0 0 0 0 0 0 0 0.14272 0 0 0 0 0 0 0 0 0 0 0 0 0 0 0 0 0 0 0 0 0.00012
22679036_b9a4da5f2dae63a9_MG_L_ML_ANON.jpg 2 0.63443 0 0 0 0 0 0 0 0 0 0 0 0 0 0 0 0 0 0 0 0 0.28546 0 0 0 0 0 0 0 0 0 0 0 0 0 0 0 0 0 0 0 0 0.08003 0 0 0 0 0 0 0 0 0 0 0 0 0 0 0 0 0 0 0 0 0.00008
24054997_2f1104b3cda7f145_MG_L_ML_ANON.jpg 1 0.77989 0 0 0 0 0 0 0 0 0 0 0 0 0 0 0 0 0 0 0 0 0.00253 0 0 0 0 0 0 0 0 0 0 0 0 0 0 0 0 0 0 0 0 0.1913 0 0 0 0 0 0 0 0 0 0 0 0 0 0 0 0 0 0 0 0 0.02629
24055024_2f1104b3cda7f145_MG_R_ML_ANON.jpg 2 0.81755 0 0 0 0 0 0 0 0 0 0 0 0 0 0 0 0 0 0 0 0 0.00113 0 0 0 0 0 0 0 0 0 0 0 0 0 0 0 0 0 0 0 0 0.13941 0 0 0 0 0 0 0 0 0 0 0 0 0 0 0 0 0 0 0 0 0.0419
24055051_2f1104b3cda7f145_MG_L_CC_ANON.jpg 1 0.84192 0 0 0 0 0 0 0 0 0 0 0 0 0 0 0 0 0 0 0 0 0.00128 0 0 0 0 0 0 0 0 0 0 0 0 0 0 0 0 0 0 0 0 0.06281 0 0 0 0 0 0 0 0 0 0 0 0 0 0 0 0 0 0 0 0 0.094
24055078_2f1104b3cda7f145_MG_R_CC_ANON.jpg 2 0.85519 0 0 0 0 0 0 0 0 0 0 0 0 0 0 0 0 0 0 0 0 0.00079 0 0 0 0 0 0 0 0 0 0 0 0 0 0 0 0 0 0 0 0 0.05525 0 0 0 0 0 0 0 0 0 0 0 0 0 0 0 0 0 0 0 0 0.08877
24055149_606e9b184978a350_MG_L_ML_ANON.jpg 5 0.6238 0 0 0 0 0 0 0 0 0 0 0 0 0 0 0 0 0 0 0 0 0.2355 0 0 0 0 0 0 0 0 0 0 0 0 0 0 0 0 0 0 0 0 0.14051 0 0 0 0 0 0 0 0 0 0 0 0 0 0 0 0 0 0 0 0 0.00019
24055176_606e9b184978a350_MG_R_ML_ANON.jpg 2 0.69026 0 0 0 0 0 0 0 0 0 0 0 0 0 0 0 0 0 0 0 0 0.01861 0 0 0 0 0 0 0 0 0 0 0 0 0 0 0 0 0 0 0 0 0.25664 0 0 0 0 0 0 0 0 0 0 0 0 0 0 0 0 0 0 0 0 0.03448
24055203_606e9b184978a350_MG_L_CC_ANON.jpg 5 0.71789 0 0 0 0 0 0 0 0 0 0 0 0 0 0 0 0 0 0 0 0 0.16906 0 0 0 0 0 0 0 0 0 0 0 0 0 0 0 0 0 0 0 0 0.11302 0 0 0 0 0 0 0 0 0 0 0 0 0 0 0 0 0 0 0 0 0.00004
24055274_1e10aef17c9fe149_MG_L_ML_ANON.jpg 5 0.62373 0 0 0 0 0 0 0 0 0 0 0 0 0 0 0 0 0 0 0 0 0.34429 0 0 0 0 0 0 0 0 0 0 0 0 0 0 0 0 0 0 0 0 0.03194 0 0 0 0 0 0 0 0 0 0 0 0 0 0 0 0 0 0 0 0 0.00004
24055328_1e10aef17c9fe149_MG_R_ML_ANON.jpg 3 0.61568 0 0 0 0 0 0 0 0 0 0 0 0 0 0 0 0 0 0 0 0 0.31737 0 0 0 0 0 0 0 0 0 0 0 0 0 0 0 0 0 0 0 0 0.06672 0 0 0 0 0 0 0 0 0 0 0 0 0 0 0 0 0 0 0 0 0.00023
24055355_1e10aef17c9fe149_MG_L_CC_ANON.jpg 5 0.647 0 0 0 0 0 0 0 0 0 0 0 0 0 0 0 0 0 0 0 0 0.02394 0 0 0 0 0 0 0 0 0 0 0 0 0 0 0 0 0 0 0 0 0.32021 0 0 0 0 0 0 0 0 0 0 0 0 0 0 0 0 0 0 0 0 0.00886
24055382_1e10aef17c9fe149_MG_R_CC_ANON.jpg 3 0.67284 0 0 0 0 0 0 0 0 0 0 0 0 0 0 0 0 0 0 0 0 0.29514 0 0 0 0 0 0 0 0 0 0 0 0 0 0 0 0 0 0 0 0 0.03161 0 0 0 0 0 0 0 0 0 0 0 0 0 0 0 0 0 0 0 0 0.00041
24055445_ac3185e18ffdc7b6_MG_L_ML_ANON.jpg 4 0.55439 0 0 0 0 0 0 0 0 0 0 0 0 0 0 0 0 0 0 0 0 0.07134 0 0 0 0 0 0 0 0 0 0 0 0 0 0 0 0 0 0 0 0 0.37347 0 0 0 0 0 0 0 0 0 0 0 0 0 0 0 0 0 0 0 0 0.0008
24055464_ac3185e18ffdc7b6_MG_R_ML_ANON.jpg 4 0.52321 0 0 0 0 0 0 0 0 0 0 0 0 0 0 0 0 0 0 0 0 0.00001 0 0 0 0 0 0 0 0 0 0 0 0 0 0 0 0 0 0 0 0 0.1093 0 0 0 0 0 0 0 0 0 0 0 0 0 0 0 0 0 0 0 0 0.36748
24055483_ac3185e18ffdc7b6_MG_L_CC_ANON.jpg 4 0.57779 0 0 0 0 0 0 0 0 0 0 0 0 0 0 0 0 0 0 0 0 0.09451 0 0 0 0 0 0 0 0 0 0 0 0 0 0 0 0 0 0 0 0 0.32702 0 0 0 0 0 0 0 0 0 0 0 0 0 0 0 0 0 0 0 0 0.00068
24055502_ac3185e18ffdc7b6_MG_R_CC_ANON.jpg 4 0.64033 0 0 0 0 0 0 0 0 0 0 0 0 0 0 0 0 0 0 0 0 0.00016 0 0 0 0 0 0 0 0 0 0 0 0 0 0 0 0 0 0 0 0 0.09067 0 0 0 0 0 0 0 0 0 0 0 0 0 0 0 0 0 0 0 0 0.26884
24055573_6f1aef40b3775182_MG_L_ML_ANON.jpg 2 0.67241 0 0 0 0 0 0 0 0 0 0 0 0 0 0 0 0 0 0 0 0 0.31816 0 0 0 0 0 0 0 0 0 0 0 0 0 0 0 0 0 0 0 0 0.0094 0 0 0 0 0 0 0 0 0 0 0 0 0 0 0 0 0 0 0 0 0.00003
24055600_6f1aef40b3775182_MG_R_ML_ANON.jpg 4 0.6912 0 0 0 0 0 0 0 0 0 0 0 0 0 0 0 0 0 0 0 0 0.09548 0 0 0 0 0 0 0 0 0 0 0 0 0 0 0 0 0 0 0 0 0.21231 0 0 0 0 0 0 0 0 0 0 0 0 0 0 0 0 0 0 0 0 0.00102
24055627_6f1aef40b3775182_MG_L_CC_ANON.jpg 2 0.75606 0 0 0 0 0 0 0 0 0 0 0 0 0 0 0 0 0 0 0 0 0.00438 0 0 0 0 0 0 0 0 0 0 0 0 0 0 0 0 0 0 0 0 0.223 0 0 0 0 0 0 0 0 0 0 0 0 0 0 0 0 0 0 0 0 0.01657
24055654_6f1aef40b3775182_MG_R_CC_ANON.jpg 4 0.75744 0 0 0 0 0 0 0 0 0 0 0 0 0 0 0 0 0 0 0 0 0.02161 0 0 0 0 0 0 0 0 0 0 0 0 0 0 0 0 0 0 0 0 0.20995 0 0 0 0 0 0 0 0 0 0 0 0 0 0 0 0 0 0 0 0 0.011
24055725_f0f1a133837b5137_MG_L_ML_ANON.jpg 2 0.55302 0 0 0 0 0 0 0 0 0 0 0 0 0 0 0 0 0 0 0 0 0.07457 0 0 0 0 0 0 0 0 0 0 0 0 0 0 0 0 0 0 0 0 0.34439 0 0 0 0 0 0 0 0 0 0 0 0 0 0 0 0 0 0 0 0 0.02801
24055752_f0f1a133837b5137_MG_R_ML_ANON.jpg 2 0.56685 0 0 0 0 0 0 0 0 0 0 0 0 0 0 0 0 0 0 0 0 0.09559 0 0 0 0 0 0 0 0 0 0 0 0 0 0 0 0 0 0 0 0 0.32474 0 0 0 0 0 0 0 0 0 0 0 0 0 0 0 0 0 0 0 0 0.01282
24055779_f0f1a133837b5137_MG_L_CC_ANON.jpg 2 0.64239 0 0 0 0 0 0 0 0 0 0 0 0 0 0 0 0 0 0 0 0 0.15943 0 0 0 0 0 0 0 0 0 0 0 0 0 0 0 0 0 0 0 0 0.1977 0 0 0 0 0 0 0 0 0 0 0 0 0 0 0 0 0 0 0 0 0.00047
24055806_f0f1a133837b5137_MG_R_CC_ANON.jpg 2 0.74503 0 0 0 0 0 0 0 0 0 0 0 0 0 0 0 0 0 0 0 0 0.05197 0 0 0 0 0 0 0 0 0 0 0 0 0 0 0 0 0 0 0 0 0.17428 0 0 0 0 0 0 0 0 0 0 0 0 0 0 0 0 0 0 0 0 0.02872
24055877_839819f2eadaf325_MG_L_ML_ANON.jpg 2 0.55981 0 0 0 0 0 0 0 0 0 0 0 0 0 0 0 0 0 0 0 0 0.43968 0 0 0 0 0 0 0 0 0 0 0 0 0 0 0 0 0 0 0 0 0.00049 0 0 0 0 0 0 0 0 0 0 0 0 0 0 0 0 0 0 0 0 0.00002
24055904_839819f2eadaf325_MG_R_ML_ANON.jpg 2 0.53769 0 0 0 0 0 0 0 0 0 0 0 0 0 0 0 0 0 0 0 0 0.45965 0 0 0 0 0 0 0 0 0 0 0 0 0 0 0 0 0 0 0 0 0.00264 0 0 0 0 0 0 0 0 0 0 0 0 0 0 0 0 0 0 0 0 0.00002
24055931_839819f2eadaf325_MG_L_CC_ANON.jpg 2 0.5748 0 0 0 0 0 0 0 0 0 0 0 0 0 0 0 0 0 0 0 0 0.00337 0 0 0 0 0 0 0 0 0 0 0 0 0 0 0 0 0 0 0 0 0.36168 0 0 0 0 0 0 0 0 0 0 0 0 0 0 0 0 0 0 0 0 0.06015
24055958_839819f2eadaf325_MG_R_CC_ANON.jpg 2 0.58148 0 0 0 0 0 0 0 0 0 0 0 0 0 0 0 0 0 0 0 0 0.41762 0 0 0 0 0 0 0 0 0 0 0 0 0 0 0 0 0 0 0 0 0.00087 0 0 0 0 0 0 0 0 0 0 0 0 0 0 0 0 0 0 0 0 0.00003
24058660_9e8db9e34d5275ef_MG_R_CC_ANON.jpg 2 0.60687 0 0 0 0 0 0 0 0 0 0 0 0 0 0 0 0 0 0 0 0 0.0171 0 0 0 0 0 0 0 0 0 0 0 0 0 0 0 0 0 0 0 0 0.37138 0 0 0 0 0 0 0 0 0 0 0 0 0 0 0 0 0 0 0 0 0.00466
24058686_9e8db9e34d5275ef_MG_L_CC_ANON.jpg 4 0.59933 0 0 0 0 0 0 0 0 0 0 0 0 0 0 0 0 0 0 0 0 0.00534 0 0 0 0 0 0 0 0 0 0 0 0 0 0 0 0 0 0 0 0 0.36106 0 0 0 0 0 0 0 0 0 0 0 0 0 0 0 0 0 0 0 0 0.03428
24058712_9e8db9e34d5275ef_MG_R_ML_ANON.jpg 2 0.56424 0 0 0 0 0 0 0 0 0 0 0 0 0 0 0 0 0 0 0 0 0.15414 0 0 0 0 0 0 0 0 0 0 0 0 0 0 0 0 0 0 0 0 0.28136 0 0 0 0 0 0 0 0 0 0 0 0 0 0 0 0 0 0 0 0 0.00027
24058738_9e8db9e34d5275ef_MG_L_ML_ANON.jpg 4 0.55196 0 0 0 0 0 0 0 0 0 0 0 0 0 0 0 0 0 0 0 0 0.43713 0 0 0 0 0 0 0 0 0 0 0 0 0 0 0 0 0 0 0 0 0.01091 0 0 0 0 0 0 0 0 0 0 0 0 0 0 0 0 0 0 0 0 0.00001
24065251_c4b995eddb3c510c_MG_L_ML_ANON.jpg 5 0.69159 0 0 0 0 0 0 0 0 0 0 0 0 0 0 0 0 0 0 0 0 0.26042 0 0 0 0 0 0 0 0 0 0 0 0 0 0 0 0 0 0 0 0 0.04799 0 0 0 0 0 0 0 0 0 0 0 0 0 0 0 0 0 0 0 0 0
24065270_c4b995eddb3c510c_MG_R_ML_ANON.jpg 1 0.68415 0 0 0 0 0 0 0 0 0 0 0 0 0 0 0 0 0 0 0 0 0.00067 0 0 0 0 0 0 0 0 0 0 0 0 0 0 0 0 0 0 0 0 0.17938 0 0 0 0 0 0 0 0 0 0 0 0 0 0 0 0 0 0 0 0 0.13579
24065289_c4b995eddb3c510c_MG_L_CC_ANON.jpg 5 0.76981 0 0 0 0 0 0 0 0 0 0 0 0 0 0 0 0 0 0 0 0 0.01011 0 0 0 0 0 0 0 0 0 0 0 0 0 0 0 0 0 0 0 0 0.1841 0 0 0 0 0 0 0 0 0 0 0 0 0 0 0 0 0 0 0 0 0.03598
24065308_c4b995eddb3c510c_MG_R_CC_ANON.jpg 1 0.70748 0 0 0 0 0 0 0 0 0 0 0 0 0 0 0 0 0 0 0 0 0.04493 0 0 0 0 0 0 0 0 0 0 0 0 0 0 0 0 0 0 0 0 0.24747 0 0 0 0 0 0 0 0 0 0 0 0 0 0 0 0 0 0 0 0 0.00011
24065380_83db89f57aea498a_MG_L_ML_ANON.jpg 2 0.56547 0 0 0 0 0 0 0 0 0 0 0 0 0 0 0 0 0 0 0 0 0.42846 0 0 0 0 0 0 0 0 0 0 0 0 0 0 0 0 0 0 0 0 0.00605 0 0 0 0 0 0 0 0 0 0 0 0 0 0 0 0 0 0 0 0 0.00002
24065407_83db89f57aea498a_MG_R_ML_ANON.jpg 4 0.5594 0 0 0 0 0 0 0 0 0 0 0 0 0 0 0 0 0 0 0 0 0.3324 0 0 0 0 0 0 0 0 0 0 0 0 0 0 0 0 0 0 0 0 0.10781 0 0 0 0 0 0 0 0 0 0 0 0 0 0 0 0 0 0 0 0 0.00039
24065434_83db89f57aea498a_MG_L_CC_ANON.jpg 2 0.63136 0 0 0 0 0 0 0 0 0 0 0 0 0 0 0 0 0 0 0 0 0.13057 0 0 0 0 0 0 0 0 0 0 0 0 0 0 0 0 0 0 0 0 0.23803 0 0 0 0 0 0 0 0 0 0 0 0 0 0 0 0 0 0 0 0 0.00004
24065461_83db89f57aea498a_MG_R_CC_ANON.jpg 4 0.63153 0 0 0 0 0 0 0 0 0 0 0 0 0 0 0 0 0 0 0 0 0.07799 0 0 0 0 0 0 0 0 0 0 0 0 0 0 0 0 0 0 0 0 0.27473 0 0 0 0 0 0 0 0 0 0 0 0 0 0 0 0 0 0 0 0 0.01575
24065530_d8205a09c8173f44_MG_L_ML_ANON.jpg 4 0.62114 0 0 0 0 0 0 0 0 0 0 0 0 0 0 0 0 0 0 0 0 0.12045 0 0 0 0 0 0 0 0 0 0 0 0 0 0 0 0 0 0 0 0 0.22183 0 0 0 0 0 0 0 0 0 0 0 0 0 0 0 0 0 0 0 0 0.03658
24065557_d8205a09c8173f44_MG_R_ML_ANON.jpg 2 0.63184 0 0 0 0 0 0 0 0 0 0 0 0 0 0 0 0 0 0 0 0 0.02765 0 0 0 0 0 0 0 0 0 0 0 0 0 0 0 0 0 0 0 0 0.31313 0 0 0 0 0 0 0 0 0 0 0 0 0 0 0 0 0 0 0 0 0.02738
24065584_d8205a09c8173f44_MG_L_CC_ANON.jpg 4 0.76572 0 0 0 0 0 0 0 0 0 0 0 0 0 0 0 0 0 0 0 0 0.13706 0 0 0 0 0 0 0 0 0 0 0 0 0 0 0 0 0 0 0 0 0.09708 0 0 0 0 0 0 0 0 0 0 0 0 0 0 0 0 0 0 0 0 0.00015
24065611_d8205a09c8173f44_MG_R_CC_ANON.jpg 2 0.7158 0 0 0 0 0 0 0 0 0 0 0 0 0 0 0 0 0 0 0 0 0.01054 0 0 0 0 0 0 0 0 0 0 0 0 0 0 0 0 0 0 0 0 0.24656 0 0 0 0 0 0 0 0 0 0 0 0 0 0 0 0 0 0 0 0 0.02709
24065680_5291e1aee2bbf5df_MG_L_ML_ANON.jpg 2 0.76788 0 0 0 0 0 0 0 0 0 0 0 0 0 0 0 0 0 0 0 0 0.2295 0 0 0 0 0 0 0 0 0 0 0 0 0 0 0 0 0 0 0 0 0.00258 0 0 0 0 0 0 0 0 0 0 0 0 0 0 0 0 0 0 0 0 0.00004
24065707_5291e1aee2bbf5df_MG_R_ML_ANON.jpg 5 0.77624 0 0 0 0 0 0 0 0 0 0 0 0 0 0 0 0 0 0 0 0 0.20751 0 0 0 0 0 0 0 0 0 0 0 0 0 0 0 0 0 0 0 0 0.01621 0 0 0 0 0 0 0 0 0 0 0 0 0 0 0 0 0 0 0 0 0.00004
24065734_5291e1aee2bbf5df_MG_L_CC_ANON.jpg 2 0.83786 0 0 0 0 0 0 0 0 0 0 0 0 0 0 0 0 0 0 0 0 0.027 0 0 0 0 0 0 0 0 0 0 0 0 0 0 0 0 0 0 0 0 0.13505 0 0 0 0 0 0 0 0 0 0 0 0 0 0 0 0 0 0 0 0 0.00008
24065761_5291e1aee2bbf5df_MG_R_CC_ANON.jpg 5 0.84067 0 0 0 0 0 0 0 0 0 0 0 0 0 0 0 0 0 0 0 0 0.00357 0 0 0 0 0 0 0 0 0 0 0 0 0 0 0 0 0 0 0 0 0.1486 0 0 0 0 0 0 0 0 0 0 0 0 0 0 0 0 0 0 0 0 0.00716
24065833_c01f83a1eb283270_MG_L_ML_ANON.jpg 2 0.55259 0 0 0 0 0 0 0 0 0 0 0 0 0 0 0 0 0 0 0 0 0.17173 0 0 0 0 0 0 0 0 0 0 0 0 0 0 0 0 0 0 0 0 0.27349 0 0 0 0 0 0 0 0 0 0 0 0 0 0 0 0 0 0 0 0 0.00219
24065860_c01f83a1eb283270_MG_R_ML_ANON.jpg 2 0.54019 0 0 0 0 0 0 0 0 0 0 0 0 0 0 0 0 0 0 0 0 0.0955 0 0 0 0 0 0 0 0 0 0 0 0 0 0 0 0 0 0 0 0 0.31182 0 0 0 0 0 0 0 0 0 0 0 0 0 0 0 0 0 0 0 0 0.05249
24065887_c01f83a1eb283270_MG_L_CC_ANON.jpg 2 0.66644 0 0 0 0 0 0 0 0 0 0 0 0 0 0 0 0 0 0 0 0 0.07248 0 0 0 0 0 0 0 0 0 0 0 0 0 0 0 0 0 0 0 0 0.25031 0 0 0 0 0 0 0 0 0 0 0 0 0 0 0 0 0 0 0 0 0.01077
24065914_c01f83a1eb283270_MG_R_CC_ANON.jpg 2 0.66337 0 0 0 0 0 0 0 0 0 0 0 0 0 0 0 0 0 0 0 0 0.0657 0 0 0 0 0 0 0 0 0 0 0 0 0 0 0 0 0 0 0 0 0.23642 0 0 0 0 0 0 0 0 0 0 0 0 0 0 0 0 0 0 0 0 0.03451
26933772_f8bfddc28e8045c0_MG_R_CC_ANON.jpg 2 0.87026 0 0 0 0 0 0 0 0 0 0 0 0 0 0 0 0 0 0 0 0 0.07328 0 0 0 0 0 0 0 0 0 0 0 0 0 0 0 0 0 0 0 0 0.05642 0 0 0 0 0 0 0 0 0 0 0 0 0 0 0 0 0 0 0 0 0.00003
26933801_f8bfddc28e8045c0_MG_L_CC_ANON.jpg 4 0.84818 0 0 0 0 0 0 0 0 0 0 0 0 0 0 0 0 0 0 0 0 0.00789 0 0 0 0 0 0 0 0 0 0 0 0 0 0 0 0 0 0 0 0 0.11735 0 0 0 0 0 0 0 0 0 0 0 0 0 0 0 0 0 0 0 0 0.02659
26933830_f8bfddc28e8045c0_MG_R_ML_ANON.jpg 2 0.76958 0 0 0 0 0 0 0 0 0 0 0 0 0 0 0 0 0 0 0 0 0.17449 0 0 0 0 0 0 0 0 0 0 0 0 0 0 0 0 0 0 0 0 0.0559 0 0 0 0 0 0 0 0 0 0 0 0 0 0 0 0 0 0 0 0 0.00003
26933859_f8bfddc28e8045c0_MG_L_ML_ANON.jpg 4 0.75844 0 0 0 0 0 0 0 0 0 0 0 0 0 0 0 0 0 0 0 0 0.09641 0 0 0 0 0 0 0 0 0 0 0 0 0 0 0 0 0 0 0 0 0.14116 0 0 0 0 0 0 0 0 0 0 0 0 0 0 0 0 0 0 0 0 0.00398
27829134_fbb55bf7fff48540_MG_R_CC_ANON.jpg 5 0.7407 0 0 0 0 0 0 0 0 0 0 0 0 0 0 0 0 0 0 0 0 0.09184 0 0 0 0 0 0 0 0 0 0 0 0 0 0 0 0 0 0 0 0 0.16449 0 0 0 0 0 0 0 0 0 0 0 0 0 0 0 0 0 0 0 0 0.00297
27829161_fbb55bf7fff48540_MG_L_CC_ANON.jpg 1 0.73612 0 0 0 0 0 0 0 0 0 0 0 0 0 0 0 0 0 0 0 0 0.02561 0 0 0 0 0 0 0 0 0 0 0 0 0 0 0 0 0 0 0 0 0.23069 0 0 0 0 0 0 0 0 0 0 0 0 0 0 0 0 0 0 0 0 0.00758
27829188_fbb55bf7fff48540_MG_R_ML_ANON.jpg 5 0.61852 0 0 0 0 0 0 0 0 0 0 0 0 0 0 0 0 0 0 0 0 0.1758 0 0 0 0 0 0 0 0 0 0 0 0 0 0 0 0 0 0 0 0 0.20109 0 0 0 0 0 0 0 0 0 0 0 0 0 0 0 0 0 0 0 0 0.00459
27829215_fbb55bf7fff48540_MG_L_ML_ANON.jpg 1 0.62632 0 0 0 0 0 0 0 0 0 0 0 0 0 0 0 0 0 0 0 0 0.15607 0 0 0 0 0 0 0 0 0 0 0 0 0 0 0 0 0 0 0 0 0.21704 0 0 0 0 0 0 0 0 0 0 0 0 0 0 0 0 0 0 0 0 0.00057
30011484_349323117bf0fd93_MG_R_CC_ANON.jpg 2 0.82009 0 0 0 0 0 0 0 0 0 0 0 0 0 0 0 0 0 0 0 0 0.01694 0 0 0 0 0 0 0 0 0 0 0 0 0 0 0 0 0 0 0 0 0.16237 0 0 0 0 0 0 0 0 0 0 0 0 0 0 0 0 0 0 0 0 0.0006
30011507_349323117bf0fd93_MG_L_CC_ANON.jpg 4 0.83868 0 0 0 0 0 0 0 0 0 0 0 0 0 0 0 0 0 0 0 0 0.0908 0 0 0 0 0 0 0 0 0 0 0 0 0 0 0 0 0 0 0 0 0.07026 0 0 0 0 0 0 0 0 0 0 0 0 0 0 0 0 0 0 0 0 0.00025
30011530_349323117bf0fd93_MG_R_ML_ANON.jpg 2 0.6894 0 0 0 0 0 0 0 0 0 0 0 0 0 0 0 0 0 0 0 0 0.02924 0 0 0 0 0 0 0 0 0 0 0 0 0 0 0 0 0 0 0 0 0.2425 0 0 0 0 0 0 0 0 0 0 0 0 0 0 0 0 0 0 0 0 0.03886
30011553_349323117bf0fd93_MG_L_ML_ANON.jpg 4 0.69081 0 0 0 0 0 0 0 0 0 0 0 0 0 0 0 0 0 0 0 0 0.06833 0 0 0 0 0 0 0 0 0 0 0 0 0 0 0 0 0 0 0 0 0.24069 0 0 0 0 0 0 0 0 0 0 0 0 0 0 0 0 0 0 0 0 0.00016
30011647_6968748e66837bc7_MG_R_CC_ANON.jpg 2 0.67513 0 0 0 0 0 0 0 0 0 0 0 0 0 0 0 0 0 0 0 0 0.0145 0 0 0 0 0 0 0 0 0 0 0 0 0 0 0 0 0 0 0 0 0.30969 0 0 0 0 0 0 0 0 0 0 0 0 0 0 0 0 0 0 0 0 0.00067
30011674_6968748e66837bc7_MG_L_CC_ANON.jpg 5 0.65686 0 0 0 0 0 0 0 0 0 0 0 0 0 0 0 0 0 0 0 0 0.08529 0 0 0 0 0 0 0 0 0 0 0 0 0 0 0 0 0 0 0 0 0.25776 0 0 0 0 0 0 0 0 0 0 0 0 0 0 0 0 0 0 0 0 0.00009
30011700_6968748e66837bc7_MG_R_ML_ANON.jpg 2 0.58518 0 0 0 0 0 0 0 0 0 0 0 0 0 0 0 0 0 0 0 0 0.00735 0 0 0 0 0 0 0 0 0 0 0 0 0 0 0 0 0 0 0 0 0.38906 0 0 0 0 0 0 0 0 0 0 0 0 0 0 0 0 0 0 0 0 0.01841
30011727_6968748e66837bc7_MG_L_ML_ANON.jpg 5 0.57208 0 0 0 0 0 0 0 0 0 0 0 0 0 0 0 0 0 0 0 0 0.05849 0 0 0 0 0 0 0 0 0 0 0 0 0 0 0 0 0 0 0 0 0.36786 0 0 0 0 0 0 0 0 0 0 0 0 0 0 0 0 0 0 0 0 0.00157
30011798_4f20c1285d8f0b1f_MG_R_CC_ANON.jpg 2 0.76729 0 0 0 0 0 0 0 0 0 0 0 0 0 0 0 0 0 0 0 0 0.01197 0 0 0 0 0 0 0 0 0 0 0 0 0 0 0 0 0 0 0 0 0.20763 0 0 0 0 0 0 0 0 0 0 0 0 0 0 0 0 0 0 0 0 0.01311
30011824_4f20c1285d8f0b1f_MG_L_CC_ANON.jpg 4 0.71024 0 0 0 0 0 0 0 0 0 0 0 0 0 0 0 0 0 0 0 0 0.02566 0 0 0 0 0 0 0 0 0 0 0 0 0 0 0 0 0 0 0 0 0.25377 0 0 0 0 0 0 0 0 0 0 0 0 0 0 0 0 0 0 0 0 0.01033
30011850_4f20c1285d8f0b1f_MG_R_ML_ANON.jpg 2 0.69976 0 0 0 0 0 0 0 0 0 0 0 0 0 0 0 0 0 0 0 0 0.11733 0 0 0 0 0 0 0 0 0 0 0 0 0 0 0 0 0 0 0 0 0.1814 0 0 0 0 0 0 0 0 0 0 0 0 0 0 0 0 0 0 0 0 0.0015
30318067_4f20c1285d8f0b1f_MG_L_ML_ANON.jpg 4 0.62304 0 0 0 0 0 0 0 0 0 0 0 0 0 0 0 0 0 0 0 0 0.3152 0 0 0 0 0 0 0 0 0 0 0 0 0 0 0 0 0 0 0 0 0.06172 0 0 0 0 0 0 0 0 0 0 0 0 0 0 0 0 0 0 0 0 0.00003
50993399_5d85ecc9cf26b254_MG_L_ML_ANON.jpg 2 0.53447 0 0 0 0 0 0 0 0 0 0 0 0 0 0 0 0 0 0 0 0 0.40666 0 0 0 0 0 0 0 0 0 0 0 0 0 0 0 0 0 0 0 0 0.05873 0 0 0 0 0 0 0 0 0 0 0 0 0 0 0 0 0 0 0 0 0.00014
50993426_5d85ecc9cf26b254_MG_L_CC_ANON.jpg 2 0.56808 0 0 0 0 0 0 0 0 0 0 0 0 0 0 0 0 0 0 0 0 0.3454 0 0 0 0 0 0 0 0 0 0 0 0 0 0 0 0 0 0 0 0 0.08646 0 0 0 0 0 0 0 0 0 0 0 0 0 0 0 0 0 0 0 0 0.00006
50993616_b03f1dd34eb3c55f_MG_L_ML_ANON.jpg 2 0.42212 0 0 0 0 0 0 0 0 0 0 0 0 0 0 0 0 0 0 0 0 0.35882 0 0 0 0 0 0 0 0 0 0 0 0 0 0 0 0 0 0 0 0 0.21891 0 0 0 0 0 0 0 0 0 0 0 0 0 0 0 0 0 0 0 0 0.00014
50993643_b03f1dd34eb3c55f_MG_L_CC_ANON.jpg 2 0.61801 0 0 0 0 0 0 0 0 0 0 0 0 0 0 0 0 0 0 0 0 0.35553 0 0 0 0 0 0 0 0 0 0 0 0 0 0 0 0 0 0 0 0 0.02644 0 0 0 0 0 0 0 0 0 0 0 0 0 0 0 0 0 0 0 0 0.00002
50993670_b03f1dd34eb3c55f_MG_L_ML_ANON.jpg 2 0.64205 0 0 0 0 0 0 0 0 0 0 0 0 0 0 0 0 0 0 0 0 0.33847 0 0 0 0 0 0 0 0 0 0 0 0 0 0 0 0 0 0 0 0 0.01945 0 0 0 0 0 0 0 0 0 0 0 0 0 0 0 0 0 0 0 0 0.00002
50993697_b03f1dd34eb3c55f_MG_L_CC_ANON.jpg 2 0.78887 0 0 0 0 0 0 0 0 0 0 0 0 0 0 0 0 0 0 0 0 0.18099 0 0 0 0 0 0 0 0 0 0 0 0 0 0 0 0 0 0 0 0 0.03012 0 0 0 0 0 0 0 0 0 0 0 0 0 0 0 0 0 0 0 0 0.00002
50993787_de5e8d61e501a71b_MG_L_ML_ANON.jpg 2 0.66428 0 0 0 0 0 0 0 0 0 0 0 0 0 0 0 0 0 0 0 0 0.32269 0 0 0 0 0 0 0 0 0 0 0 0 0 0 0 0 0 0 0 0 0.00909 0 0 0 0 0 0 0 0 0 0 0 0 0 0 0 0 0 0 0 0 0.00394
50993814_de5e8d61e501a71b_MG_R_ML_ANON.jpg 2 0.51721 0 0 0 0 0 0 0 0 0 0 0 0 0 0 0 0 0 0 0 0 0.4753 0 0 0 0 0 0 0 0 0 0 0 0 0 0 0 0 0 0 0 0 0.007 0 0 0 0 0 0 0 0 0 0 0 0 0 0 0 0 0 0 0 0 0.00049
50993841_de5e8d61e501a71b_MG_L_CC_ANON.jpg 2 0.71225 0 0 0 0 0 0 0 0 0 0 0 0 0 0 0 0 0 0 0 0 0.27348 0 0 0 0 0 0 0 0 0 0 0 0 0 0 0 0 0 0 0 0 0.01036 0 0 0 0 0 0 0 0 0 0 0 0 0 0 0 0 0 0 0 0 0.00392
50993868_de5e8d61e501a71b_MG_R_CC_ANON.jpg 2 0.55087 0 0 0 0 0 0 0 0 0 0 0 0 0 0 0 0 0 0 0 0 0.44484 0 0 0 0 0 0 0 0 0 0 0 0 0 0 0 0 0 0 0 0 0.00385 0 0 0 0 0 0 0 0 0 0 0 0 0 0 0 0 0 0 0 0 0.00044
50993895_de5e8d61e501a71b_MG_L_ML_ANON.jpg 2 0.64906 0 0 0 0 0 0 0 0 0 0 0 0 0 0 0 0 0 0 0 0 0.33853 0 0 0 0 0 0 0 0 0 0 0 0 0 0 0 0 0 0 0 0 0.00933 0 0 0 0 0 0 0 0 0 0 0 0 0 0 0 0 0 0 0 0 0.00309
50993922_de5e8d61e501a71b_MG_R_ML_ANON.jpg 2 0.46873 0 0 0 0 0 0 0 0 0 0 0 0 0 0 0 0 0 0 0 0 0.52352 0 0 0 0 0 0 0 0 0 0 0 0 0 0 0 0 0 0 0 0 0.00731 0 0 0 0 0 0 0 0 0 0 0 0 0 0 0 0 0 0 0 0 0.00044
50993949_de5e8d61e501a71b_MG_L_CC_ANON.jpg 2 0.71126 0 0 0 0 0 0 0 0 0 0 0 0 0 0 0 0 0 0 0 0 0.2751 0 0 0 0 0 0 0 0 0 0 0 0 0 0 0 0 0 0 0 0 0.01026 0 0 0 0 0 0 0 0 0 0 0 0 0 0 0 0 0 0 0 0 0.00338
50993976_de5e8d61e501a71b_MG_R_CC_ANON.jpg 2 0.58025 0 0 0 0 0 0 0 0 0 0 0 0 0 0 0 0 0 0 0 0 0.41651 0 0 0 0 0 0 0 0 0 0 0 0 0 0 0 0 0 0 0 0 0.0028 0 0 0 0 0 0 0 0 0 0 0 0 0 0 0 0 0 0 0 0 0.00043
50994110_cc9e66c5b31baab8_MG_L_ML_ANON.jpg 2 0.76053 0 0 0 0 0 0 0 0 0 0 0 0 0 0 0 0 0 0 0 0 0.00598 0 0 0 0 0 0 0 0 0 0 0 0 0 0 0 0 0 0 0 0 0.20444 0 0 0 0 0 0 0 0 0 0 0 0 0 0 0 0 0 0 0 0 0.02905
50994137_cc9e66c5b31baab8_MG_R_ML_ANON.jpg 1 0.82736 0 0 0 0 0 0 0 0 0 0 0 0 0 0 0 0 0 0 0 0 0.17257 0 0 0 0 0 0 0 0 0 0 0 0 0 0 0 0 0 0 0 0 0.00007 0 0 0 0 0 0 0 0 0 0 0 0 0 0 0 0 0 0 0 0 0.00001
50994164_cc9e66c5b31baab8_MG_L_CC_ANON.jpg 2 0.85077 0 0 0 0 0 0 0 0 0 0 0 0 0 0 0 0 0 0 0 0 0.00223 0 0 0 0 0 0 0 0 0 0 0 0 0 0 0 0 0 0 0 0 0.12631 0 0 0 0 0 0 0 0 0 0 0 0 0 0 0 0 0 0 0 0 0.0207
50994191_cc9e66c5b31baab8_MG_R_CC_ANON.jpg 1 0.87998 0 0 0 0 0 0 0 0 0 0 0 0 0 0 0 0 0 0 0 0 0.00766 0 0 0 0 0 0 0 0 0 0 0 0 0 0 0 0 0 0 0 0 0.08481 0 0 0 0 0 0 0 0 0 0 0 0 0 0 0 0 0 0 0 0 0.02756
50994273_cc9e66c5b31baab8_MG_R_CC_ANON.jpg 4 0.83441 0 0 0 0 0 0 0 0 0 0 0 0 0 0 0 0 0 0 0 0 0.00295 0 0 0 0 0 0 0 0 0 0 0 0 0 0 0 0 0 0 0 0 0.12489 0 0 0 0 0 0 0 0 0 0 0 0 0 0 0 0 0 0 0 0 0.03775
50994300_cc9e66c5b31baab8_MG_R_FB_ANON.jpg 2 0.88244 0 0 0 0 0 0 0 0 0 0 0 0 0 0 0 0 0 0 0 0 0.00136 0 0 0 0 0 0 0 0 0 0 0 0 0 0 0 0 0 0 0 0 0.07153 0 0 0 0 0 0 0 0 0 0 0 0 0 0 0 0 0 0 0 0 0.04467
50994327_cc9e66c5b31baab8_MG_L_ML_ANON.jpg 2 0.76637 0 0 0 0 0 0 0 0 0 0 0 0 0 0 0 0 0 0 0 0 0.0105 0 0 0 0 0 0 0 0 0 0 0 0 0 0 0 0 0 0 0 0 0.18462 0 0 0 0 0 0 0 0 0 0 0 0 0 0 0 0 0 0 0 0 0.03851
50994354_cc9e66c5b31baab8_MG_R_ML_ANON.jpg 4 0.75545 0 0 0 0 0 0 0 0 0 0 0 0 0 0 0 0 0 0 0 0 0.03639 0 0 0 0 0 0 0 0 0 0 0 0 0 0 0 0 0 0 0 0 0.20262 0 0 0 0 0 0 0 0 0 0 0 0 0 0 0 0 0 0 0 0 0.00555
50994381_cc9e66c5b31baab8_MG_L_CC_ANON.jpg 2 0.86822 0 0 0 0 0 0 0 0 0 0 0 0 0 0 0 0 0 0 0 0 0.0027 0 0 0 0 0 0 0 0 0 0 0 0 0 0 0 0 0 0 0 0 0.1056 0 0 0 0 0 0 0 0 0 0 0 0 0 0 0 0 0 0 0 0 0.02347
50994408_cc9e66c5b31baab8_MG_R_CC_ANON.jpg 2 0.87795 0 0 0 0 0 0 0 0 0 0 0 0 0 0 0 0 0 0 0 0 0.00361 0 0 0 0 0 0 0 0 0 0 0 0 0 0 0 0 0 0 0 0 0.10075 0 0 0 0 0 0 0 0 0 0 0 0 0 0 0 0 0 0 0 0 0.0177
50994535_de4c34099d6ef8de_MG_R_ML_ANON.jpg 2 0.63775 0 0 0 0 0 0 0 0 0 0 0 0 0 0 0 0 0 0 0 0 0.04272 0 0 0 0 0 0 0 0 0 0 0 0 0 0 0 0 0 0 0 0 0.27907 0 0 0 0 0 0 0 0 0 0 0 0 0 0 0 0 0 0 0 0 0.04046
50994562_de4c34099d6ef8de_MG_R_CC_ANON.jpg 2 0.74562 0 0 0 0 0 0 0 0 0 0 0 0 0 0 0 0 0 0 0 0 0.10753 0 0 0 0 0 0 0 0 0 0 0 0 0 0 0 0 0 0 0 0 0.14658 0 0 0 0 0 0 0 0 0 0 0 0 0 0 0 0 0 0 0 0 0.00027
50994589_de4c34099d6ef8de_MG_R_ML_ANON.jpg 2 0.63918 0 0 0 0 0 0 0 0 0 0 0 0 0 0 0 0 0 0 0 0 0.12234 0 0 0 0 0 0 0 0 0 0 0 0 0 0 0 0 0 0 0 0 0.22958 0 0 0 0 0 0 0 0 0 0 0 0 0 0 0 0 0 0 0 0 0.0089
50994616_de4c34099d6ef8de_MG_R_CC_ANON.jpg 2 0.72373 0 0 0 0 0 0 0 0 0 0 0 0 0 0 0 0 0 0 0 0 0.04031 0 0 0 0 0 0 0 0 0 0 0 0 0 0 0 0 0 0 0 0 0.22284 0 0 0 0 0 0 0 0 0 0 0 0 0 0 0 0 0 0 0 0 0.01311
50994706_069212ec65a94339_MG_R_CC_ANON.jpg 1 0.80471 0 0 0 0 0 0 0 0 0 0 0 0 0 0 0 0 0 0 0 0 0.19423 0 0 0 0 0 0 0 0 0 0 0 0 0 0 0 0 0 0 0 0 0.00064 0 0 0 0 0 0 0 0 0 0 0 0 0 0 0 0 0 0 0 0 0.00042
50994733_069212ec65a94339_MG_L_ML_ANON.jpg 1 0.68328 0 0 0 0 0 0 0 0 0 0 0 0 0 0 0 0 0 0 0 0 0.02662 0 0 0 0 0 0 0 0 0 0 0 0 0 0 0 0 0 0 0 0 0.25761 0 0 0 0 0 0 0 0 0 0 0 0 0 0 0 0 0 0 0 0 0.03249
50994760_069212ec65a94339_MG_R_ML_ANON.jpg 1 0.72821 0 0 0 0 0 0 0 0 0 0 0 0 0 0 0 0 0 0 0 0 0.27074 0 0 0 0 0 0 0 0 0 0 0 0 0 0 0 0 0 0 0 0 0.0006 0 0 0 0 0 0 0 0 0 0 0 0 0 0 0 0 0 0 0 0 0.00045
50994787_069212ec65a94339_MG_L_CC_ANON.jpg 1 0.77883 0 0 0 0 0 0 0 0 0 0 0 0 0 0 0 0 0 0 0 0 0.13877 0 0 0 0 0 0 0 0 0 0 0 0 0 0 0 0 0 0 0 0 0.08223 0 0 0 0 0 0 0 0 0 0 0 0 0 0 0 0 0 0 0 0 0.00017
50994814_069212ec65a94339_MG_L_ML_ANON.jpg 1 0.71841 0 0 0 0 0 0 0 0 0 0 0 0 0 0 0 0 0 0 0 0 0.02828 0 0 0 0 0 0 0 0 0 0 0 0 0 0 0 0 0 0 0 0 0.23139 0 0 0 0 0 0 0 0 0 0 0 0 0 0 0 0 0 0 0 0 0.02192
50994841_069212ec65a94339_MG_R_ML_ANON.jpg 4 0.72298 0 0 0 0 0 0 0 0 0 0 0 0 0 0 0 0 0 0 0 0 0.23677 0 0 0 0 0 0 0 0 0 0 0 0 0 0 0 0 0 0 0 0 0.04024 0 0 0 0 0 0 0 0 0 0 0 0 0 0 0 0 0 0 0 0 0.00001
50994868_069212ec65a94339_MG_L_CC_ANON.jpg 1 0.78739 0 0 0 0 0 0 0 0 0 0 0 0 0 0 0 0 0 0 0 0 0.05895 0 0 0 0 0 0 0 0 0 0 0 0 0 0 0 0 0 0 0 0 0.15295 0 0 0 0 0 0 0 0 0 0 0 0 0 0 0 0 0 0 0 0 0.00071
50994895_069212ec65a94339_MG_R_CC_ANON.jpg 4 0.79176 0 0 0 0 0 0 0 0 0 0 0 0 0 0 0 0 0 0 0 0 0.10293 0 0 0 0 0 0 0 0 0 0 0 0 0 0 0 0 0 0 0 0 0.10525 0 0 0 0 0 0 0 0 0 0 0 0 0 0 0 0 0 0 0 0 0.00006
50995762_0c735e8768d276b4_MG_R_ML_ANON.jpg 2 0.66374 0 0 0 0 0 0 0 0 0 0 0 0 0 0 0 0 0 0 0 0 0.01302 0 0 0 0 0 0 0 0 0 0 0 0 0 0 0 0 0 0 0 0 0.31785 0 0 0 0 0 0 0 0 0 0 0 0 0 0 0 0 0 0 0 0 0.00539
50995789_0c735e8768d276b4_MG_R_CC_ANON.jpg 2 0.76288 0 0 0 0 0 0 0 0 0 0 0 0 0 0 0 0 0 0 0 0 0.02882 0 0 0 0 0 0 0 0 0 0 0 0 0 0 0 0 0 0 0 0 0.20802 0 0 0 0 0 0 0 0 0 0 0 0 0 0 0 0 0 0 0 0 0.00027
50995872_c94d8a1ebd452afe_MG_L_ML_ANON.jpg 1 0.57104 0 0 0 0 0 0 0 0 0 0 0 0 0 0 0 0 0 0 0 0 0.04796 0 0 0 0 0 0 0 0 0 0 0 0 0 0 0 0 0 0 0 0 0.37455 0 0 0 0 0 0 0 0 0 0 0 0 0 0 0 0 0 0 0 0 0.00645
50995899_c94d8a1ebd452afe_MG_L_CC_ANON.jpg 1 0.67705 0 0 0 0 0 0 0 0 0 0 0 0 0 0 0 0 0 0 0 0 0.00487 0 0 0 0 0 0 0 0 0 0 0 0 0 0 0 0 0 0 0 0 0.27981 0 0 0 0 0 0 0 0 0 0 0 0 0 0 0 0 0 0 0 0 0.03827
50995963_d742ec2f9b90aa62_MG_L_ML_ANON.jpg 2 0.61859 0 0 0 0 0 0 0 0 0 0 0 0 0 0 0 0 0 0 0 0 0.07399 0 0 0 0 0 0 0 0 0 0 0 0 0 0 0 0 0 0 0 0 0.30335 0 0 0 0 0 0 0 0 0 0 0 0 0 0 0 0 0 0 0 0 0.00407
50995990_d742ec2f9b90aa62_MG_L_CC_ANON.jpg 2 0.7034 0 0 0 0 0 0 0 0 0 0 0 0 0 0 0 0 0 0 0 0 0.03252 0 0 0 0 0 0 0 0 0 0 0 0 0 0 0 0 0 0 0 0 0.25665 0 0 0 0 0 0 0 0 0 0 0 0 0 0 0 0 0 0 0 0 0.00742
50996056_71c1a60d57c5322f_MG_L_ML_ANON.jpg 2 0.68861 0 0 0 0 0 0 0 0 0 0 0 0 0 0 0 0 0 0 0 0 0.09813 0 0 0 0 0 0 0 0 0 0 0 0 0 0 0 0 0 0 0 0 0.21276 0 0 0 0 0 0 0 0 0 0 0 0 0 0 0 0 0 0 0 0 0.00049
50996083_71c1a60d57c5322f_MG_R_ML_ANON.jpg 2 0.6783 0 0 0 0 0 0 0 0 0 0 0 0 0 0 0 0 0 0 0 0 0.02434 0 0 0 0 0 0 0 0 0 0 0 0 0 0 0 0 0 0 0 0 0.27917 0 0 0 0 0 0 0 0 0 0 0 0 0 0 0 0 0 0 0 0 0.01819
50996110_71c1a60d57c5322f_MG_L_CC_ANON.jpg 2 0.76744 0 0 0 0 0 0 0 0 0 0 0 0 0 0 0 0 0 0 0 0 0.00967 0 0 0 0 0 0 0 0 0 0 0 0 0 0 0 0 0 0 0 0 0.20723 0 0 0 0 0 0 0 0 0 0 0 0 0 0 0 0 0 0 0 0 0.01566
50996137_71c1a60d57c5322f_MG_R_CC_ANON.jpg 2 0.74922 0 0 0 0 0 0 0 0 0 0 0 0 0 0 0 0 0 0 0 0 0.01322 0 0 0 0 0 0 0 0 0 0 0 0 0 0 0 0 0 0 0 0 0.22368 0 0 0 0 0 0 0 0 0 0 0 0 0 0 0 0 0 0 0 0 0.01389
50996201_8c1b2bd64ca4d778_MG_L_ML_ANON.jpg 2 0.67053 0 0 0 0 0 0 0 0 0 0 0 0 0 0 0 0 0 0 0 0 0.07278 0 0 0 0 0 0 0 0 0 0 0 0 0 0 0 0 0 0 0 0 0.21676 0 0 0 0 0 0 0 0 0 0 0 0 0 0 0 0 0 0 0 0 0.03993
50996228_8c1b2bd64ca4d778_MG_L_CC_ANON.jpg 2 0.77921 0 0 0 0 0 0 0 0 0 0 0 0 0 0 0 0 0 0 0 0 0.04376 0 0 0 0 0 0 0 0 0 0 0 0 0 0 0 0 0 0 0 0 0.14272 0 0 0 0 0 0 0 0 0 0 0 0 0 0 0 0 0 0 0 0 0.0343
50996325_6aba0b402889a16f_MG_L_ML_ANON.jpg 1 0.67697 0 0 0 0 0 0 0 0 0 0 0 0 0 0 0 0 0 0 0 0 0.04925 0 0 0 0 0 0 0 0 0 0 0 0 0 0 0 0 0 0 0 0 0.25331 0 0 0 0 0 0 0 0 0 0 0 0 0 0 0 0 0 0 0 0 0.02047
50996352_6aba0b402889a16f_MG_R_ML_ANON.jpg 4 0.6566 0 0 0 0 0 0 0 0 0 0 0 0 0 0 0 0 0 0 0 0 0.07908 0 0 0 0 0 0 0 0 0 0 0 0 0 0 0 0 0 0 0 0 0.2259 0 0 0 0 0 0 0 0 0 0 0 0 0 0 0 0 0 0 0 0 0.03842
50996379_6aba0b402889a16f_MG_L_CC_ANON.jpg 1 0.7802 0 0 0 0 0 0 0 0 0 0 0 0 0 0 0 0 0 0 0 0 0.01261 0 0 0 0 0 0 0 0 0 0 0 0 0 0 0 0 0 0 0 0 0.19874 0 0 0 0 0 0 0 0 0 0 0 0 0 0 0 0 0 0 0 0 0.00845
50996406_6aba0b402889a16f_MG_R_CC_ANON.jpg 4 0.78819 0 0 0 0 0 0 0 0 0 0 0 0 0 0 0 0 0 0 0 0 0.00908 0 0 0 0 0 0 0 0 0 0 0 0 0 0 0 0 0 0 0 0 0.18711 0 0 0 0 0 0 0 0 0 0 0 0 0 0 0 0 0 0 0 0 0.01562
50996709_330e5fe16929eed4_MG_R_ML_ANON.jpg 2 0.70786 0 0 0 0 0 0 0 0 0 0 0 0 0 0 0 0 0 0 0 0 0.22852 0 0 0 0 0 0 0 0 0 0 0 0 0 0 0 0 0 0 0 0 0.06361 0 0 0 0 0 0 0 0 0 0 0 0 0 0 0 0 0 0 0 0 0.00001
50996736_330e5fe16929eed4_MG_R_CC_ANON.jpg 2 0.75168 0 0 0 0 0 0 0 0 0 0 0 0 0 0 0 0 0 0 0 0 0.21545 0 0 0 0 0 0 0 0 0 0 0 0 0 0 0 0 0 0 0 0 0.03286 0 0 0 0 0 0 0 0 0 0 0 0 0 0 0 0 0 0 0 0 0.00001
50996800_fdf4a1516f88b280_MG_L_ML_ANON.jpg 2 0.464 0 0 0 0 0 0 0 0 0 0 0 0 0 0 0 0 0 0 0 0 0.49186 0 0 0 0 0 0 0 0 0 0 0 0 0 0 0 0 0 0 0 0 0.04412 0 0 0 0 0 0 0 0 0 0 0 0 0 0 0 0 0 0 0 0 0.00002
50996827_fdf4a1516f88b280_MG_R_ML_ANON.jpg 2 0.61635 0 0 0 0 0 0 0 0 0 0 0 0 0 0 0 0 0 0 0 0 0.24175 0 0 0 0 0 0 0 0 0 0 0 0 0 0 0 0 0 0 0 0 0.14182 0 0 0 0 0 0 0 0 0 0 0 0 0 0 0 0 0 0 0 0 0.00007
50996854_fdf4a1516f88b280_MG_L_CC_ANON.jpg 2 0.52567 0 0 0 0 0 0 0 0 0 0 0 0 0 0 0 0 0 0 0 0 0.45742 0 0 0 0 0 0 0 0 0 0 0 0 0 0 0 0 0 0 0 0 0.01689 0 0 0 0 0 0 0 0 0 0 0 0 0 0 0 0 0 0 0 0 0.00002
50996881_fdf4a1516f88b280_MG_R_CC_ANON.jpg 2 0.63445 0 0 0 0 0 0 0 0 0 0 0 0 0 0 0 0 0 0 0 0 0.28142 0 0 0 0 0 0 0 0 0 0 0 0 0 0 0 0 0 0 0 0 0.0841 0 0 0 0 0 0 0 0 0 0 0 0 0 0 0 0 0 0 0 0 0.00003
50996945_ce5e5e18a261cd29_MG_L_ML_ANON.jpg 2 0.67264 0 0 0 0 0 0 0 0 0 0 0 0 0 0 0 0 0 0 0 0 0.13676 0 0 0 0 0 0 0 0 0 0 0 0 0 0 0 0 0 0 0 0 0.19031 0 0 0 0 0 0 0 0 0 0 0 0 0 0 0 0 0 0 0 0 0.00029
50996972_ce5e5e18a261cd29_MG_R_ML_ANON.jpg 2 0.65543 0 0 0 0 0 0 0 0 0 0 0 0 0 0 0 0 0 0 0 0 0.10742 0 0 0 0 0 0 0 0 0 0 0 0 0 0 0 0 0 0 0 0 0.2368 0 0 0 0 0 0 0 0 0 0 0 0 0 0 0 0 0 0 0 0 0.00035
50996999_ce5e5e18a261cd29_MG_L_CC_ANON.jpg 2 0.7362 0 0 0 0 0 0 0 0 0 0 0 0 0 0 0 0 0 0 0 0 0.05157 0 0 0 0 0 0 0 0 0 0 0 0 0 0 0 0 0 0 0 0 0.21191 0 0 0 0 0 0 0 0 0 0 0 0 0 0 0 0 0 0 0 0 0.00032
50997026_ce5e5e18a261cd29_MG_R_CC_ANON.jpg 2 0.76242 0 0 0 0 0 0 0 0 0 0 0 0 0 0 0 0 0 0 0 0 0.07149 0 0 0 0 0 0 0 0 0 0 0 0 0 0 0 0 0 0 0 0 0.16597 0 0 0 0 0 0 0 0 0 0 0 0 0 0 0 0 0 0 0 0 0.00012
50997053_ce5e5e18a261cd29_MG_L_CC_ANON.jpg 1 0.54791 0 0 0 0 0 0 0 0 0 0 0 0 0 0 0 0 0 0 0 0 0.0058 0 0 0 0 0 0 0 0 0 0 0 0 0 0 0 0 0 0 0 0 0.43214 0 0 0 0 0 0 0 0 0 0 0 0 0 0 0 0 0 0 0 0 0.01415
50997080_ce5e5e18a261cd29_MG_L_ML_ANON.jpg 1 0.48902 0 0 0 0 0 0 0 0 0 0 0 0 0 0 0 0 0 0 0 0 0.05139 0 0 0 0 0 0 0 0 0 0 0 0 0 0 0 0 0 0 0 0 0.4546 0 0 0 0 0 0 0 0 0 0 0 0 0 0 0 0 0 0 0 0 0.00499
50997107_ce5e5e18a261cd29_MG_R_ML_ANON.jpg 2 0.49178 0 0 0 0 0 0 0 0 0 0 0 0 0 0 0 0 0 0 0 0 0.11898 0 0 0 0 0 0 0 0 0 0 0 0 0 0 0 0 0 0 0 0 0.3887 0 0 0 0 0 0 0 0 0 0 0 0 0 0 0 0 0 0 0 0 0.00053
50997134_ce5e5e18a261cd29_MG_R_CC_ANON.jpg 2 0.59146 0 0 0 0 0 0 0 0 0 0 0 0 0 0 0 0 0 0 0 0 0.24059 0 0 0 0 0 0 0 0 0 0 0 0 0 0 0 0 0 0 0 0 0.1679 0 0 0 0 0 0 0 0 0 0 0 0 0 0 0 0 0 0 0 0 0.00006
50997223_9054942f7be52dd9_MG_L_ML_ANON.jpg 2 0.64966 0 0 0 0 0 0 0 0 0 0 0 0 0 0 0 0 0 0 0 0 0.23261 0 0 0 0 0 0 0 0 0 0 0 0 0 0 0 0 0 0 0 0 0.11773 0 0 0 0 0 0 0 0 0 0 0 0 0 0 0 0 0 0 0 0 0.00001
50997250_9054942f7be52dd9_MG_R_ML_ANON.jpg 2 0.59852 0 0 0 0 0 0 0 0 0 0 0 0 0 0 0 0 0 0 0 0 0.06928 0 0 0 0 0 0 0 0 0 0 0 0 0 0 0 0 0 0 0 0 0.30838 0 0 0 0 0 0 0 0 0 0 0 0 0 0 0 0 0 0 0 0 0.02383
50997277_9054942f7be52dd9_MG_L_CC_ANON.jpg 2 0.73638 0 0 0 0 0 0 0 0 0 0 0 0 0 0 0 0 0 0 0 0 0.06273 0 0 0 0 0 0 0 0 0 0 0 0 0 0 0 0 0 0 0 0 0.18315 0 0 0 0 0 0 0 0 0 0 0 0 0 0 0 0 0 0 0 0 0.01774
50997304_9054942f7be52dd9_MG_R_CC_ANON.jpg 2 0.69804 0 0 0 0 0 0 0 0 0 0 0 0 0 0 0 0 0 0 0 0 0.05403 0 0 0 0 0 0 0 0 0 0 0 0 0 0 0 0 0 0 0 0 0.21374 0 0 0 0 0 0 0 0 0 0 0 0 0 0 0 0 0 0 0 0 0.03419
50997434_97ec8cadfca70d32_MG_L_ML_ANON.jpg 2 0.58034 0 0 0 0 0 0 0 0 0 0 0 0 0 0 0 0 0 0 0 0 0.32999 0 0 0 0 0 0 0 0 0 0 0 0 0 0 0 0 0 0 0 0 0.08963 0 0 0 0 0 0 0 0 0 0 0 0 0 0 0 0 0 0 0 0 0.00004
50997461_97ec8cadfca70d32_MG_R_ML_ANON.jpg 4 0.57878 0 0 0 0 0 0 0 0 0 0 0 0 0 0 0 0 0 0 0 0 0.07898 0 0 0 0 0 0 0 0 0 0 0 0 0 0 0 0 0 0 0 0 0.32241 0 0 0 0 0 0 0 0 0 0 0 0 0 0 0 0 0 0 0 0 0.01983
50997488_97ec8cadfca70d32_MG_L_CC_ANON.jpg 2 0.66449 0 0 0 0 0 0 0 0 0 0 0 0 0 0 0 0 0 0 0 0 0.07712 0 0 0 0 0 0 0 0 0 0 0 0 0 0 0 0 0 0 0 0 0.23826 0 0 0 0 0 0 0 0 0 0 0 0 0 0 0 0 0 0 0 0 0.02014
50997515_97ec8cadfca70d32_MG_R_CC_ANON.jpg 4 0.66753 0 0 0 0 0 0 0 0 0 0 0 0 0 0 0 0 0 0 0 0 0.02926 0 0 0 0 0 0 0 0 0 0 0 0 0 0 0 0 0 0 0 0 0.26463 0 0 0 0 0 0 0 0 0 0 0 0 0 0 0 0 0 0 0 0 0.03858
50997597_67cc8c9939d74a9a_MG_L_ML_ANON.jpg 2 0.65342 0 0 0 0 0 0 0 0 0 0 0 0 0 0 0 0 0 0 0 0 0.07332 0 0 0 0 0 0 0 0 0 0 0 0 0 0 0 0 0 0 0 0 0.27242 0 0 0 0 0 0 0 0 0 0 0 0 0 0 0 0 0 0 0 0 0.00084
50997624_67cc8c9939d74a9a_MG_R_ML_ANON.jpg 2 0.74354 0 0 0 0 0 0 0 0 0 0 0 0 0 0 0 0 0 0 0 0 0.21615 0 0 0 0 0 0 0 0 0 0 0 0 0 0 0 0 0 0 0 0 0.0403 0 0 0 0 0 0 0 0 0 0 0 0 0 0 0 0 0 0 0 0 0.00001
50997651_67cc8c9939d74a9a_MG_L_CC_ANON.jpg 2 0.71346 0 0 0 0 0 0 0 0 0 0 0 0 0 0 0 0 0 0 0 0 0.03022 0 0 0 0 0 0 0 0 0 0 0 0 0 0 0 0 0 0 0 0 0.25612 0 0 0 0 0 0 0 0 0 0 0 0 0 0 0 0 0 0 0 0 0.0002
50997678_67cc8c9939d74a9a_MG_R_CC_ANON.jpg 2 0.79756 0 0 0 0 0 0 0 0 0 0 0 0 0 0 0 0 0 0 0 0 0.2008 0 0 0 0 0 0 0 0 0 0 0 0 0 0 0 0 0 0 0 0 0.00162 0 0 0 0 0 0 0 0 0 0 0 0 0 0 0 0 0 0 0 0 0.00002
50997742_cbb6c98a81e69eeb_MG_L_ML_ANON.jpg 3 0.62007 0 0 0 0 0 0 0 0 0 0 0 0 0 0 0 0 0 0 0 0 0.07089 0 0 0 0 0 0 0 0 0 0 0 0 0 0 0 0 0 0 0 0 0.30166 0 0 0 0 0 0 0 0 0 0 0 0 0 0 0 0 0 0 0 0 0.00739
50997769_cbb6c98a81e69eeb_MG_R_ML_ANON.jpg 3 0.62204 0 0 0 0 0 0 0 0 0 0 0 0 0 0 0 0 0 0 0 0 0.03332 0 0 0 0 0 0 0 0 0 0 0 0 0 0 0 0 0 0 0 0 0.31064 0 0 0 0 0 0 0 0 0 0 0 0 0 0 0 0 0 0 0 0 0.034
50997796_cbb6c98a81e69eeb_MG_L_CC_ANON.jpg 3 0.73125 0 0 0 0 0 0 0 0 0 0 0 0 0 0 0 0 0 0 0 0 0.0033 0 0 0 0 0 0 0 0 0 0 0 0 0 0 0 0 0 0 0 0 0.2571 0 0 0 0 0 0 0 0 0 0 0 0 0 0 0 0 0 0 0 0 0.00836
50997823_cbb6c98a81e69eeb_MG_R_CC_ANON.jpg 3 0.74138 0 0 0 0 0 0 0 0 0 0 0 0 0 0 0 0 0 0 0 0 0.00439 0 0 0 0 0 0 0 0 0 0 0 0 0 0 0 0 0 0 0 0 0.25118 0 0 0 0 0 0 0 0 0 0 0 0 0 0 0 0 0 0 0 0 0.00305
50998032_66adfbb4f19c76d2_MG_R_CC_ANON.jpg 2 0.68712 0 0 0 0 0 0 0 0 0 0 0 0 0 0 0 0 0 0 0 0 0.26161 0 0 0 0 0 0 0 0 0 0 0 0 0 0 0 0 0 0 0 0 0.05123 0 0 0 0 0 0 0 0 0 0 0 0 0 0 0 0 0 0 0 0 0.00004
50998059_66adfbb4f19c76d2_MG_L_ML_ANON.jpg 5 0.5955 0 0 0 0 0 0 0 0 0 0 0 0 0 0 0 0 0 0 0 0 0.18194 0 0 0 0 0 0 0 0 0 0 0 0 0 0 0 0 0 0 0 0 0.22213 0 0 0 0 0 0 0 0 0 0 0 0 0 0 0 0 0 0 0 0 0.00042
50998086_66adfbb4f19c76d2_MG_R_ML_ANON.jpg 2 0.59022 0 0 0 0 0 0 0 0 0 0 0 0 0 0 0 0 0 0 0 0 0.32858 0 0 0 0 0 0 0 0 0 0 0 0 0 0 0 0 0 0 0 0 0.08117 0 0 0 0 0 0 0 0 0 0 0 0 0 0 0 0 0 0 0 0 0.00004
50998113_66adfbb4f19c76d2_MG_L_CC_ANON.jpg 5 0.66208 0 0 0 0 0 0 0 0 0 0 0 0 0 0 0 0 0 0 0 0 0.12527 0 0 0 0 0 0 0 0 0 0 0 0 0 0 0 0 0 0 0 0 0.21192 0 0 0 0 0 0 0 0 0 0 0 0 0 0 0 0 0 0 0 0 0.00074
50998177_f34ee0ab6591b792_MG_L_ML_ANON.jpg 2 0.644 0 0 0 0 0 0 0 0 0 0 0 0 0 0 0 0 0 0 0 0 0.24536 0 0 0 0 0 0 0 0 0 0 0 0 0 0 0 0 0 0 0 0 0.11061 0 0 0 0 0 0 0 0 0 0 0 0 0 0 0 0 0 0 0 0 0.00003
50998204_f34ee0ab6591b792_MG_R_ML_ANON.jpg 2 0.64428 0 0 0 0 0 0 0 0 0 0 0 0 0 0 0 0 0 0 0 0 0.07888 0 0 0 0 0 0 0 0 0 0 0 0 0 0 0 0 0 0 0 0 0.26967 0 0 0 0 0 0 0 0 0 0 0 0 0 0 0 0 0 0 0 0 0.00717
50998231_f34ee0ab6591b792_MG_L_CC_ANON.jpg 2 0.70867 0 0 0 0 0 0 0 0 0 0 0 0 0 0 0 0 0 0 0 0 0.27728 0 0 0 0 0 0 0 0 0 0 0 0 0 0 0 0 0 0 0 0 0.01403 0 0 0 0 0 0 0 0 0 0 0 0 0 0 0 0 0 0 0 0 0.00002
50998258_f34ee0ab6591b792_MG_R_CC_ANON.jpg 2 0.70484 0 0 0 0 0 0 0 0 0 0 0 0 0 0 0 0 0 0 0 0 0.02753 0 0 0 0 0 0 0 0 0 0 0 0 0 0 0 0 0 0 0 0 0.26027 0 0 0 0 0 0 0 0 0 0 0 0 0 0 0 0 0 0 0 0 0.00736
50998322_1e4b534393d18753_MG_R_ML_ANON.jpg 1 0.56326 0 0 0 0 0 0 0 0 0 0 0 0 0 0 0 0 0 0 0 0 0.07414 0 0 0 0 0 0 0 0 0 0 0 0 0 0 0 0 0 0 0 0 0.33261 0 0 0 0 0 0 0 0 0 0 0 0 0 0 0 0 0 0 0 0 0.03
50998349_1e4b534393d18753_MG_R_CC_ANON.jpg 1 0.8076 0 0 0 0 0 0 0 0 0 0 0 0 0 0 0 0 0 0 0 0 0.00159 0 0 0 0 0 0 0 0 0 0 0 0 0 0 0 0 0 0 0 0 0.11622 0 0 0 0 0 0 0 0 0 0 0 0 0 0 0 0 0 0 0 0 0.07459
50998413_1f139436acfc5467_MG_L_ML_ANON.jpg 2 0.68223 0 0 0 0 0 0 0 0 0 0 0 0 0 0 0 0 0 0 0 0 0.28124 0 0 0 0 0 0 0 0 0 0 0 0 0 0 0 0 0 0 0 0 0.03647 0 0 0 0 0 0 0 0 0 0 0 0 0 0 0 0 0 0 0 0 0.00005
50998440_1f139436acfc5467_MG_R_ML_ANON.jpg 2 0.66002 0 0 0 0 0 0 0 0 0 0 0 0 0 0 0 0 0 0 0 0 0.19425 0 0 0 0 0 0 0 0 0 0 0 0 0 0 0 0 0 0 0 0 0.14567 0 0 0 0 0 0 0 0 0 0 0 0 0 0 0 0 0 0 0 0 0.00006
50998467_1f139436acfc5467_MG_L_CC_ANON.jpg 2 0.75953 0 0 0 0 0 0 0 0 0 0 0 0 0 0 0 0 0 0 0 0 0.05876 0 0 0 0 0 0 0 0 0 0 0 0 0 0 0 0 0 0 0 0 0.18106 0 0 0 0 0 0 0 0 0 0 0 0 0 0 0 0 0 0 0 0 0.00065
50998494_1f139436acfc5467_MG_R_CC_ANON.jpg 2 0.74459 0 0 0 0 0 0 0 0 0 0 0 0 0 0 0 0 0 0 0 0 0.25389 0 0 0 0 0 0 0 0 0 0 0 0 0 0 0 0 0 0 0 0 0.00147 0 0 0 0 0 0 0 0 0 0 0 0 0 0 0 0 0 0 0 0 0.00005
50998580_cd12bc20b3d27d0b_MG_L_ML_ANON.jpg 2 0.70409 0 0 0 0 0 0 0 0 0 0 0 0 0 0 0 0 0 0 0 0 0.07535 0 0 0 0 0 0 0 0 0 0 0 0 0 0 0 0 0 0 0 0 0.21527 0 0 0 0 0 0 0 0 0 0 0 0 0 0 0 0 0 0 0 0 0.00528
50998607_cd12bc20b3d27d0b_MG_R_ML_ANON.jpg 1 0.70138 0 0 0 0 0 0 0 0 0 0 0 0 0 0 0 0 0 0 0 0 0.0179 0 0 0 0 0 0 0 0 0 0 0 0 0 0 0 0 0 0 0 0 0.21845 0 0 0 0 0 0 0 0 0 0 0 0 0 0 0 0 0 0 0 0 0.06227
50998634_cd12bc20b3d27d0b_MG_L_CC_ANON.jpg 2 0.79241 0 0 0 0 0 0 0 0 0 0 0 0 0 0 0 0 0 0 0 0 0.0056 0 0 0 0 0 0 0 0 0 0 0 0 0 0 0 0 0 0 0 0 0.17629 0 0 0 0 0 0 0 0 0 0 0 0 0 0 0 0 0 0 0 0 0.0257
50998661_cd12bc20b3d27d0b_MG_R_CC_ANON.jpg 1 0.78165 0 0 0 0 0 0 0 0 0 0 0 0 0 0 0 0 0 0 0 0 0.01045 0 0 0 0 0 0 0 0 0 0 0 0 0 0 0 0 0 0 0 0 0.18866 0 0 0 0 0 0 0 0 0 0 0 0 0 0 0 0 0 0 0 0 0.01923
50998981_a78eba834ef6ee88_MG_R_ML_ANON.jpg 5 0.83338 0 0 0 0 0 0 0 0 0 0 0 0 0 0 0 0 0 0 0 0 0.0074 0 0 0 0 0 0 0 0 0 0 0 0 0 0 0 0 0 0 0 0 0.12867 0 0 0 0 0 0 0 0 0 0 0 0 0 0 0 0 0 0 0 0 0.03055
50999008_a78eba834ef6ee88_MG_R_CC_ANON.jpg 5 0.90582 0 0 0 0 0 0 0 0 0 0 0 0 0 0 0 0 0 0 0 0 0.00178 0 0 0 0 0 0 0 0 0 0 0 0 0 0 0 0 0 0 0 0 0.08612 0 0 0 0 0 0 0 0 0 0 0 0 0 0 0 0 0 0 0 0 0.00628
50999094_cb65e8dac169f596_MG_L_ML_ANON.jpg 2 0.7487 0 0 0 0 0 0 0 0 0 0 0 0 0 0 0 0 0 0 0 0 0.1442 0 0 0 0 0 0 0 0 0 0 0 0 0 0 0 0 0 0 0 0 0.10695 0 0 0 0 0 0 0 0 0 0 0 0 0 0 0 0 0 0 0 0 0.00014
50999121_cb65e8dac169f596_MG_R_ML_ANON.jpg 1 0.66327 0 0 0 0 0 0 0 0 0 0 0 0 0 0 0 0 0 0 0 0 0.00537 0 0 0 0 0 0 0 0 0 0 0 0 0 0 0 0 0 0 0 0 0.2667 0 0 0 0 0 0 0 0 0 0 0 0 0 0 0 0 0 0 0 0 0.06466
50999148_cb65e8dac169f596_MG_L_CC_ANON.jpg 2 0.78182 0 0 0 0 0 0 0 0 0 0 0 0 0 0 0 0 0 0 0 0 0.00853 0 0 0 0 0 0 0 0 0 0 0 0 0 0 0 0 0 0 0 0 0.179 0 0 0 0 0 0 0 0 0 0 0 0 0 0 0 0 0 0 0 0 0.03064
50999175_cb65e8dac169f596_MG_R_CC_ANON.jpg 1 0.74265 0 0 0 0 0 0 0 0 0 0 0 0 0 0 0 0 0 0 0 0 0.00883 0 0 0 0 0 0 0 0 0 0 0 0 0 0 0 0 0 0 0 0 0.23436 0 0 0 0 0 0 0 0 0 0 0 0 0 0 0 0 0 0 0 0 0.01416
50999246_cb65e8dac169f596_MG_L_ML_ANON.jpg 2 0.69055 0 0 0 0 0 0 0 0 0 0 0 0 0 0 0 0 0 0 0 0 0.01017 0 0 0 0 0 0 0 0 0 0 0 0 0 0 0 0 0 0 0 0 0.27417 0 0 0 0 0 0 0 0 0 0 0 0 0 0 0 0 0 0 0 0 0.02511
50999273_cb65e8dac169f596_MG_R_ML_ANON.jpg 1 0.63268 0 0 0 0 0 0 0 0 0 0 0 0 0 0 0 0 0 0 0 0 0.00512 0 0 0 0 0 0 0 0 0 0 0 0 0 0 0 0 0 0 0 0 0.25849 0 0 0 0 0 0 0 0 0 0 0 0 0 0 0 0 0 0 0 0 0.10371
50999300_cb65e8dac169f596_MG_L_CC_ANON.jpg 2 0.75999 0 0 0 0 0 0 0 0 0 0 0 0 0 0 0 0 0 0 0 0 0.00494 0 0 0 0 0 0 0 0 0 0 0 0 0 0 0 0 0 0 0 0 0.20424 0 0 0 0 0 0 0 0 0 0 0 0 0 0 0 0 0 0 0 0 0.03084
50999327_cb65e8dac169f596_MG_R_CC_ANON.jpg 1 0.74606 0 0 0 0 0 0 0 0 0 0 0 0 0 0 0 0 0 0 0 0 0.00462 0 0 0 0 0 0 0 0 0 0 0 0 0 0 0 0 0 0 0 0 0.19678 0 0 0 0 0 0 0 0 0 0 0 0 0 0 0 0 0 0 0 0 0.05254
50999432_f62fbf38fb208316_MG_L_ML_ANON.jpg 5 0.66715 0 0 0 0 0 0 0 0 0 0 0 0 0 0 0 0 0 0 0 0 0.31526 0 0 0 0 0 0 0 0 0 0 0 0 0 0 0 0 0 0 0 0 0.01757 0 0 0 0 0 0 0 0 0 0 0 0 0 0 0 0 0 0 0 0 0.00002
50999459_f62fbf38fb208316_MG_L_CC_ANON.jpg 5 0.72937 0 0 0 0 0 0 0 0 0 0 0 0 0 0 0 0 0 0 0 0 0.0244 0 0 0 0 0 0 0 0 0 0 0 0 0 0 0 0 0 0 0 0 0.24016 0 0 0 0 0 0 0 0 0 0 0 0 0 0 0 0 0 0 0 0 0.00608
51048738_3f22cdda8da215e3_MG_R_ML_ANON.jpg 3 0.549 0 0 0 0 0 0 0 0 0 0 0 0 0 0 0 0 0 0 0 0 0.02606 0 0 0 0 0 0 0 0 0 0 0 0 0 0 0 0 0 0 0 0 0.37797 0 0 0 0 0 0 0 0 0 0 0 0 0 0 0 0 0 0 0 0 0.04698
51048765_3f22cdda8da215e3_MG_R_CC_ANON.jpg 3 0.67762 0 0 0 0 0 0 0 0 0 0 0 0 0 0 0 0 0 0 0 0 0.06044 0 0 0 0 0 0 0 0 0 0 0 0 0 0 0 0 0 0 0 0 0.25618 0 0 0 0 0 0 0 0 0 0 0 0 0 0 0 0 0 0 0 0 0.00575
51048891_f3e93e889a7746f0_MG_L_ML_ANON.jpg 2 0.61727 0 0 0 0 0 0 0 0 0 0 0 0 0 0 0 0 0 0 0 0 0.11012 0 0 0 0 0 0 0 0 0 0 0 0 0 0 0 0 0 0 0 0 0.26722 0 0 0 0 0 0 0 0 0 0 0 0 0 0 0 0 0 0 0 0 0.00539
51048918_f3e93e889a7746f0_MG_R_ML_ANON.jpg 2 0.6077 0 0 0 0 0 0 0 0 0 0 0 0 0 0 0 0 0 0 0 0 0.05454 0 0 0 0 0 0 0 0 0 0 0 0 0 0 0 0 0 0 0 0 0.30202 0 0 0 0 0 0 0 0 0 0 0 0 0 0 0 0 0 0 0 0 0.03574
51048945_f3e93e889a7746f0_MG_L_CC_ANON.jpg 2 0.66369 0 0 0 0 0 0 0 0 0 0 0 0 0 0 0 0 0 0 0 0 0.21047 0 0 0 0 0 0 0 0 0 0 0 0 0 0 0 0 0 0 0 0 0.12569 0 0 0 0 0 0 0 0 0 0 0 0 0 0 0 0 0 0 0 0 0.00015
51048972_f3e93e889a7746f0_MG_R_CC_ANON.jpg 2 0.6844 0 0 0 0 0 0 0 0 0 0 0 0 0 0 0 0 0 0 0 0 0.04224 0 0 0 0 0 0 0 0 0 0 0 0 0 0 0 0 0 0 0 0 0.25802 0 0 0 0 0 0 0 0 0 0 0 0 0 0 0 0 0 0 0 0 0.01534
51049053_8c105bb715bf1c3c_MG_L_ML_ANON.jpg 2 0.60941 0 0 0 0 0 0 0 0 0 0 0 0 0 0 0 0 0 0 0 0 0.33267 0 0 0 0 0 0 0 0 0 0 0 0 0 0 0 0 0 0 0 0 0.05771 0 0 0 0 0 0 0 0 0 0 0 0 0 0 0 0 0 0 0 0 0.00021
51049080_8c105bb715bf1c3c_MG_R_ML_ANON.jpg 2 0.58155 0 0 0 0 0 0 0 0 0 0 0 0 0 0 0 0 0 0 0 0 0.1503 0 0 0 0 0 0 0 0 0 0 0 0 0 0 0 0 0 0 0 0 0.2659 0 0 0 0 0 0 0 0 0 0 0 0 0 0 0 0 0 0 0 0 0.00225
51049107_8c105bb715bf1c3c_MG_L_CC_ANON.jpg 2 0.70318 0 0 0 0 0 0 0 0 0 0 0 0 0 0 0 0 0 0 0 0 0.28263 0 0 0 0 0 0 0 0 0 0 0 0 0 0 0 0 0 0 0 0 0.01416 0 0 0 0 0 0 0 0 0 0 0 0 0 0 0 0 0 0 0 0 0.00003
51049134_8c105bb715bf1c3c_MG_R_CC_ANON.jpg 2 0.65196 0 0 0 0 0 0 0 0 0 0 0 0 0 0 0 0 0 0 0 0 0.16436 0 0 0 0 0 0 0 0 0 0 0 0 0 0 0 0 0 0 0 0 0.18361 0 0 0 0 0 0 0 0 0 0 0 0 0 0 0 0 0 0 0 0 0.00007
51049249_832ebce700241036_MG_L_CC_ANON.jpg 2 0.75738 0 0 0 0 0 0 0 0 0 0 0 0 0 0 0 0 0 0 0 0 0.06771 0 0 0 0 0 0 0 0 0 0 0 0 0 0 0 0 0 0 0 0 0.17474 0 0 0 0 0 0 0 0 0 0 0 0 0 0 0 0 0 0 0 0 0.00017
51049276_832ebce700241036_MG_L_ML_ANON.jpg 2 0.68967 0 0 0 0 0 0 0 0 0 0 0 0 0 0 0 0 0 0 0 0 0.12656 0 0 0 0 0 0 0 0 0 0 0 0 0 0 0 0 0 0 0 0 0.18339 0 0 0 0 0 0 0 0 0 0 0 0 0 0 0 0 0 0 0 0 0.00038
51049462_6f64793857feb5d0_MG_L_ML_ANON.jpg 2 0.57214 0 0 0 0 0 0 0 0 0 0 0 0 0 0 0 0 0 0 0 0 0.06371 0 0 0 0 0 0 0 0 0 0 0 0 0 0 0 0 0 0 0 0 0.33672 0 0 0 0 0 0 0 0 0 0 0 0 0 0 0 0 0 0 0 0 0.02744
51049489_6f64793857feb5d0_MG_R_ML_ANON.jpg 2 0.63914 0 0 0 0 0 0 0 0 0 0 0 0 0 0 0 0 0 0 0 0 0.36017 0 0 0 0 0 0 0 0 0 0 0 0 0 0 0 0 0 0 0 0 0.00052 0 0 0 0 0 0 0 0 0 0 0 0 0 0 0 0 0 0 0 0 0.00017
51049516_6f64793857feb5d0_MG_L_CC_ANON.jpg 2 0.686 0 0 0 0 0 0 0 0 0 0 0 0 0 0 0 0 0 0 0 0 0.05277 0 0 0 0 0 0 0 0 0 0 0 0 0 0 0 0 0 0 0 0 0.2541 0 0 0 0 0 0 0 0 0 0 0 0 0 0 0 0 0 0 0 0 0.00712
51049543_6f64793857feb5d0_MG_R_CC_ANON.jpg 2 0.72276 0 0 0 0 0 0 0 0 0 0 0 0 0 0 0 0 0 0 0 0 0.27692 0 0 0 0 0 0 0 0 0 0 0 0 0 0 0 0 0 0 0 0 0.00016 0 0 0 0 0 0 0 0 0 0 0 0 0 0 0 0 0 0 0 0 0.00016
51049628_6f64793857feb5d0_MG_L_ML_ANON.jpg 2 0.57356 0 0 0 0 0 0 0 0 0 0 0 0 0 0 0 0 0 0 0 0 0.21804 0 0 0 0 0 0 0 0 0 0 0 0 0 0 0 0 0 0 0 0 0.20764 0 0 0 0 0 0 0 0 0 0 0 0 0 0 0 0 0 0 0 0 0.00076
51049655_6f64793857feb5d0_MG_R_ML_ANON.jpg 2 0.5727 0 0 0 0 0 0 0 0 0 0 0 0 0 0 0 0 0 0 0 0 0.4258 0 0 0 0 0 0 0 0 0 0 0 0 0 0 0 0 0 0 0 0 0.00135 0 0 0 0 0 0 0 0 0 0 0 0 0 0 0 0 0 0 0 0 0.00014
51049682_6f64793857feb5d0_MG_L_CC_ANON.jpg 2 0.69388 0 0 0 0 0 0 0 0 0 0 0 0 0 0 0 0 0 0 0 0 0.03812 0 0 0 0 0 0 0 0 0 0 0 0 0 0 0 0 0 0 0 0 0.25508 0 0 0 0 0 0 0 0 0 0 0 0 0 0 0 0 0 0 0 0 0.01292
51070197_6f64793857feb5d0_MG_R_CC_ANON.jpg 2 0.73045 0 0 0 0 0 0 0 0 0 0 0 0 0 0 0 0 0 0 0 0 0.26873 0 0 0 0 0 0 0 0 0 0 0 0 0 0 0 0 0 0 0 0 0.00066 0 0 0 0 0 0 0 0 0 0 0 0 0 0 0 0 0 0 0 0 0.00017
53580611_40e22f2e3215b954_MG_L_ML_ANON.jpg 2 0.60477 0 0 0 0 0 0 0 0 0 0 0 0 0 0 0 0 0 0 0 0 0.29379 0 0 0 0 0 0 0 0 0 0 0 0 0 0 0 0 0 0 0 0 0.10124 0 0 0 0 0 0 0 0 0 0 0 0 0 0 0 0 0 0 0 0 0.00021
53580638_40e22f2e3215b954_MG_R_ML_ANON.jpg 3 0.59076 0 0 0 0 0 0 0 0 0 0 0 0 0 0 0 0 0 0 0 0 0.06856 0 0 0 0 0 0 0 0 0 0 0 0 0 0 0 0 0 0 0 0 0.31824 0 0 0 0 0 0 0 0 0 0 0 0 0 0 0 0 0 0 0 0 0.02245
53580665_40e22f2e3215b954_MG_L_CC_ANON.jpg 2 0.6834 0 0 0 0 0 0 0 0 0 0 0 0 0 0 0 0 0 0 0 0 0.02456 0 0 0 0 0 0 0 0 0 0 0 0 0 0 0 0 0 0 0 0 0.2826 0 0 0 0 0 0 0 0 0 0 0 0 0 0 0 0 0 0 0 0 0.00944
53580692_40e22f2e3215b954_MG_R_CC_ANON.jpg 3 0.699 0 0 0 0 0 0 0 0 0 0 0 0 0 0 0 0 0 0 0 0 0.00906 0 0 0 0 0 0 0 0 0 0 0 0 0 0 0 0 0 0 0 0 0.25885 0 0 0 0 0 0 0 0 0 0 0 0 0 0 0 0 0 0 0 0 0.03309
53580804_51bec6477a7898b9_MG_L_ML_ANON.jpg 5 0.64014 0 0 0 0 0 0 0 0 0 0 0 0 0 0 0 0 0 0 0 0 0.13148 0 0 0 0 0 0 0 0 0 0 0 0 0 0 0 0 0 0 0 0 0.22598 0 0 0 0 0 0 0 0 0 0 0 0 0 0 0 0 0 0 0 0 0.00239
53580831_51bec6477a7898b9_MG_R_ML_ANON.jpg 2 0.64147 0 0 0 0 0 0 0 0 0 0 0 0 0 0 0 0 0 0 0 0 0.16082 0 0 0 0 0 0 0 0 0 0 0 0 0 0 0 0 0 0 0 0 0.19709 0 0 0 0 0 0 0 0 0 0 0 0 0 0 0 0 0 0 0 0 0.00063
53580858_51bec6477a7898b9_MG_L_CC_ANON.jpg 5 0.73991 0 0 0 0 0 0 0 0 0 0 0 0 0 0 0 0 0 0 0 0 0.01354 0 0 0 0 0 0 0 0 0 0 0 0 0 0 0 0 0 0 0 0 0.23044 0 0 0 0 0 0 0 0 0 0 0 0 0 0 0 0 0 0 0 0 0.0161
53580885_51bec6477a7898b9_MG_R_CC_ANON.jpg 2 0.74685 0 0 0 0 0 0 0 0 0 0 0 0 0 0 0 0 0 0 0 0 0.0677 0 0 0 0 0 0 0 0 0 0 0 0 0 0 0 0 0 0 0 0 0.18533 0 0 0 0 0 0 0 0 0 0 0 0 0 0 0 0 0 0 0 0 0.00011
53580979_4c341dad22471922_MG_L_ML_ANON.jpg 1 0.68027 0 0 0 0 0 0 0 0 0 0 0 0 0 0 0 0 0 0 0 0 0.01362 0 0 0 0 0 0 0 0 0 0 0 0 0 0 0 0 0 0 0 0 0.27482 0 0 0 0 0 0 0 0 0 0 0 0 0 0 0 0 0 0 0 0 0.03129
53581006_4c341dad22471922_MG_R_ML_ANON.jpg 1 0.69281 0 0 0 0 0 0 0 0 0 0 0 0 0 0 0 0 0 0 0 0 0.02223 0 0 0 0 0 0 0 0 0 0 0 0 0 0 0 0 0 0 0 0 0.25938 0 0 0 0 0 0 0 0 0 0 0 0 0 0 0 0 0 0 0 0 0.02558
53581033_4c341dad22471922_MG_L_CC_ANON.jpg 1 0.72675 0 0 0 0 0 0 0 0 0 0 0 0 0 0 0 0 0 0 0 0 0.00723 0 0 0 0 0 0 0 0 0 0 0 0 0 0 0 0 0 0 0 0 0.22478 0 0 0 0 0 0 0 0 0 0 0 0 0 0 0 0 0 0 0 0 0.04124
53581060_4c341dad22471922_MG_R_CC_ANON.jpg 1 0.73876 0 0 0 0 0 0 0 0 0 0 0 0 0 0 0 0 0 0 0 0 0.00753 0 0 0 0 0 0 0 0 0 0 0 0 0 0 0 0 0 0 0 0 0.22065 0 0 0 0 0 0 0 0 0 0 0 0 0 0 0 0 0 0 0 0 0.03305
53581124_3be876aecfaad4ca_MG_L_ML_ANON.jpg 1 0.70599 0 0 0 0 0 0 0 0 0 0 0 0 0 0 0 0 0 0 0 0 0.05022 0 0 0 0 0 0 0 0 0 0 0 0 0 0 0 0 0 0 0 0 0.22274 0 0 0 0 0 0 0 0 0 0 0 0 0 0 0 0 0 0 0 0 0.02105
53581151_3be876aecfaad4ca_MG_L_CC_ANON.jpg 1 0.80901 0 0 0 0 0 0 0 0 0 0 0 0 0 0 0 0 0 0 0 0 0.05649 0 0 0 0 0 0 0 0 0 0 0 0 0 0 0 0 0 0 0 0 0.13192 0 0 0 0 0 0 0 0 0 0 0 0 0 0 0 0 0 0 0 0 0.00258
53581237_80123a24997098dc_MG_R_ML_ANON.jpg 1 0.55587 0 0 0 0 0 0 0 0 0 0 0 0 0 0 0 0 0 0 0 0 0.07534 0 0 0 0 0 0 0 0 0 0 0 0 0 0 0 0 0 0 0 0 0.35815 0 0 0 0 0 0 0 0 0 0 0 0 0 0 0 0 0 0 0 0 0.01064
53581264_80123a24997098dc_MG_R_CC_ANON.jpg 1 0.67493 0 0 0 0 0 0 0 0 0 0 0 0 0 0 0 0 0 0 0 0 0.06481 0 0 0 0 0 0 0 0 0 0 0 0 0 0 0 0 0 0 0 0 0.25261 0 0 0 0 0 0 0 0 0 0 0 0 0 0 0 0 0 0 0 0 0.00765
53581379_b231a8ba4dd4214f_MG_L_ML_ANON.jpg 1 0.53051 0 0 0 0 0 0 0 0 0 0 0 0 0 0 0 0 0 0 0 0 0.05571 0 0 0 0 0 0 0 0 0 0 0 0 0 0 0 0 0 0 0 0 0.34004 0 0 0 0 0 0 0 0 0 0 0 0 0 0 0 0 0 0 0 0 0.07374
53581406_b231a8ba4dd4214f_MG_R_ML_ANON.jpg 6 0.56593 0 0 0 0 0 0 0 0 0 0 0 0 0 0 0 0 0 0 0 0 0.02823 0 0 0 0 0 0 0 0 0 0 0 0 0 0 0 0 0 0 0 0 0.32911 0 0 0 0 0 0 0 0 0 0 0 0 0 0 0 0 0 0 0 0 0.07673
53581433_b231a8ba4dd4214f_MG_L_CC_ANON.jpg 1 0.66089 0 0 0 0 0 0 0 0 0 0 0 0 0 0 0 0 0 0 0 0 0.00534 0 0 0 0 0 0 0 0 0 0 0 0 0 0 0 0 0 0 0 0 0.31906 0 0 0 0 0 0 0 0 0 0 0 0 0 0 0 0 0 0 0 0 0.01471
53581460_b231a8ba4dd4214f_MG_R_CC_ANON.jpg 6 0.7041 0 0 0 0 0 0 0 0 0 0 0 0 0 0 0 0 0 0 0 0 0.00815 0 0 0 0 0 0 0 0 0 0 0 0 0 0 0 0 0 0 0 0 0.28352 0 0 0 0 0 0 0 0 0 0 0 0 0 0 0 0 0 0 0 0 0.00424
53581769_573747ee33ef6e5a_MG_L_ML_ANON.jpg 1 0.67539 0 0 0 0 0 0 0 0 0 0 0 0 0 0 0 0 0 0 0 0 0.00378 0 0 0 0 0 0 0 0 0 0 0 0 0 0 0 0 0 0 0 0 0.23365 0 0 0 0 0 0 0 0 0 0 0 0 0 0 0 0 0 0 0 0 0.08718
53581796_573747ee33ef6e5a_MG_L_CC_ANON.jpg 1 0.77765 0 0 0 0 0 0 0 0 0 0 0 0 0 0 0 0 0 0 0 0 0.05101 0 0 0 0 0 0 0 0 0 0 0 0 0 0 0 0 0 0 0 0 0.17108 0 0 0 0 0 0 0 0 0 0 0 0 0 0 0 0 0 0 0 0 0.00025
53581860_21e6cc12630e5e9f_MG_L_ML_ANON.jpg 1 0.76086 0 0 0 0 0 0 0 0 0 0 0 0 0 0 0 0 0 0 0 0 0.23843 0 0 0 0 0 0 0 0 0 0 0 0 0 0 0 0 0 0 0 0 0.00059 0 0 0 0 0 0 0 0 0 0 0 0 0 0 0 0 0 0 0 0 0.00012
53581887_21e6cc12630e5e9f_MG_R_ML_ANON.jpg 2 0.71286 0 0 0 0 0 0 0 0 0 0 0 0 0 0 0 0 0 0 0 0 0.26122 0 0 0 0 0 0 0 0 0 0 0 0 0 0 0 0 0 0 0 0 0.02569 0 0 0 0 0 0 0 0 0 0 0 0 0 0 0 0 0 0 0 0 0.00023
53581914_21e6cc12630e5e9f_MG_L_CC_ANON.jpg 1 0.82737 0 0 0 0 0 0 0 0 0 0 0 0 0 0 0 0 0 0 0 0 0.01131 0 0 0 0 0 0 0 0 0 0 0 0 0 0 0 0 0 0 0 0 0.14929 0 0 0 0 0 0 0 0 0 0 0 0 0 0 0 0 0 0 0 0 0.01204
53581941_21e6cc12630e5e9f_MG_R_CC_ANON.jpg 2 0.78712 0 0 0 0 0 0 0 0 0 0 0 0 0 0 0 0 0 0 0 0 0.00751 0 0 0 0 0 0 0 0 0 0 0 0 0 0 0 0 0 0 0 0 0.18964 0 0 0 0 0 0 0 0 0 0 0 0 0 0 0 0 0 0 0 0 0.01573
53582304_8913a7e0cf3bd74e_MG_R_ML_ANON.jpg 1 0.5787 0 0 0 0 0 0 0 0 0 0 0 0 0 0 0 0 0 0 0 0 0.0103 0 0 0 0 0 0 0 0 0 0 0 0 0 0 0 0 0 0 0 0 0.36028 0 0 0 0 0 0 0 0 0 0 0 0 0 0 0 0 0 0 0 0 0.05072
53582331_8913a7e0cf3bd74e_MG_R_CC_ANON.jpg 1 0.68027 0 0 0 0 0 0 0 0 0 0 0 0 0 0 0 0 0 0 0 0 0.00449 0 0 0 0 0 0 0 0 0 0 0 0 0 0 0 0 0 0 0 0 0.2733 0 0 0 0 0 0 0 0 0 0 0 0 0 0 0 0 0 0 0 0 0.04194
53582395_3f0db31711fc9795_MG_L_ML_ANON.jpg 1 0.56723 0 0 0 0 0 0 0 0 0 0 0 0 0 0 0 0 0 0 0 0 0.06606 0 0 0 0 0 0 0 0 0 0 0 0 0 0 0 0 0 0 0 0 0.34613 0 0 0 0 0 0 0 0 0 0 0 0 0 0 0 0 0 0 0 0 0.02057
53582422_3f0db31711fc9795_MG_R_ML_ANON.jpg 2 0.6342 0 0 0 0 0 0 0 0 0 0 0 0 0 0 0 0 0 0 0 0 0.10731 0 0 0 0 0 0 0 0 0 0 0 0 0 0 0 0 0 0 0 0 0.25136 0 0 0 0 0 0 0 0 0 0 0 0 0 0 0 0 0 0 0 0 0.00712
53582449_3f0db31711fc9795_MG_L_CC_ANON.jpg 1 0.72703 0 0 0 0 0 0 0 0 0 0 0 0 0 0 0 0 0 0 0 0 0.01213 0 0 0 0 0 0 0 0 0 0 0 0 0 0 0 0 0 0 0 0 0.24272 0 0 0 0 0 0 0 0 0 0 0 0 0 0 0 0 0 0 0 0 0.01812
53582476_3f0db31711fc9795_MG_R_CC_ANON.jpg 2 0.75126 0 0 0 0 0 0 0 0 0 0 0 0 0 0 0 0 0 0 0 0 0.04069 0 0 0 0 0 0 0 0 0 0 0 0 0 0 0 0 0 0 0 0 0.20693 0 0 0 0 0 0 0 0 0 0 0 0 0 0 0 0 0 0 0 0 0.00113
53582540_3e73f1c0670cfb0a_MG_R_ML_ANON.jpg 1 0.66772 0 0 0 0 0 0 0 0 0 0 0 0 0 0 0 0 0 0 0 0 0.03261 0 0 0 0 0 0 0 0 0 0 0 0 0 0 0 0 0 0 0 0 0.26211 0 0 0 0 0 0 0 0 0 0 0 0 0 0 0 0 0 0 0 0 0.03756
53582567_3e73f1c0670cfb0a_MG_R_CC_ANON.jpg 1 0.78461 0 0 0 0 0 0 0 0 0 0 0 0 0 0 0 0 0 0 0 0 0.0058 0 0 0 0 0 0 0 0 0 0 0 0 0 0 0 0 0 0 0 0 0.20261 0 0 0 0 0 0 0 0 0 0 0 0 0 0 0 0 0 0 0 0 0.00698
53582656_465aa5ec1b59efc6_MG_L_ML_ANON.jpg 5 0.7927 0 0 0 0 0 0 0 0 0 0 0 0 0 0 0 0 0 0 0 0 0.18495 0 0 0 0 0 0 0 0 0 0 0 0 0 0 0 0 0 0 0 0 0.02209 0 0 0 0 0 0 0 0 0 0 0 0 0 0 0 0 0 0 0 0 0.00026
53582683_465aa5ec1b59efc6_MG_L_CC_ANON.jpg 5 0.77657 0 0 0 0 0 0 0 0 0 0 0 0 0 0 0 0 0 0 0 0 0.16386 0 0 0 0 0 0 0 0 0 0 0 0 0 0 0 0 0 0 0 0 0.05912 0 0 0 0 0 0 0 0 0 0 0 0 0 0 0 0 0 0 0 0 0.00045
53582710_465aa5ec1b59efc6_MG_R_ML_ANON.jpg 2 0.48581 0 0 0 0 0 0 0 0 0 0 0 0 0 0 0 0 0 0 0 0 0.34646 0 0 0 0 0 0 0 0 0 0 0 0 0 0 0 0 0 0 0 0 0.16751 0 0 0 0 0 0 0 0 0 0 0 0 0 0 0 0 0 0 0 0 0.00022
53582737_465aa5ec1b59efc6_MG_L_ML_ANON.jpg 2 0.69084 0 0 0 0 0 0 0 0 0 0 0 0 0 0 0 0 0 0 0 0 0.30481 0 0 0 0 0 0 0 0 0 0 0 0 0 0 0 0 0 0 0 0 0.00371 0 0 0 0 0 0 0 0 0 0 0 0 0 0 0 0 0 0 0 0 0.00064
53582764_465aa5ec1b59efc6_MG_R_ML_ANON.jpg 2 0.52573 0 0 0 0 0 0 0 0 0 0 0 0 0 0 0 0 0 0 0 0 0.40362 0 0 0 0 0 0 0 0 0 0 0 0 0 0 0 0 0 0 0 0 0.07052 0 0 0 0 0 0 0 0 0 0 0 0 0 0 0 0 0 0 0 0 0.00014
53582791_465aa5ec1b59efc6_MG_L_CC_ANON.jpg 2 0.70505 0 0 0 0 0 0 0 0 0 0 0 0 0 0 0 0 0 0 0 0 0.2915 0 0 0 0 0 0 0 0 0 0 0 0 0 0 0 0 0 0 0 0 0.00284 0 0 0 0 0 0 0 0 0 0 0 0 0 0 0 0 0 0 0 0 0.00061
53582818_465aa5ec1b59efc6_MG_R_CC_ANON.jpg 2 0.58719 0 0 0 0 0 0 0 0 0 0 0 0 0 0 0 0 0 0 0 0 0.37416 0 0 0 0 0 0 0 0 0 0 0 0 0 0 0 0 0 0 0 0 0.0385 0 0 0 0 0 0 0 0 0 0 0 0 0 0 0 0 0 0 0 0 0.00015
53586361_dda3c6969a34ff8e_MG_L_ML_ANON.jpg 1 0.70627 0 0 0 0 0 0 0 0 0 0 0 0 0 0 0 0 0 0 0 0 0.08234 0 0 0 0 0 0 0 0 0 0 0 0 0 0 0 0 0 0 0 0 0.20907 0 0 0 0 0 0 0 0 0 0 0 0 0 0 0 0 0 0 0 0 0.00231
53586388_dda3c6969a34ff8e_MG_R_ML_ANON.jpg 1 0.6026 0 0 0 0 0 0 0 0 0 0 0 0 0 0 0 0 0 0 0 0 0.03987 0 0 0 0 0 0 0 0 0 0 0 0 0 0 0 0 0 0 0 0 0.33932 0 0 0 0 0 0 0 0 0 0 0 0 0 0 0 0 0 0 0 0 0.01821
53586415_dda3c6969a34ff8e_MG_L_CC_ANON.jpg 1 0.78957 0 0 0 0 0 0 0 0 0 0 0 0 0 0 0 0 0 0 0 0 0.03258 0 0 0 0 0 0 0 0 0 0 0 0 0 0 0 0 0 0 0 0 0.17675 0 0 0 0 0 0 0 0 0 0 0 0 0 0 0 0 0 0 0 0 0.0011
53586442_dda3c6969a34ff8e_MG_R_CC_ANON.jpg 1 0.6481 0 0 0 0 0 0 0 0 0 0 0 0 0 0 0 0 0 0 0 0 0.03584 0 0 0 0 0 0 0 0 0 0 0 0 0 0 0 0 0 0 0 0 0.31526 0 0 0 0 0 0 0 0 0 0 0 0 0 0 0 0 0 0 0 0 0.00081
53586724_e5f3f68b9ce31228_MG_L_ML_ANON.jpg 2 0.54564 0 0 0 0 0 0 0 0 0 0 0 0 0 0 0 0 0 0 0 0 0.11642 0 0 0 0 0 0 0 0 0 0 0 0 0 0 0 0 0 0 0 0 0.33682 0 0 0 0 0 0 0 0 0 0 0 0 0 0 0 0 0 0 0 0 0.00112
53586751_e5f3f68b9ce31228_MG_R_ML_ANON.jpg 2 0.61629 0 0 0 0 0 0 0 0 0 0 0 0 0 0 0 0 0 0 0 0 0.38256 0 0 0 0 0 0 0 0 0 0 0 0 0 0 0 0 0 0 0 0 0.00089 0 0 0 0 0 0 0 0 0 0 0 0 0 0 0 0 0 0 0 0 0.00025
53586778_e5f3f68b9ce31228_MG_L_CC_ANON.jpg 2 0.64902 0 0 0 0 0 0 0 0 0 0 0 0 0 0 0 0 0 0 0 0 0.016 0 0 0 0 0 0 0 0 0 0 0 0 0 0 0 0 0 0 0 0 0.32314 0 0 0 0 0 0 0 0 0 0 0 0 0 0 0 0 0 0 0 0 0.01184
53586805_e5f3f68b9ce31228_MG_R_CC_ANON.jpg 2 0.66806 0 0 0 0 0 0 0 0 0 0 0 0 0 0 0 0 0 0 0 0 0.33118 0 0 0 0 0 0 0 0 0 0 0 0 0 0 0 0 0 0 0 0 0.00052 0 0 0 0 0 0 0 0 0 0 0 0 0 0 0 0 0 0 0 0 0.00023
53586869_6ac23356b912ee9b_MG_L_ML_ANON.jpg 2 0.50783 0 0 0 0 0 0 0 0 0 0 0 0 0 0 0 0 0 0 0 0 0.09959 0 0 0 0 0 0 0 0 0 0 0 0 0 0 0 0 0 0 0 0 0.39023 0 0 0 0 0 0 0 0 0 0 0 0 0 0 0 0 0 0 0 0 0.00235
53586896_6ac23356b912ee9b_MG_L_CC_ANON.jpg 2 0.56931 0 0 0 0 0 0 0 0 0 0 0 0 0 0 0 0 0 0 0 0 0.01204 0 0 0 0 0 0 0 0 0 0 0 0 0 0 0 0 0 0 0 0 0.40917 0 0 0 0 0 0 0 0 0 0 0 0 0 0 0 0 0 0 0 0 0.00949
53586960_809e3f43339f93c6_MG_L_ML_ANON.jpg 2 0.64653 0 0 0 0 0 0 0 0 0 0 0 0 0 0 0 0 0 0 0 0 0.13789 0 0 0 0 0 0 0 0 0 0 0 0 0 0 0 0 0 0 0 0 0.21505 0 0 0 0 0 0 0 0 0 0 0 0 0 0 0 0 0 0 0 0 0.00054
53586987_809e3f43339f93c6_MG_R_ML_ANON.jpg 2 0.57619 0 0 0 0 0 0 0 0 0 0 0 0 0 0 0 0 0 0 0 0 0.03547 0 0 0 0 0 0 0 0 0 0 0 0 0 0 0 0 0 0 0 0 0.36563 0 0 0 0 0 0 0 0 0 0 0 0 0 0 0 0 0 0 0 0 0.02271
53587014_809e3f43339f93c6_MG_L_CC_ANON.jpg 2 0.67461 0 0 0 0 0 0 0 0 0 0 0 0 0 0 0 0 0 0 0 0 0.12584 0 0 0 0 0 0 0 0 0 0 0 0 0 0 0 0 0 0 0 0 0.19953 0 0 0 0 0 0 0 0 0 0 0 0 0 0 0 0 0 0 0 0 0.00002
53587041_809e3f43339f93c6_MG_R_CC_ANON.jpg 2 0.58364 0 0 0 0 0 0 0 0 0 0 0 0 0 0 0 0 0 0 0 0 0.00441 0 0 0 0 0 0 0 0 0 0 0 0 0 0 0 0 0 0 0 0 0.30781 0 0 0 0 0 0 0 0 0 0 0 0 0 0 0 0 0 0 0 0 0.10414
53587104_7b71aa9928e6975e_MG_L_ML_ANON.jpg 2 0.67122 0 0 0 0 0 0 0 0 0 0 0 0 0 0 0 0 0 0 0 0 0.04674 0 0 0 0 0 0 0 0 0 0 0 0 0 0 0 0 0 0 0 0 0.27643 0 0 0 0 0 0 0 0 0 0 0 0 0 0 0 0 0 0 0 0 0.0056
53587131_7b71aa9928e6975e_MG_L_CC_ANON.jpg 2 0.70858 0 0 0 0 0 0 0 0 0 0 0 0 0 0 0 0 0 0 0 0 0.01661 0 0 0 0 0 0 0 0 0 0 0 0 0 0 0 0 0 0 0 0 0.2538 0 0 0 0 0 0 0 0 0 0 0 0 0 0 0 0 0 0 0 0 0.02101
53587427_d2befe622e188943_MG_L_ML_ANON.jpg 2 0.56155 0 0 0 0 0 0 0 0 0 0 0 0 0 0 0 0 0 0 0 0 0.09939 0 0 0 0 0 0 0 0 0 0 0 0 0 0 0 0 0 0 0 0 0.30678 0 0 0 0 0 0 0 0 0 0 0 0 0 0 0 0 0 0 0 0 0.03228
53587454_d2befe622e188943_MG_R_ML_ANON.jpg 2 0.49099 0 0 0 0 0 0 0 0 0 0 0 0 0 0 0 0 0 0 0 0 0.06723 0 0 0 0 0 0 0 0 0 0 0 0 0 0 0 0 0 0 0 0 0.42264 0 0 0 0 0 0 0 0 0 0 0 0 0 0 0 0 0 0 0 0 0.01915
53587481_d2befe622e188943_MG_L_CC_ANON.jpg 2 0.67995 0 0 0 0 0 0 0 0 0 0 0 0 0 0 0 0 0 0 0 0 0.06504 0 0 0 0 0 0 0 0 0 0 0 0 0 0 0 0 0 0 0 0 0.2469 0 0 0 0 0 0 0 0 0 0 0 0 0 0 0 0 0 0 0 0 0.00811
53587508_d2befe622e188943_MG_R_CC_ANON.jpg 2 0.59063 0 0 0 0 0 0 0 0 0 0 0 0 0 0 0 0 0 0 0 0 0.01448 0 0 0 0 0 0 0 0 0 0 0 0 0 0 0 0 0 0 0 0 0.35601 0 0 0 0 0 0 0 0 0 0 0 0 0 0 0 0 0 0 0 0 0.03889
53587572_11e6732579acf692_MG_L_ML_ANON.jpg 2 0.58419 0 0 0 0 0 0 0 0 0 0 0 0 0 0 0 0 0 0 0 0 0.31195 0 0 0 0 0 0 0 0 0 0 0 0 0 0 0 0 0 0 0 0 0.10375 0 0 0 0 0 0 0 0 0 0 0 0 0 0 0 0 0 0 0 0 0.00011
53587599_11e6732579acf692_MG_L_CC_ANON.jpg 2 0.61229 0 0 0 0 0 0 0 0 0 0 0 0 0 0 0 0 0 0 0 0 0.23922 0 0 0 0 0 0 0 0 0 0 0 0 0 0 0 0 0 0 0 0 0.14846 0 0 0 0 0 0 0 0 0 0 0 0 0 0 0 0 0 0 0 0 0.00004
53587663_5fb370d4c1c71974_MG_R_CC_ANON.jpg 2 0.73846 0 0 0 0 0 0 0 0 0 0 0 0 0 0 0 0 0 0 0 0 0.26124 0 0 0 0 0 0 0 0 0 0 0 0 0 0 0 0 0 0 0 0 0.00024 0 0 0 0 0 0 0 0 0 0 0 0 0 0 0 0 0 0 0 0 0.00006
53587690_5fb370d4c1c71974_MG_L_ML_ANON.jpg 1 0.62031 0 0 0 0 0 0 0 0 0 0 0 0 0 0 0 0 0 0 0 0 0.06968 0 0 0 0 0 0 0 0 0 0 0 0 0 0 0 0 0 0 0 0 0.30772 0 0 0 0 0 0 0 0 0 0 0 0 0 0 0 0 0 0 0 0 0.00229
53587717_5fb370d4c1c71974_MG_R_ML_ANON.jpg 2 0.70708 0 0 0 0 0 0 0 0 0 0 0 0 0 0 0 0 0 0 0 0 0.29123 0 0 0 0 0 0 0 0 0 0 0 0 0 0 0 0 0 0 0 0 0.00161 0 0 0 0 0 0 0 0 0 0 0 0 0 0 0 0 0 0 0 0 0.00008
53587744_5fb370d4c1c71974_MG_L_CC_ANON.jpg 1 0.67286 0 0 0 0 0 0 0 0 0 0 0 0 0 0 0 0 0 0 0 0 0.00366 0 0 0 0 0 0 0 0 0 0 0 0 0 0 0 0 0 0 0 0 0.31064 0 0 0 0 0 0 0 0 0 0 0 0 0 0 0 0 0 0 0 0 0.01285
