Precisão média por imagem
0.488
0.487
0.454
0.440
0.410
0.470
0.441
0.480
0.519
0.548
0.572
0.555
0.531
0.544
0.522
0.503
0.487
0.490
0.477
0.469
0.457
0.446
0.444
0.441
0.444
0.447
0.442
0.441
0.440
0.442
0.444
0.442
0.440
0.443
0.443
0.442
0.440
0.439
0.438
0.436
0.435
0.436
0.431
0.426
0.422
0.417
0.413
0.408
0.410
0.412
0.413
0.414
0.414
0.411
0.409
0.405
0.403
0.401
0.408
0.412
0.418
0.422
0.422
0.423
0.423
0.422
0.421
0.419
0.419
0.419
0.419
0.418
0.419
0.419
0.418
0.418
0.419
0.420
0.421
0.422
0.423
0.423
0.423
0.421
0.419
0.417
0.414
0.412
0.410
0.412
0.412
0.411
0.411
0.414
0.413
0.411
0.409
0.410
0.413
0.416
0.414
0.412
0.410
0.409
0.407
0.405
0.404
0.402
0.405
0.404
0.404
0.406
0.404
0.402
0.404
0.406
0.404
0.404
0.405
0.403
0.403
0.403
0.403
0.403
0.403
0.404
0.404
0.404
0.405
0.405
0.406
0.407
0.407
0.406
0.406
0.405
0.404
0.404
0.404
0.404
0.404
0.404
0.404
0.404
0.404
0.404
0.403
0.404
0.405
0.405
0.405
0.404
0.404
0.403
0.404
0.403
0.403
0.403
0.403
0.403
0.402
0.402
0.401
0.401
0.401
0.402
0.402
0.402
0.401
0.401
0.401
0.401
0.401
0.401
0.400
0.399
0.399
0.399
0.400
0.400
0.401
0.401
0.400
0.401
0.400
0.400
0.401
0.401
0.401
0.401
0.401
0.401
0.401
0.402
0.402
0.402
0.402
0.402
0.401
0.401
0.401
0.401
0.402
0.402
0.402
0.401
0.401
0.401
0.401
0.401
0.401
0.401
0.401
0.401
0.400
0.399
0.399
0.399
0.399
0.399
0.398
0.398
0.398
0.398
0.398
0.398
0.398
0.399
0.399
0.399
0.399
0.399
0.399
0.399
0.399
0.398
0.398
0.398
0.398
0.399
0.398
0.398
0.398
0.398
0.398
0.398
0.398
0.398
0.398
0.398
0.398
0.398
0.397
0.397
0.397
0.397
0.397
0.397
0.397
0.397
0.397
0.398
0.398
0.398
0.398
0.397
0.397
0.398
0.398
0.398
0.397
0.397
0.397
0.397
0.397
0.396
0.396
0.396
0.396
0.396
0.395
0.395
0.395
0.395
0.395
0.395
0.395
0.395
0.395
0.395
0.395
0.395
0.395
0.395
0.395
0.395
0.395
0.395
0.396
0.396
0.397
0.398
0.398
0.399
0.399
0.399
0.399
0.399
0.399
0.399
0.399
0.398
0.397
0.397
0.396
0.396
0.395
0.395
0.396
0.397
0.398
0.399
0.401
0.402
0.403
0.404
0.404
0.404
0.404
0.404
0.403
0.403
0.403
0.403
0.403
0.403
0.403
0.403
0.403
0.402
0.402
0.402
0.402
0.403
0.403
0.402
0.402
0.402
0.403
0.404
0.405
0.406
0.405
0.406
0.406
0.405
0.405
0.404
0.403
0.403
0.403
0.403
0.403
0.403
0.403
0.403
0.403
0.403
0.403
0.403
0.402
0.403
0.404
0.404
0.404
0.404
0.403
0.403
0.403
0.403
0.403
0.403
0.402
0.402
0.403
0.402
0.402
0.403
0.402
0.402
0.403
0.402
0.402
0.402
0.401
0.401
0.401
0.401
0.401
0.401
0.401
0.401
0.401
0.401
0.401
0.402
0.402
0.402
0.402
0.402
0.402
0.402
0.402
0.403
0.402
0.402
0.402
0.402
0.402
0.402
0.402
0.403
0.403
0.403
0.403
0.403
0.403
0.403
0.403
0.403
0.403
0.403
0.403
0.404
0.403
0.403
0.403
0.403
0.403
0.403
0.402
0.403
0.402
0.402
0.402
0.401
0.401
0.401
0.401
0.401
0.401
0.401
0.401
0.401
0.401
0.400
0.400
0.400
0.401
0.401
0.401
0.401
0.401
0.401
0.401
0.401
0.401
0.401
0.401
0.401
0.401
0.401
0.401
0.401
0.401
0.401
0.401
0.401
0.401
0.401
0.401
0.401
0.401
0.401
0.401
0.402
0.402
0.402
0.402
0.402
0.402
0.402
0.403
0.403
0.403
0.402
0.402
0.402
0.402
0.402
0.402
0.402
0.402
0.402
0.402
0.402
0.402
0.402
0.401
0.402
0.401
0.402
0.402
0.402
0.402
0.402
0.401
0.401
0.401
0.401
0.401
0.401
0.401
0.402
0.402
0.402
0.402
0.402
0.402
0.402
0.402
0.403
0.403
0.403
0.403
0.402
0.402
0.402
0.402
0.403
0.403
0.402
0.402
0.403
0.403
0.403
0.403
0.403
0.403
0.403
0.402
0.402
0.403
0.403
0.403
0.403
0.403
0.403
0.403
0.404
0.404
0.403
0.403
0.404
0.403
0.403
0.403
0.402
0.402
0.402
0.403
0.403
0.403
0.403
0.402
0.402
0.402
0.402
0.402
0.403
0.403
0.403
0.403
0.403
0.403
0.403
0.403
0.403
0.403
0.403
0.403
0.403
0.404
0.404
0.405
0.405
0.405
0.405
0.405
0.405
0.405
0.405
0.405
0.404
0.404
0.404
0.404
0.404
0.404
0.404
0.403
0.404
0.404
0.404
0.404
0.403
0.403
0.403
0.403
0.402
0.402
0.402
0.402
0.402
0.401
0.402
0.402
0.402
0.402
0.402
0.403
0.403
0.403
0.403
0.403
0.403
0.403
0.403
0.402
0.402
0.402
0.402
0.402
0.401
0.402
0.402
0.402
0.401
0.401
0.401
0.401
0.401
0.401
0.401
0.401
0.401
0.401
0.401
0.401
0.401
0.401
0.401
0.401
0.401
0.401
0.401
0.401
0.401
0.401
0.401
0.401
0.401
0.401
0.401
0.401
0.401
0.401
0.401
0.401
0.401
0.401
0.401
0.401
0.401
0.401
0.401
0.401
0.401
0.401
0.401
0.401
0.401
0.401
0.401
0.401
0.401
0.401
0.401
0.401
0.401
0.400
0.401
0.401
0.400
0.401
0.401
0.401
0.400
0.400
0.400
0.400
0.400
0.400
0.400
0.400
0.400
0.400
0.400
0.400
0.400
0.400
0.400
0.400
0.400
0.400
0.399
0.399
0.399
0.400
0.399
0.399
0.400
0.400
0.400
0.400
0.400
0.400
0.400
0.400
0.400
0.400
0.400
0.400
0.400
0.400
0.400
0.400
0.400
0.401
0.401
0.401
0.401
0.400
0.400
0.400
0.400
0.400
0.400
0.400
0.400
0.400
0.401
0.401
0.401
0.401
0.401
0.401
0.401
0.401
0.401
0.401
0.401
0.401
0.401
0.401
0.401
0.401
0.401
0.401
0.401
0.401
0.401
0.401
0.401
0.401
0.402
0.402
0.402
0.402
0.402
0.402
0.402
0.402
0.402
0.402
0.402
0.402
0.402
0.402
0.402
0.401
0.401
0.401
0.401
0.401
0.401
0.401
0.401
0.401
0.401
0.401
0.401
0.401
0.401
0.402
0.402
0.402
0.402
0.402
0.402
0.402
0.402
0.402
0.402
0.402
0.402
0.402
0.402
0.402
0.402
0.402
0.402
0.402
0.402
0.402
0.402
0.403
0.403
0.403
0.403
0.403
0.403
0.403
0.403
0.403
0.403
0.403
0.403
0.403
0.403
0.403
0.403
0.403
0.403
0.403
0.402
0.402
0.402
0.402
0.402
0.402
0.402
0.402
0.402
0.402
0.402
0.402
0.402
0.402
0.402
0.402
0.402
0.402
0.401
0.402
0.402
0.402
0.402
0.402
0.402
0.402
0.402
0.402
0.402
0.402
0.402
0.402
0.402
0.402
0.403
0.403
0.403
0.403
0.403
0.403
0.403
0.403
0.403
0.403
0.403
0.403
0.403
0.403
0.403
0.403
0.403
0.403
0.403
0.403
0.403
0.402
0.403
0.403
0.403
0.403
0.403
0.403
0.404
0.404
0.404
0.404
0.404
0.404
0.404
0.404
0.404
0.404
0.404
0.404
0.404
0.404
0.404
0.404
0.404
0.404
0.404
0.404
0.404
0.404
0.404
0.404
0.404
0.404
0.404
0.404
0.404
0.404
0.404
0.404
0.404
0.404
0.404
0.404
0.404
0.404
0.404
0.404
0.404
0.404
0.404
0.404
0.404
0.404
0.404
0.404
0.404
0.404
0.404
0.404
0.404
0.404
0.404
0.404
0.404
0.404
0.403
0.403
0.403
0.403
0.403
0.403
0.403
0.403
0.403
0.403
0.403
0.403
0.403
0.403
0.403
0.403
0.403
0.403
0.403
0.403
0.403
0.403
0.403
0.403
0.403
0.403
0.403
0.403
0.403
0.403
0.403
0.403
0.403
0.403
0.403
0.403
0.403
0.403
0.403
0.403
0.403
0.402
0.402
0.402
0.402
0.403
0.403
0.403
0.403
0.403
0.403
0.403
0.403
0.403
0.403
0.403
0.403
0.403
0.403
0.403
0.403
0.403
0.403
0.403
0.403
0.403
0.403
0.403
0.403
0.403
0.403
0.403
0.403
0.403
0.403
0.403
0.403
0.403
0.403
0.403
0.403
0.403
0.403
0.404
0.404
0.404
0.404
0.404
0.404
0.404
0.404
0.404
0.404
0.404
0.404
0.404
0.404
0.404
0.404
0.404
0.404
0.404
0.404
0.404
0.404
0.404
0.404
0.404
0.404
0.404
0.404
0.404
0.404
0.404
0.404
0.404
0.404
0.404
0.403
0.403
0.403
0.404
0.403
0.403
0.403
0.403
0.403
0.403
0.403
0.403
0.403
0.403
0.403
0.403
0.403
0.403
0.403
0.403
0.403
0.403
0.403
0.403
0.403
0.402
0.402
0.402
0.402
0.402
0.402
0.402
0.402
0.402
0.402
0.402
0.403
0.403
0.403
0.403
0.403
0.403
0.403
0.403
0.403
0.403
0.403
0.403
0.403
0.403
0.404
0.404
0.404
0.404
0.403
0.404
0.404
0.404
0.404
0.404
0.404
0.404
0.404
0.404
0.404
0.404
0.404
0.404
0.404
0.404
0.404
0.404
0.404
0.404
0.404
0.404
0.404
0.404
0.404
0.404
0.404
0.404
0.404
0.404
0.404
0.404
0.404
0.404
0.404
0.404
0.404
0.404
0.404
0.404
0.404
0.404
0.404
0.404
0.404
0.404
0.404
0.404
0.404
0.405
0.405
0.405
0.405
0.405
0.405
0.405
0.405
0.405
0.405
0.405
0.405
0.405
0.405
0.405
0.405
0.405
0.405
0.405
0.405
0.405
0.405
0.405
0.405
0.405
0.405
0.405
0.405
0.405
0.405
0.405
0.404
0.404
0.404
0.404
0.404
0.404
0.404
0.404
0.404
0.404
0.404
0.404
0.405
0.405
0.405
0.405
0.405
0.405
0.405
0.405
0.405
0.405
0.405
0.405
0.405
0.405
0.405
0.405
0.405
0.405
0.405
0.405
0.405
0.405
0.405
0.405
0.406
0.405
0.405
0.406
0.405
0.405
0.405
0.405
0.405
0.405
0.405
0.405
0.405
0.405
0.405
0.405
0.405
0.405
0.405
0.405
0.405
0.405
0.405
0.405
0.405
0.404
0.404
0.404
0.404
0.404
0.404
0.405
0.405
0.405
0.405
0.405
0.405
0.405
0.405
0.405
0.405
0.404
0.404
0.404
0.404
0.404
0.404
0.404
0.404
0.404
0.404
0.404
0.404
0.404
0.404
0.404
0.404
0.404
0.404
0.404
0.404
0.404
0.404
0.404
0.404
0.404
0.404
0.404
0.405
0.405
0.405
0.405
0.405
0.405
0.405
0.405
0.405
0.405
0.405
0.405
0.405
0.405
0.405
0.405
0.404
0.404
0.404
0.404
0.404
0.404
0.404
0.404
0.404
0.404
0.405
0.404
0.405
0.404
0.404
0.404
0.404
0.404
0.404
0.404
0.404
0.404
0.405
0.405
0.405
0.405
0.405
0.405
0.405
0.405
0.405
0.405
0.405
0.405
0.405
0.405
0.405
0.405
0.405
0.405
0.405
0.405
0.405
0.405
0.405
0.405
0.405
0.405
0.405
0.405
0.405
0.405
0.405
0.405
0.405
0.404
0.404
0.404
0.404
0.404
0.404
0.404
0.404
0.405
0.405
0.405
0.405
0.405
0.405
0.405
0.405
0.405
0.405
0.405
0.405
0.405
0.405
0.405
0.405
0.405
0.405
0.406
0.406
0.406
0.406
0.406
0.406
0.405
0.406
0.405
0.405
0.405
0.405
0.405
0.405
0.405
0.405
0.404
0.404
0.404
0.404
0.404
0.404
0.404
0.404
0.404
0.404
0.404
0.404
0.404
0.404
0.404
0.404
0.404
0.404
0.404
0.404
0.404
0.404
0.404
0.404
0.404
0.404
0.404
0.404
0.404
0.404
0.404
0.404
0.404
0.404
0.404
0.404
0.404
0.404
0.404
0.404
0.404
0.404
0.404
0.404
0.404
0.404
0.404
0.404
0.404
0.404
0.404
0.404
0.404
0.404
0.404
0.404
0.405
0.405
0.405
0.405
0.405
0.405
0.405
0.405
0.405
0.405
0.405
0.405
0.405
0.405
0.405
0.405
0.405
0.405
0.405
0.405
0.405
0.405
0.405
0.405
0.405
0.405
0.405
0.405
0.405
0.405
0.406
0.406
0.406
0.406
0.406
0.406
0.406
0.406
0.406
0.406
0.406
0.406
0.406
0.406
0.406
0.406