Precisão média por imagem
0.565
0.524
0.470
0.445
0.437
0.431
0.426
0.436
0.443
0.453
0.454
0.455
0.453
0.453
0.453
0.458
0.461
0.464
0.466
0.464
0.466
0.471
0.471
0.471
0.470
0.469
0.469
0.469
0.469
0.473
0.473
0.474
0.479
0.481
0.481
0.484
0.486
0.485
0.486
0.485
0.481
0.484
0.484
0.485
0.485
0.486
0.484
0.484
0.482
0.482
0.481
0.479
0.477
0.477
0.475
0.474
0.475
0.474
0.474
0.474
0.475
0.475
0.474
0.473
0.472
0.473
0.473
0.473
0.473
0.472
0.472
0.471
0.470
0.472
0.470
0.469
0.469
0.469
0.469
0.469
0.469
0.468
0.468
0.468
0.468
0.468
0.468
0.467
0.467
0.467
0.466
0.466
0.465
0.465
0.465
0.465
0.467
0.468
0.468
0.469
0.468
0.469
0.469
0.468
0.468
0.470
0.470
0.471
0.470
0.470
0.470
0.469
0.471
0.470
0.470
0.470
0.469
0.470
0.469
0.468
0.469
0.469
0.469
0.469
0.468
0.470
0.472
0.474
0.476
0.475
0.477
0.478
0.477
0.479
0.478
0.478
0.478
0.478
0.478
0.478
0.477
0.477
0.476
0.476
0.476
0.476
0.476
0.476
0.476
0.476
0.476
0.475
0.475
0.475
0.475
0.475
0.475
0.475
0.475
0.476
0.476
0.475
0.475
0.475
0.475
0.475
0.476
0.476
0.476
0.475
0.475
0.475
0.474
0.474
0.474
0.474
0.474
0.474
0.473
0.473
0.473
0.473
0.473
0.473
0.473
0.474
0.474
0.475
0.474
0.474
0.474
0.475
0.475
0.475
0.475
0.475
0.476
0.476
0.476
0.476
0.476
0.476
0.476
0.477
0.477
0.477
0.477
0.477
0.477
0.476
0.477
0.477
0.478
0.477
0.478
0.478
0.479
0.479
0.478
0.480
0.480
0.481
0.481
0.481
0.481
0.481
0.482
0.482
0.482
0.482
0.482
0.482
0.482
0.482
0.482
0.482
0.482
0.481
0.481
0.482
0.482
0.482
0.482
0.483
0.483
0.483
0.484
0.484
0.484
0.484
0.485
0.485
0.485
0.485
0.485
0.484
0.485
0.485
0.485
0.485
0.484
0.484
0.484
0.484
0.484
0.483
0.484
0.484
0.484
0.484
0.484
0.485
0.485
0.485
0.485
0.485
0.485
0.485
0.486
0.486
0.487
0.487
0.487
0.487
0.487
0.486
0.486
0.486
0.486
0.486
0.486
0.486
0.486
0.485
0.485
0.485
0.485
0.485
0.485
0.485
0.485
0.484
0.484
0.484
0.484
0.484
0.484
0.484
0.484
0.484
0.484
0.483
0.484
0.484
0.484
0.484
0.484
0.484
0.484
0.484
0.485
0.485
0.485
0.485
0.485
0.485
0.486
0.486
0.486
0.486
0.486
0.485
0.485
0.485
0.485
0.485
0.485
0.485
0.485
0.485
0.485
0.485
0.485
0.485
0.485
0.485
0.486
0.485
0.485
0.486
0.485
0.485
0.485
0.485
0.485
0.485
0.485
0.485
0.484
0.485
0.484
0.485
0.484
0.484
0.484
0.484
0.484
0.484
0.484
0.484
0.484
0.484
0.484
0.484
0.484
0.484
0.484
0.484
0.484
0.484
0.484
0.484
0.484
0.484
0.485
0.485
0.485
0.485
0.485
0.485
0.485
0.485
0.484
0.484
0.484
0.484
0.484
0.484
0.485
0.485
0.485
0.485
0.486
0.486
0.485
0.485
0.485
0.485
0.485
0.485
0.485
0.485
0.485
0.486
0.486
0.487
0.487
0.487
0.487
0.487
0.487
0.486
0.486
0.486
0.486
0.486
0.486
0.486
0.486
0.486
0.486
0.486
0.486
0.486
0.486
0.486
0.486
0.486
0.486
0.487
0.487
0.487
0.487
0.486
0.486
0.486
0.486
0.486
0.486
0.486
0.486
0.486
0.486
0.486
0.486
0.486
0.486
0.486
0.486
0.486
0.486
0.486
0.485
0.485
0.485
0.485
0.485
0.485
0.485
0.485
0.485
0.486
0.486
0.486
0.486
0.486
0.486
0.487
0.487
0.487
0.487
0.487
0.486
0.487
0.486
0.486
0.486
0.486
0.486
0.486
0.486
0.486
0.486
0.486
0.486
0.487
0.486
0.486
0.486
0.486
0.486
0.486
0.486
0.486
0.486
0.486
0.486
0.486
0.486
0.487
0.486
0.486
0.487
0.487
0.487
0.487
0.487
0.487
0.487
0.487
0.487
0.487
0.487
0.487
0.487
0.487
0.488
0.488
0.488
0.488
0.487
0.487
0.487
0.487
0.487
0.487
0.487
0.487
0.487
0.487
0.487
0.487
0.487
0.487
0.487
0.487
0.487
0.487
0.487
0.487
0.487
0.487
0.488
0.487
0.488
0.488
0.488
0.488
0.488
0.488
0.488
0.489
0.489
0.489
0.489
0.489
0.489
0.489
0.489
0.489
0.489
0.489
0.489
0.490
0.490
0.490
0.490
0.490
0.490
0.490
0.490
0.490
0.490
0.490
0.490
0.490
0.490
0.490
0.490
0.490
0.491
0.490
0.490
0.490
0.490
0.490
0.490
0.490
0.490
0.490
0.490
0.490
0.490
0.489
0.490
0.490
0.490
0.489
0.490
0.489
0.489
0.490
0.490
0.490
0.490
0.490
0.490
0.490
0.490
0.490
0.490
0.491
0.491
0.491
0.491
0.491
0.491
0.491
0.491
0.491
0.491
0.492
0.492
0.491
0.491
0.491
0.491
0.492
0.492
0.491
0.491
0.491
0.491
0.491
0.491
0.491
0.491
0.491
0.491
0.491
0.491
0.491
0.491
0.491
0.492
0.491
0.491
0.492
0.492
0.491
0.491
0.491
0.492
0.492
0.491
0.491
0.491
0.491
0.491
0.491
0.491
0.491
0.492
0.491
0.491
0.491
0.491
0.491
0.491
0.491
0.491
0.491
0.491
0.491
0.491
0.491
0.491
0.491
0.491
0.492
0.492
0.492
0.492
0.492
0.492
0.492
0.492
0.493
0.493
0.493
0.493
0.493
0.493
0.493
0.493
0.493
0.492
0.492
0.493
0.493
0.492
0.492
0.492
0.492
0.492
0.492
0.492
0.492
0.492
0.492
0.492
0.492
0.492
0.492
0.492
0.492
0.492
0.492
0.492
0.492
0.492
0.492
0.492
0.492
0.492
0.492
0.492
0.492
0.492
0.492
0.492
0.492
0.492
0.492
0.492
0.492
0.492
0.492
0.492
0.492
0.492
0.492
0.492
0.492
0.492
0.492
0.492
0.492
0.492
0.492
0.491
0.491
0.491
0.491
0.491
0.491
0.491
0.491
0.491
0.491
0.491
0.491
0.491
0.491
0.491
0.492
0.492
0.492
0.492
0.491
0.492
0.492
0.492
0.492
0.492
0.492
0.492
0.492
0.492
0.492
0.492
0.492
0.492
0.492
0.492
0.492
0.492
0.492
0.492
0.492
0.492
0.492
0.492
0.492
0.492
0.492
0.492
0.492
0.492
0.492
0.492
0.492
0.492
0.492
0.492
0.492
0.492
0.492
0.492
0.492
0.492
0.492
0.492
0.492
0.492
0.492
0.492
0.492
0.492
0.492
0.492
0.492
0.492
0.492
0.492
0.492
0.492
0.492
0.492
0.492
0.493
0.492
0.493
0.493
0.493
0.493
0.493
0.492
0.492
0.493
0.493
0.493
0.493
0.493
0.493
0.493
0.493
0.493
0.493
0.493
0.493
0.493
0.493
0.493
0.493
0.493
0.493
0.493
0.493
0.493
0.493
0.493
0.493
0.493
0.493
0.492
0.492
0.492
0.492
0.493
0.492
0.493
0.493
0.493
0.493
0.493
0.493
0.493
0.493
0.493
0.493
0.493
0.493
0.493
0.493
0.493
0.493
0.493
0.493
0.493
0.493
0.493
0.493
0.493
0.493
0.493
0.493
0.493
0.493
0.493
0.493
0.493
0.493
0.493
0.493
0.493
0.493
0.493
0.493
0.493
0.493
0.493
0.493
0.492
0.493
0.493
0.493
0.493
0.493
0.493
0.493
0.493
0.493
0.493
0.493
0.493
0.493
0.493
0.493
0.493
0.493
0.493
0.493
0.493
0.493
0.493
0.494
0.493
0.493
0.494
0.494
0.494
0.494
0.494
0.494
0.494
0.494
0.494
0.494
0.494
0.494
0.494
0.494
0.494
0.494
0.494
0.494
0.494
0.494
0.494
0.494
0.494
0.494
0.494
0.494
0.494
0.494
0.494
0.494
0.494
0.494
0.494
0.494
0.494
0.494
0.494
0.494
0.494
0.494
0.494
0.494
0.494
0.494
0.494
0.494
0.494
0.494
0.494
0.494
0.494
0.494
0.495
0.495
0.495
0.495
0.495
0.495
0.495
0.494
0.494
0.494
0.495
0.494
0.494
0.494
0.494
0.494
0.494
0.494
0.495
0.495
0.495
0.495
0.495
0.495
0.495
0.495
0.495
0.495
0.495
0.495
0.495
0.495
0.495
0.495
0.495
0.495
0.495
0.495
0.495
0.495
0.495
0.495
0.495
0.495
0.495
0.495
0.495
0.495
0.495
0.495
0.495
0.495
0.495
0.495
0.495
0.495
0.495
0.495
0.495
0.495
0.495
0.495
0.495
0.495
0.495
0.495
0.495
0.495
0.495
0.495
0.495
0.495
0.495
0.495
0.495
0.495
0.495
0.495
0.495
0.495
0.495
0.495
0.495
0.495
0.495
0.495
0.495
0.495
0.495
0.495
0.495
0.495
0.495
0.495
0.495
0.495
0.495
0.495
0.495
0.495
0.495
0.495
0.495
0.495
0.495
0.495
0.495
0.495
0.495
0.495
0.495
0.495
0.495
0.495
0.495
0.495
0.495
0.495
0.495
0.495
0.495
0.495
0.495
0.495
0.495
0.495
0.495
0.495
0.495
0.495
0.495
0.495
0.495
0.495
0.495
0.495
0.495
0.495
0.495
0.495
0.494
0.494
0.494
0.494
0.494
0.494
0.494
0.494
0.494
0.494
0.494
0.494
0.494
0.494
0.494
0.494
0.494
0.494
0.494
0.494
0.494
0.494
0.494
0.494
0.494
0.494
0.494
0.495
0.495
0.495
0.495
0.495
0.495
0.495
0.495
0.495
0.495
0.495
0.495
0.495
0.495
0.495
0.495
0.495
0.495
0.495
0.495
0.495
0.495
0.495
0.495
0.495
0.495
0.495
0.495
0.495
0.495
0.495
0.495
0.495
0.495
0.495
0.495
0.495
0.495
0.495
0.495
0.495
0.495
0.495
0.495
0.495
0.495
0.495
0.494
0.495
0.494
0.494
0.494
0.494
0.494
0.494
0.494
0.494
0.494
0.494
0.494
0.494
0.494
0.494
0.494
0.494
0.494
0.494
0.494
0.494
0.494
0.494
0.494
0.494
0.494
0.494
0.494
0.494
0.494
0.495
0.495
0.495
0.495
0.495
0.495
0.495
0.495
0.495
0.495
0.495
0.495
0.495
0.495
0.495
0.495
0.495
0.495
0.495
0.495
0.495
0.495
0.495
0.495
0.495
0.495
0.495
0.495
0.495
0.495
0.495
0.495
0.495
0.495
0.495
0.495
0.495
0.495
0.495
0.495
0.495
0.494
0.494
0.494
0.494
0.494
0.494
0.494
0.494
0.494
0.494
0.494
0.494
0.494
0.494
0.494
0.494
0.494
0.494
0.494
0.494
0.494
0.494
0.494
0.494
0.494
0.494
0.494
0.494
0.495
0.495
0.495