20586908_6c613a14b80a8591_MG_R_CC_ANON.jpg 2 0.000024 0.000292 0.000062 0.2426 0.000046 0.006017 0.970108 0.000224 0.000288 0 0.000112 -0.000035 0.000061
20586934_6c613a14b80a8591_MG_L_CC_ANON.jpg 5 0.000021 0.000337 0.000046 0.242612 0.000036 0.004534 0.970113 0.000148 0.000184 0 0.000069 -0.000028 0.000045
20586960_6c613a14b80a8591_MG_R_ML_ANON.jpg 2 0.000017 0.00036 0.000052 0.242616 0.000037 0.006023 0.970104 0.000209 0.000271 0 0.000103 -0.000029 0.000052
20586986_6c613a14b80a8591_MG_L_ML_ANON.jpg 5 0.000049 0.000417 0.00012 0.242626 0.000094 0.008064 0.970086 0.000413 0.000513 0 0.000188 -0.000073 0.000119
20587054_b6a4f750c6df4f90_MG_R_CC_ANON.jpg 4 0.000033 0.000268 0.00007 0.242595 0.000055 0.005485 0.970112 0.000223 0.000279 0 0.000107 -0.000042 0.000069
20587080_b6a4f750c6df4f90_MG_R_ML_ANON.jpg 4 0.000012 0.000322 0.000039 0.242608 0.000027 0.005338 0.97011 0.000169 0.00022 0 0.000084 -0.000022 0.000039
20587148_fd746d25eb40b3dc_MG_R_CC_ANON.jpg 2 0.000074 0.000286 0.000112 0.2426 0.000098 0.004956 0.970114 0.000218 0.000271 0 0.000116 -0.00007 0.000106
20587174_fd746d25eb40b3dc_MG_L_CC_ANON.jpg 2 0.000094 0.000548 0.000139 0.242661 0.000126 0.005338 0.970096 0.00025 0.000298 0 0.000116 -0.000094 0.000131
20587200_fd746d25eb40b3dc_MG_R_ML_ANON.jpg 2 0.00004 0.000282 0.000084 0.242597 0.000067 0.006016 0.970108 0.000259 0.000326 0 0.000128 -0.00005 0.000083
20587226_fd746d25eb40b3dc_MG_L_ML_ANON.jpg 2 0.000057 0.000279 0.000107 0.242597 0.000089 0.006099 0.970108 0.000284 0.000355 0 0.000142 -0.000065 0.000104
20587294_e634830794f5c1bd_MG_R_CC_ANON.jpg 2 0.000011 0.000308 0.000029 0.242606 0.000021 0.004231 0.970116 0.000104 0.000141 0 0.000061 -0.000014 0.000029
20587320_e634830794f5c1bd_MG_L_CC_ANON.jpg 2 0.000016 0.00043 0.000049 0.242633 0.000036 0.005887 0.9701 0.000176 0.000225 0 0.000086 -0.000027 0.000048
20587346_e634830794f5c1bd_MG_R_ML_ANON.jpg 2 0.000009 0.000339 0.000033 0.242612 0.000022 0.005321 0.970109 0.000143 0.000192 0 0.000077 -0.000017 0.000033
20587372_e634830794f5c1bd_MG_L_ML_ANON.jpg 2 0.000009 0.000366 0.000042 0.242616 0.000026 0.006723 0.970099 0.00019 0.000255 0 0.000099 -0.00002 0.000042
20587466_d571b5880ad2a016_MG_L_CC_ANON.jpg 2 0.000043 0.000503 0.000063 0.242653 0.000057 0.003419 0.970107 0.000123 0.000147 0 0.000056 -0.000043 0.00006
20587492_d571b5880ad2a016_MG_R_ML_ANON.jpg 2 0.000039 0.000273 0.00006 0.242598 0.000052 0.003651 0.97012 0.000136 0.000172 0 0.000073 -0.000037 0.000058
20587518_d571b5880ad2a016_MG_L_ML_ANON.jpg 2 0.000031 0.000262 0.000053 0.242596 0.000044 0.003851 0.97012 0.00014 0.000176 0 0.000071 -0.000033 0.000051
20587544_d571b5880ad2a016_MG_R_CC_ANON.jpg 2 0.000052 0.000251 0.000072 0.242593 0.000064 0.003396 0.970122 0.000129 0.000161 0 0.000069 -0.000046 0.000067
20587612_f4b2d377f43ba0bd_MG_R_CC_ANON.jpg 5 0.000031 0.000307 0.000078 0.242603 0.000059 0.006553 0.970103 0.000251 0.000326 0 0.000133 -0.000042 0.000076
20587638_f4b2d377f43ba0bd_MG_L_CC_ANON.jpg 2 0.000024 0.000356 0.00006 0.242615 0.000048 0.005725 0.970106 0.000192 0.000239 0 0.000089 -0.000036 0.000059
20587664_f4b2d377f43ba0bd_MG_R_ML_ANON.jpg 5 0.000022 0.000397 0.000062 0.242624 0.000044 0.006397 0.970099 0.000227 0.000298 0 0.00012 -0.000033 0.000061
20587690_f4b2d377f43ba0bd_MG_L_ML_ANON.jpg 2 0.000028 0.000458 0.000086 0.242636 0.000063 0.007785 0.970086 0.000325 0.000419 0 0.000161 -0.000048 0.000085
20587758_81cd83d2f4d78528_MG_L_CC_ANON.jpg 3 0.000018 0.000243 0.000046 0.24259 0.000034 0.005006 0.970116 0.000169 0.000215 0 0.000081 -0.000027 0.000045
20587784_81cd83d2f4d78528_MG_R_ML_ANON.jpg 3 0.000014 0.000276 0.000038 0.242597 0.000027 0.004956 0.970114 0.000154 0.000199 0 0.000076 -0.000022 0.000038
20587810_81cd83d2f4d78528_MG_L_ML_ANON.jpg 3 0.000012 0.000302 0.00004 0.242603 0.000027 0.005675 0.970109 0.00018 0.000233 0 0.000086 -0.000022 0.00004
20587836_81cd83d2f4d78528_MG_R_CC_ANON.jpg 3 0.00002 0.000254 0.000042 0.242593 0.000033 0.004207 0.970119 0.000134 0.000172 0 0.00007 -0.000024 0.000041
20587902_8dbbd4e51f549ff0_MG_R_CC_ANON.jpg 3 0.00003 0.000304 0.000051 0.242605 0.000042 0.003762 0.970118 0.000134 0.00017 0 0.000072 -0.00003 0.000049
20587928_8dbbd4e51f549ff0_MG_R_ML_ANON.jpg 3 0.000023 0.000273 0.000052 0.242597 0.00004 0.004811 0.970115 0.000182 0.000229 0 0.000087 -0.000032 0.000051
20587994_024ee3569b2605dc_MG_R_CC_ANON.jpg 6 0.000021 0.000277 0.000053 0.242597 0.000039 0.005545 0.970111 0.000191 0.000247 0 0.000097 -0.00003 0.000053
20588020_024ee3569b2605dc_MG_L_CC_ANON.jpg 2 0.000013 0.000425 0.000035 0.242633 0.000026 0.004684 0.970107 0.000132 0.000166 0 0.00006 -0.000021 0.000035
20588046_024ee3569b2605dc_MG_R_ML_ANON.jpg 6 0.00001 0.000346 0.000039 0.242613 0.000025 0.005984 0.970105 0.000181 0.000238 0 0.00009 -0.00002 0.000038
20588072_024ee3569b2605dc_MG_L_ML_ANON.jpg 2 0.00001 0.00032 0.000037 0.242607 0.000024 0.005667 0.970108 0.000166 0.000219 0 0.000084 -0.000019 0.000037
20588138_8d0b9620c53c0268_MG_R_ML_ANON.jpg 1 0.000011 0.000295 0.000036 0.242602 0.000025 0.005106 0.970112 0.000154 0.0002 0 0.000076 -0.00002 0.000036
20588164_8d0b9620c53c0268_MG_R_CC_ANON.jpg 1 0.000021 0.000272 0.000046 0.242597 0.000035 0.004575 0.970116 0.000152 0.000196 0 0.000078 -0.000026 0.000045
20588190_8d0b9620c53c0268_MG_L_CC_ANON.jpg 4 0.000017 0.000478 0.000035 0.242646 0.000028 0.003809 0.970107 0.000112 0.000141 0 0.000055 -0.000021 0.000034
20588216_8d0b9620c53c0268_MG_L_ML_ANON.jpg 4 0.000011 0.000307 0.000035 0.242605 0.000024 0.004938 0.970113 0.000146 0.000191 0 0.000074 -0.000019 0.000034
20588308_493155e17143edef_MG_L_ML_ANON.jpg 3 0.000024 0.000234 0.000044 0.242589 0.000036 0.003891 0.970121 0.000129 0.000164 0 0.000066 -0.000027 0.000044
20588334_493155e17143edef_MG_L_CC_ANON.jpg 3 0.000033 0.000245 0.00005 0.242592 0.000043 0.003258 0.970123 0.000106 0.000135 0 0.000059 -0.00003 0.000048
20588458_bf1a6aaadb05e3df_MG_R_CC_ANON.jpg 2 0.000017 0.00028 0.000042 0.242599 0.000031 0.004701 0.970115 0.000149 0.000193 0 0.000077 -0.000023 0.000041
20588510_bf1a6aaadb05e3df_MG_R_ML_ANON.jpg 2 0.000009 0.000348 0.000036 0.242614 0.000023 0.005653 0.970106 0.000169 0.000222 0 0.000084 -0.000019 0.000036
20588536_bf1a6aaadb05e3df_MG_L_ML_ANON.jpg 5 0.000011 0.000384 0.000041 0.242622 0.000027 0.006017 0.970102 0.000199 0.000259 0 0.000095 -0.000023 0.000041
20588562_bf1a6aaadb05e3df_MG_L_CC_ANON.jpg 5 0.000012 0.000334 0.00004 0.242611 0.000027 0.005483 0.970108 0.000179 0.000233 0 0.000087 -0.000022 0.00004
20588654_036aff49b8ac84f0_MG_R_ML_ANON.jpg 2 0.000031 0.000398 0.000073 0.242625 0.000056 0.006008 0.970101 0.00025 0.000319 0 0.000125 -0.000042 0.000072
20588680_036aff49b8ac84f0_MG_L_ML_ANON.jpg 3 0.00003 0.000436 0.000081 0.242632 0.00006 0.006913 0.970093 0.000299 0.000381 0 0.000144 -0.000047 0.00008
22427682_d713ef5849f98b6c_MG_R_CC_ANON.jpg 2 0.000025 0.000473 0.000058 0.242643 0.000043 0.005407 0.9701 0.000191 0.000256 0 0.000111 -0.00003 0.000057
22427705_d713ef5849f98b6c_MG_L_CC_ANON.jpg 5 0.000021 0.000423 0.000041 0.242633 0.000033 0.003828 0.97011 0.000116 0.000147 0 0.00006 -0.000024 0.00004
22427728_d713ef5849f98b6c_MG_R_ML_ANON.jpg 2 0.000018 0.000677 0.000058 0.24269 0.000038 0.006569 0.970081 0.000245 0.000327 0 0.000131 -0.000029 0.000057
22427751_d713ef5849f98b6c_MG_L_ML_ANON.jpg 5 0.000034 0.000644 0.000089 0.242681 0.000065 0.007166 0.970079 0.000328 0.000427 0 0.000171 -0.000049 0.000088
22427840_bbd6a3a35438c11b_MG_R_CC_ANON.jpg 5 0.000049 0.000391 0.000078 0.242625 0.000066 0.004325 0.97011 0.000174 0.000224 0 0.000099 -0.000045 0.000074
22427864_bbd6a3a35438c11b_MG_L_CC_ANON.jpg 2 0.000019 0.000403 0.000038 0.242629 0.000029 0.003915 0.970111 0.000115 0.000154 0 0.000068 -0.00002 0.000037
22579730_bbd6a3a35438c11b_MG_R_ML_ANON.jpg 5 0.00003 0.000394 0.000067 0.242625 0.000052 0.005567 0.970104 0.000224 0.000289 0 0.000118 -0.000038 0.000066
22579754_bbd6a3a35438c11b_MG_L_ML_ANON.jpg 2 0.000021 0.000452 0.000054 0.242638 0.000039 0.005555 0.970101 0.000203 0.000266 0 0.000107 -0.000029 0.000053
22579847_301f1776aebbf5d2_MG_R_CC_ANON.jpg 2 0.000021 0.000412 0.00004 0.242631 0.000031 0.003857 0.970111 0.000121 0.00016 0 0.00007 -0.000022 0.000039
22579870_301f1776aebbf5d2_MG_L_CC_ANON.jpg 4 0.000028 0.000342 0.000052 0.242614 0.000043 0.004214 0.970114 0.000149 0.000184 0 0.000071 -0.000033 0.000051
22579893_301f1776aebbf5d2_MG_R_ML_ANON.jpg 2 0.000015 0.000485 0.00004 0.242647 0.000028 0.004934 0.970102 0.000158 0.000211 0 0.000086 -0.000021 0.000039
22579916_301f1776aebbf5d2_MG_L_ML_ANON.jpg 4 0.000025 0.000479 0.000062 0.242644 0.000046 0.005661 0.970099 0.00023 0.000298 0 0.000119 -0.000035 0.000061
22580015_6200187f3f1ccc18_MG_R_CC_ANON.jpg 2 0.000051 0.000415 0.000112 0.242627 0.000089 0.007184 0.970093 0.000325 0.000418 0 0.000174 -0.000062 0.000109
22580038_6200187f3f1ccc18_MG_L_CC_ANON.jpg 5 0.000036 0.000437 0.000081 0.242634 0.000065 0.00624 0.970098 0.000251 0.00031 0 0.000115 -0.000049 0.000079
22580068_6200187f3f1ccc18_MG_R_ML_ANON.jpg 2 0.000039 0.000471 0.000107 0.242638 0.000079 0.008122 0.970082 0.000387 0.000498 0 0.000195 -0.00006 0.000106
22580098_6200187f3f1ccc18_MG_L_ML_ANON.jpg 5 0.000029 0.000533 0.000084 0.242654 0.00006 0.007547 0.970083 0.000319 0.000419 0 0.000168 -0.000044 0.000083
22580192_5530d5782fc89dd7_MG_R_CC_ANON.jpg 3 0.000015 0.000423 0.000038 0.242633 0.000027 0.004628 0.970107 0.000133 0.000181 0 0.000079 -0.000019 0.000037
22580218_5530d5782fc89dd7_MG_L_CC_ANON.jpg 1 0.000015 0.000434 0.000038 0.242635 0.000027 0.004548 0.970107 0.000132 0.000179 0 0.000078 -0.000019 0.000037
22580244_5530d5782fc89dd7_MG_R_ML_ANON.jpg 3 0.00001 0.000522 0.000034 0.242655 0.000022 0.005302 0.970098 0.000155 0.00021 0 0.000085 -0.000017 0.000034
22580270_5530d5782fc89dd7_MG_L_ML_ANON.jpg 1 0.000011 0.000515 0.000036 0.242653 0.000023 0.005268 0.970099 0.000158 0.000213 0 0.000086 -0.000018 0.000036
22580341_5eae9beae14d26fd_MG_R_CC_ANON.jpg 2 0.000029 0.000284 0.000049 0.242601 0.000041 0.003768 0.970119 0.00013 0.000167 0 0.00007 -0.000029 0.000048
22580367_5eae9beae14d26fd_MG_L_CC_ANON.jpg 2 0.00003 0.000488 0.000054 0.242649 0.000045 0.004037 0.970106 0.000147 0.000184 0 0.000073 -0.000034 0.000053
22580393_5eae9beae14d26fd_MG_R_ML_ANON.jpg 2 0.000021 0.000254 0.000042 0.242593 0.000033 0.004124 0.970119 0.000136 0.000174 0 0.00007 -0.000025 0.000042
22580419_5eae9beae14d26fd_MG_L_ML_ANON.jpg 2 0.000018 0.000272 0.000041 0.242597 0.000031 0.004357 0.970117 0.000142 0.000182 0 0.000073 -0.000024 0.000041
22580492_2a5b932da4ce5ca1_MG_R_CC_ANON.jpg 2 0.000025 0.000275 0.000047 0.242598 0.000038 0.003964 0.970119 0.000128 0.000166 0 0.00007 -0.000027 0.000045
22580520_2a5b932da4ce5ca1_MG_L_CC_ANON.jpg 5 0.000026 0.000391 0.00005 0.242626 0.000041 0.004121 0.970111 0.000148 0.000182 0 0.000067 -0.000032 0.000049
22580548_2a5b932da4ce5ca1_MG_R_ML_ANON.jpg 2 0.000015 0.000305 0.000039 0.242605 0.000028 0.004711 0.970114 0.000148 0.000193 0 0.000076 -0.000022 0.000038
22580576_2a5b932da4ce5ca1_MG_L_ML_ANON.jpg 5 0.000018 0.000282 0.000046 0.242599 0.000034 0.005139 0.970113 0.000179 0.000229 0 0.000087 -0.000027 0.000046
22580654_fe7d005dcbbfb46d_MG_R_CC_ANON.jpg 5 0.00003 0.000401 0.000053 0.242628 0.000043 0.00403 0.970111 0.00015 0.000194 0 0.000083 -0.000031 0.000052
22580680_fe7d005dcbbfb46d_MG_L_CC_ANON.jpg 2 0.000037 0.000439 0.000057 0.242637 0.000049 0.003685 0.97011 0.000116 0.000147 0 0.000065 -0.000034 0.000054
22580706_fe7d005dcbbfb46d_MG_R_ML_ANON.jpg 5 0.000021 0.000774 0.000063 0.242713 0.000045 0.006225 0.970078 0.000275 0.00035 0 0.000128 -0.000037 0.000063
22580732_fe7d005dcbbfb46d_MG_L_ML_ANON.jpg 2 0.000028 0.000518 0.000055 0.242655 0.000043 0.004572 0.970102 0.000162 0.000214 0 0.000093 -0.00003 0.000053
22613624_dcafa6ba6374ec07_MG_R_CC_ANON.jpg 2 0.000027 0.000397 0.000047 0.242627 0.000038 0.003848 0.970112 0.000119 0.00016 0 0.000074 -0.000025 0.000045
22613650_dcafa6ba6374ec07_MG_L_CC_ANON.jpg 6 0.000047 0.000418 0.000077 0.242631 0.000066 0.004574 0.970108 0.00018 0.000225 0 0.000093 -0.000048 0.000074
22613676_dcafa6ba6374ec07_MG_R_ML_ANON.jpg 2 0.000029 0.000446 0.00006 0.242638 0.000046 0.004949 0.970104 0.000182 0.000239 0 0.000102 -0.000033 0.000058
22613702_dcafa6ba6374ec07_MG_L_ML_ANON.jpg 6 0.000034 0.000468 0.000063 0.242643 0.000051 0.004585 0.970105 0.000178 0.000231 0 0.000099 -0.000036 0.000061
22613770_45c7f44839fd9e68_MG_R_CC_ANON.jpg 5 0.000043 0.000309 0.000074 0.242606 0.000061 0.004679 0.970114 0.000185 0.000236 0 0.000101 -0.000043 0.000071
22613796_45c7f44839fd9e68_MG_L_CC_ANON.jpg 2 0.000026 0.000411 0.000048 0.24263 0.000039 0.004084 0.97011 0.000125 0.000161 0 0.00007 -0.000027 0.000046
22613822_45c7f44839fd9e68_MG_R_ML_ANON.jpg 5 0.000033 0.000427 0.000062 0.242633 0.000049 0.004671 0.970107 0.000175 0.000228 0 0.000098 -0.000034 0.00006
22613848_45c7f44839fd9e68_MG_L_ML_ANON.jpg 1 0.000026 0.000474 0.000052 0.242645 0.000041 0.004518 0.970105 0.000147 0.000196 0 0.000088 -0.000027 0.00005
22613918_f23fa352e7de3dc7_MG_R_CC_ANON.jpg 4 0.000026 0.000354 0.000045 0.242617 0.000037 0.003751 0.970115 0.000113 0.00015 0 0.000068 -0.000024 0.000043
22613944_f23fa352e7de3dc7_MG_L_CC_ANON.jpg 1 0.00003 0.000396 0.000051 0.242627 0.000042 0.003816 0.970112 0.00012 0.000159 0 0.000073 -0.000027 0.000048
22613970_f23fa352e7de3dc7_MG_R_ML_ANON.jpg 4 0.000019 0.000402 0.000042 0.242628 0.000031 0.004476 0.970109 0.00014 0.000187 0 0.00008 -0.000022 0.000041
22613996_f23fa352e7de3dc7_MG_L_ML_ANON.jpg 1 0.000028 0.000401 0.000056 0.242627 0.000044 0.004688 0.970108 0.000162 0.000213 0 0.000093 -0.00003 0.000054
22614074_6bd24a0a42c19ce1_MG_R_CC_ANON.jpg 5 0.000025 0.000636 0.000109 0.242672 0.000071 0.010475 0.970051 0.000468 0.00062 0 0.000239 -0.000054 0.000108
22614097_6bd24a0a42c19ce1_MG_L_CC_ANON.jpg 2 0.00002 0.000417 0.000096 0.242621 0.000068 0.010417 0.970065 0.000427 0.000529 0 0.000171 -0.000056 0.000095
22614127_6bd24a0a42c19ce1_MG_R_ML_ANON.jpg 5 0.00001 0.000686 0.000044 0.242691 0.000026 0.006839 0.970079 0.000213 0.00029 0 0.000115 -0.000021 0.000044
22614150_6bd24a0a42c19ce1_MG_L_ML_ANON.jpg 2 0.000021 0.000756 0.000079 0.242705 0.000051 0.008447 0.970063 0.000343 0.000459 0 0.000181 -0.000039 0.000078
22614236_1e5c3af078f74b05_MG_L_CC_ANON.jpg 5 0.000027 0.000469 0.000054 0.242643 0.000045 0.004578 0.970105 0.00016 0.000198 0 0.000076 -0.000034 0.000053
22614266_1e5c3af078f74b05_MG_L_ML_ANON.jpg 5 0.000021 0.000536 0.000061 0.242657 0.000043 0.006185 0.970092 0.000246 0.000322 0 0.000127 -0.000033 0.00006
22614353_d065adcb9905b973_MG_R_CC_ANON.jpg 2 0.00002 0.000275 0.000047 0.242597 0.000035 0.004967 0.970114 0.000154 0.000202 0 0.000085 -0.000025 0.000046
22614379_d065adcb9905b973_MG_L_CC_ANON.jpg 5 0.000018 0.000436 0.000051 0.242634 0.000039 0.005636 0.970101 0.000186 0.000232 0 0.000084 -0.000031 0.00005
22614405_d065adcb9905b973_MG_R_ML_ANON.jpg 2 0.00002 0.00035 0.000073 0.24261 0.00005 0.007911 0.970091 0.00031 0.000399 0 0.000148 -0.00004 0.000073
22614431_d065adcb9905b973_MG_L_ML_ANON.jpg 5 0.000012 0.000377 0.000048 0.242619 0.000031 0.00662 0.970099 0.000216 0.000284 0 0.000108 -0.000025 0.000047
22614499_2dec4948fbe6336d_MG_R_CC_ANON.jpg 2 0.000025 0.000421 0.000059 0.242631 0.000044 0.00554 0.970103 0.000207 0.000271 0 0.000111 -0.000032 0.000058
22614522_2dec4948fbe6336d_MG_L_CC_ANON.jpg 4 0.000015 0.000477 0.000041 0.242645 0.00003 0.005141 0.970101 0.000165 0.000211 0 0.000079 -0.000024 0.000041
22614545_2dec4948fbe6336d_MG_R_ML_ANON.jpg 2 0.000017 0.000478 0.000057 0.242643 0.000038 0.006648 0.970093 0.000247 0.000325 0 0.000126 -0.00003 0.000056
22614568_2dec4948fbe6336d_MG_L_ML_ANON.jpg 4 0.000013 0.000525 0.000047 0.242654 0.00003 0.006234 0.970093 0.000214 0.000284 0 0.00011 -0.000024 0.000046
22670094_e1f51192f7bf3f5f_MG_R_CC_ANON.jpg 6 0.000024 0.00039 0.000048 0.242625 0.000037 0.004341 0.97011 0.000135 0.000181 0 0.000082 -0.000024 0.000046
22670124_e1f51192f7bf3f5f_MG_L_CC_ANON.jpg 2 0.000027 0.000421 0.000056 0.242632 0.000045 0.004915 0.970106 0.000163 0.000205 0 0.000081 -0.000033 0.000055
22670147_e1f51192f7bf3f5f_MG_R_ML_ANON.jpg 6 0.000023 0.000462 0.000049 0.242642 0.000037 0.004637 0.970105 0.000154 0.000205 0 0.000089 -0.000025 0.000048
22670177_e1f51192f7bf3f5f_MG_L_ML_ANON.jpg 2 0.000027 0.000518 0.000061 0.242654 0.000046 0.005373 0.970098 0.000197 0.000261 0 0.000111 -0.000032 0.00006
22670278_98429c0bdf78c0c7_MG_R_CC_ANON.jpg 4 0.000046 0.000451 0.000093 0.242637 0.000074 0.006216 0.970097 0.000246 0.000324 0 0.000146 -0.000049 0.000089
22670301_98429c0bdf78c0c7_MG_L_CC_ANON.jpg 2 0.000025 0.000543 0.000048 0.242661 0.000039 0.004172 0.970102 0.000121 0.000156 0 0.000069 -0.000026 0.000046
22670324_98429c0bdf78c0c7_MG_R_ML_ANON.jpg 4 0.00004 0.000449 0.000092 0.242636 0.00007 0.00678 0.970094 0.000275 0.000361 0 0.000155 -0.000048 0.000089
22670347_98429c0bdf78c0c7_MG_L_ML_ANON.jpg 2 0.000021 0.000426 0.000046 0.242633 0.000035 0.004596 0.970107 0.000136 0.000184 0 0.000084 -0.000022 0.000044
22670442_7e677f3d530e41ed_MG_R_CC_ANON.jpg 1 0.00003 0.000343 0.000047 0.242615 0.00004 0.003406 0.970117 0.000107 0.00014 0 0.000064 -0.000027 0.000045
22670465_7e677f3d530e41ed_MG_L_CC_ANON.jpg 5 0.000038 0.000553 0.000072 0.242663 0.000059 0.00505 0.970097 0.000211 0.000263 0 0.000102 -0.000045 0.000071
22670488_7e677f3d530e41ed_MG_R_ML_ANON.jpg 1 0.000019 0.000411 0.000045 0.242629 0.000033 0.004862 0.970107 0.000167 0.00022 0 0.000089 -0.000025 0.000045
22670511_7e677f3d530e41ed_MG_L_ML_ANON.jpg 5 0.000023 0.000486 0.000064 0.242645 0.000046 0.00624 0.970095 0.000254 0.000329 0 0.000128 -0.000036 0.000063
22670620_e15a16f87b4f9782_MG_R_CC_ANON.jpg 2 0.000019 0.000443 0.00004 0.242638 0.00003 0.004099 0.970108 0.000126 0.000169 0 0.000075 -0.00002 0.000039
22670643_e15a16f87b4f9782_MG_L_CC_ANON.jpg 1 0.000026 0.00042 0.000054 0.242632 0.000042 0.004732 0.970107 0.000161 0.000206 0 0.000084 -0.000031 0.000052
22670673_e15a16f87b4f9782_MG_R_ML_ANON.jpg 2 0.000017 0.000599 0.000045 0.242673 0.000032 0.005181 0.970094 0.000177 0.000237 0 0.000098 -0.000024 0.000045
22670703_e15a16f87b4f9782_MG_L_ML_ANON.jpg 1 0.000026 0.000609 0.00007 0.242674 0.000051 0.006447 0.970086 0.00027 0.000352 0 0.00014 -0.000039 0.00007
22670809_0b7396cdccacca82_MG_R_CC_ANON.jpg 4 0.000105 0.000375 0.000166 0.242619 0.000144 0.00644 0.9701 0.000328 0.000415 0 0.000186 -0.000098 0.000156
22670832_0b7396cdccacca82_MG_L_CC_ANON.jpg 2 0.000022 0.000423 0.000039 0.242634 0.000032 0.0035 0.970112 0.000093 0.000121 0 0.000054 -0.000022 0.000037
22670855_0b7396cdccacca82_MG_R_ML_ANON.jpg 5 0.000063 0.000491 0.000127 0.242645 0.000102 0.007084 0.970089 0.000356 0.000454 0 0.000188 -0.000074 0.000124
22670878_0b7396cdccacca82_MG_L_ML_ANON.jpg 2 0.00004 0.000493 0.000072 0.242649 0.000058 0.004924 0.970102 0.000181 0.000238 0 0.000108 -0.000039 0.000069
22670978_f571fd4e63c718e3_MG_L_CC_ANON.jpg 4 0.000028 0.000388 0.000047 0.242625 0.000039 0.00369 0.970113 0.000118 0.000155 0 0.00007 -0.000026 0.000045
22671003_f571fd4e63c718e3_MG_L_ML_ANON.jpg 4 0.000022 0.000419 0.000042 0.242632 0.000033 0.003859 0.970111 0.000124 0.000163 0 0.00007 -0.000023 0.000041
22678449_60995d51033e24b8_MG_R_CC_ANON.jpg 2 0.000062 0.000424 0.000115 0.24263 0.000095 0.00628 0.970098 0.000292 0.000374 0 0.000162 -0.000066 0.000111
22678472_60995d51033e24b8_MG_L_CC_ANON.jpg 2 0.000071 0.000576 0.000116 0.242667 0.0001 0.005538 0.970093 0.000264 0.000323 0 0.000128 -0.000075 0.000112
22678495_60995d51033e24b8_MG_R_ML_ANON.jpg 2 0.000039 0.000489 0.000101 0.242643 0.000075 0.007648 0.970085 0.000361 0.000466 0 0.000184 -0.000056 0.0001
22678518_60995d51033e24b8_MG_L_ML_ANON.jpg 2 0.000035 0.000435 0.000076 0.242634 0.000059 0.005734 0.970101 0.000244 0.000314 0 0.000128 -0.000043 0.000074
22678622_61b13c59bcba149e_MG_R_CC_ANON.jpg 1 0.000069 0.00036 0.000089 0.242619 0.000081 0.003388 0.970116 0.000119 0.000153 0 0.000075 -0.000052 0.000078
22678646_61b13c59bcba149e_MG_L_CC_ANON.jpg 3 0.000051 0.000388 0.000069 0.242626 0.000062 0.003298 0.970114 0.000108 0.00014 0 0.000068 -0.00004 0.000062
22678670_61b13c59bcba149e_MG_R_ML_ANON.jpg 1 0.000029 0.000419 0.000045 0.242633 0.000038 0.003233 0.970113 0.000096 0.000127 0 0.00006 -0.000024 0.000042
22678694_61b13c59bcba149e_MG_L_ML_ANON.jpg 3 0.000028 0.00044 0.000042 0.242638 0.000036 0.003095 0.970112 0.000089 0.000117 0 0.000055 -0.000023 0.00004
22678787_64a22c47765f0c5c_MG_R_CC_ANON.jpg 2 0.00003 0.000457 0.000078 0.242638 0.000057 0.006561 0.970094 0.000286 0.000369 0 0.000145 -0.000044 0.000077
22678810_64a22c47765f0c5c_MG_L_CC_ANON.jpg 2 0.00006 0.000443 0.000112 0.242635 0.000093 0.006189 0.970098 0.000308 0.000378 0 0.000144 -0.000071 0.000109
22678833_64a22c47765f0c5c_MG_R_ML_ANON.jpg 2 0.00002 0.000469 0.000065 0.24264 0.000045 0.006832 0.970092 0.000278 0.000361 0 0.000138 -0.000036 0.000065
22678856_64a22c47765f0c5c_MG_L_ML_ANON.jpg 2 0.000051 0.000572 0.000123 0.242663 0.000094 0.007845 0.970079 0.000439 0.000556 0 0.000214 -0.000073 0.000122
22678953_b9a4da5f2dae63a9_MG_R_CC_ANON.jpg 4 0.000037 0.000255 0.000065 0.242593 0.000053 0.0045 0.970118 0.00017 0.000217 0 0.00009 -0.000039 0.000063
22678980_b9a4da5f2dae63a9_MG_L_CC_ANON.jpg 2 0.000027 0.000384 0.000053 0.242624 0.000043 0.004463 0.97011 0.00016 0.0002 0 0.000077 -0.000033 0.000052
22679008_b9a4da5f2dae63a9_MG_R_ML_ANON.jpg 4 0.000026 0.00039 0.000066 0.242623 0.00005 0.006019 0.970102 0.000245 0.000311 0 0.000118 -0.000039 0.000066
22679036_b9a4da5f2dae63a9_MG_L_ML_ANON.jpg 2 0.000032 0.000399 0.000081 0.242624 0.000062 0.006621 0.970098 0.000291 0.000365 0 0.000136 -0.000048 0.00008
24054997_2f1104b3cda7f145_MG_L_ML_ANON.jpg 1 0.000028 0.000276 0.000046 0.242599 0.000038 0.003526 0.97012 0.000105 0.000137 0 0.000061 -0.000026 0.000044
24055024_2f1104b3cda7f145_MG_R_ML_ANON.jpg 2 0.000033 0.000293 0.000049 0.242603 0.000042 0.003244 0.97012 0.000094 0.000122 0 0.000057 -0.000028 0.000045
24055051_2f1104b3cda7f145_MG_L_CC_ANON.jpg 1 0.000034 0.000264 0.000048 0.242597 0.000042 0.002936 0.970123 0.000082 0.000106 0 0.000051 -0.000027 0.000043
24055078_2f1104b3cda7f145_MG_R_CC_ANON.jpg 2 0.000037 0.000316 0.000051 0.242609 0.000045 0.002879 0.97012 0.00008 0.000104 0 0.000051 -0.000029 0.000045
24055149_606e9b184978a350_MG_L_ML_ANON.jpg 5 0.000026 0.000294 0.000066 0.2426 0.00005 0.006072 0.970107 0.000252 0.000316 0 0.000116 -0.00004 0.000066
24055176_606e9b184978a350_MG_R_ML_ANON.jpg 2 0.00002 0.000274 0.000043 0.242598 0.000033 0.004264 0.970117 0.00014 0.00018 0 0.000073 -0.000025 0.000042
24055203_606e9b184978a350_MG_L_CC_ANON.jpg 5 0.000041 0.000288 0.00008 0.2426 0.000065 0.005446 0.970111 0.000231 0.000291 0 0.000116 -0.000048 0.000078
24055274_1e10aef17c9fe149_MG_L_ML_ANON.jpg 5 0.000033 0.000419 0.000086 0.242628 0.000065 0.007028 0.970094 0.000304 0.000387 0 0.000148 -0.00005 0.000085
24055328_1e10aef17c9fe149_MG_R_ML_ANON.jpg 3 0.000027 0.000446 0.000072 0.242635 0.000053 0.006553 0.970095 0.000258 0.000334 0 0.000133 -0.00004 0.000071
24055355_1e10aef17c9fe149_MG_L_CC_ANON.jpg 5 0.000018 0.000296 0.000044 0.242603 0.000032 0.004773 0.970114 0.000147 0.000194 0 0.000082 -0.000023 0.000043
24055382_1e10aef17c9fe149_MG_R_CC_ANON.jpg 3 0.000036 0.000323 0.00008 0.242607 0.000062 0.006129 0.970105 0.000242 0.000313 0 0.000131 -0.000044 0.000078
24055445_ac3185e18ffdc7b6_MG_L_ML_ANON.jpg 4 0.000013 0.000304 0.000043 0.242603 0.000035 0.005751 0.970108 0.000171 0.000201 0 0.00006 -0.000029 0.000043
24055464_ac3185e18ffdc7b6_MG_R_ML_ANON.jpg 4 0.000007 0.000272 0.000024 0.242597 0.000018 0.004569 0.970116 0.000103 0.000126 0 0.000041 -0.000015 0.000024
24055483_ac3185e18ffdc7b6_MG_L_CC_ANON.jpg 4 0.000018 0.000222 0.000054 0.242583 0.000044 0.006118 0.970111 0.000191 0.000225 0 0.00007 -0.000036 0.000053
24055502_ac3185e18ffdc7b6_MG_R_CC_ANON.jpg 4 0.000011 0.000192 0.000027 0.242579 0.000022 0.00381 0.970124 0.000089 0.000109 0 0.000038 -0.000017 0.000027
24055573_6f1aef40b3775182_MG_L_ML_ANON.jpg 2 0.000048 0.000388 0.000108 0.242621 0.000086 0.007069 0.970095 0.000341 0.000425 0 0.000162 -0.000065 0.000106
24055600_6f1aef40b3775182_MG_R_ML_ANON.jpg 4 0.000029 0.000348 0.00006 0.242614 0.000047 0.005045 0.97011 0.000189 0.000243 0 0.000098 -0.000035 0.000059
24055627_6f1aef40b3775182_MG_L_CC_ANON.jpg 2 0.000028 0.000242 0.000048 0.242591 0.00004 0.003864 0.970121 0.000125 0.000161 0 0.000069 -0.000028 0.000047
24055654_6f1aef40b3775182_MG_R_CC_ANON.jpg 4 0.000031 0.000253 0.000053 0.242593 0.000044 0.004028 0.97012 0.000139 0.000178 0 0.000075 -0.000031 0.000052
24055725_f0f1a133837b5137_MG_L_ML_ANON.jpg 2 0.000013 0.000333 0.000041 0.24261 0.000028 0.005564 0.970108 0.00018 0.000234 0 0.000089 -0.000022 0.000041
24055752_f0f1a133837b5137_MG_R_ML_ANON.jpg 2 0.000014 0.000345 0.000044 0.242613 0.00003 0.005618 0.970107 0.000189 0.000246 0 0.000094 -0.000024 0.000044
24055779_f0f1a133837b5137_MG_L_CC_ANON.jpg 2 0.000023 0.000305 0.000056 0.242604 0.000042 0.005391 0.97011 0.000204 0.00026 0 0.0001 -0.000032 0.000055
24055806_f0f1a133837b5137_MG_R_CC_ANON.jpg 2 0.000028 0.000269 0.000051 0.242597 0.000041 0.004018 0.970119 0.000143 0.000182 0 0.000075 -0.00003 0.000049
24055877_839819f2eadaf325_MG_L_ML_ANON.jpg 2 0.000035 0.000488 0.000115 0.24264 0.000083 0.009373 0.970071 0.000428 0.00055 0 0.000209 -0.000063 0.000113
24055904_839819f2eadaf325_MG_R_ML_ANON.jpg 2 0.000029 0.000469 0.000101 0.242636 0.000071 0.009124 0.970074 0.000404 0.000519 0 0.000193 -0.000055 0.0001
24055931_839819f2eadaf325_MG_L_CC_ANON.jpg 2 0.00001 0.000331 0.00003 0.242611 0.00002 0.004648 0.970112 0.000116 0.000158 0 0.000068 -0.000014 0.00003
24055958_839819f2eadaf325_MG_R_CC_ANON.jpg 2 0.000032 0.000345 0.000095 0.242609 0.000069 0.008135 0.97009 0.000321 0.000421 0 0.000172 -0.000049 0.000093
24058660_9e8db9e34d5275ef_MG_R_CC_ANON.jpg 2 0.000015 0.000288 0.00004 0.2426 0.000028 0.004971 0.970113 0.000147 0.000194 0 0.000079 -0.000021 0.000039
24058686_9e8db9e34d5275ef_MG_L_CC_ANON.jpg 4 0.000012 0.000332 0.000034 0.242611 0.000025 0.004637 0.970112 0.000127 0.00016 0 0.000059 -0.00002 0.000033
24058712_9e8db9e34d5275ef_MG_R_ML_ANON.jpg 2 0.000018 0.000402 0.000057 0.242625 0.000039 0.006445 0.970099 0.000229 0.000298 0 0.000116 -0.000031 0.000056
24058738_9e8db9e34d5275ef_MG_L_ML_ANON.jpg 4 0.000031 0.000462 0.000103 0.242635 0.000074 0.008931 0.970076 0.000416 0.000526 0 0.000189 -0.00006 0.000102
24065251_c4b995eddb3c510c_MG_L_ML_ANON.jpg 5 0.000043 0.000314 0.000089 0.242605 0.000078 0.006129 0.970106 0.00027 0.000306 0 0.000087 -0.000066 0.000088
24065270_c4b995eddb3c510c_MG_R_ML_ANON.jpg 1 0.000015 0.000244 0.000031 0.242591 0.000026 0.00372 0.970121 0.0001 0.000118 0 0.000038 -0.000022 0.000031
24065289_c4b995eddb3c510c_MG_L_CC_ANON.jpg 5 0.000028 0.000209 0.000048 0.242583 0.000043 0.003677 0.970124 0.00012 0.000138 0 0.000044 -0.000035 0.000047
24065308_c4b995eddb3c510c_MG_R_CC_ANON.jpg 1 0.000028 0.000222 0.000055 0.242585 0.000048 0.00466 0.970119 0.000158 0.000184 0 0.000059 -0.000039 0.000054
24065380_83db89f57aea498a_MG_L_ML_ANON.jpg 2 0.000033 0.00052 0.000114 0.242647 0.000082 0.009408 0.970069 0.000478 0.000602 0 0.000213 -0.000067 0.000113
24065407_83db89f57aea498a_MG_R_ML_ANON.jpg 4 0.000021 0.000434 0.00007 0.242632 0.000049 0.007151 0.970092 0.000306 0.000389 0 0.00014 -0.000041 0.00007
24065434_83db89f57aea498a_MG_L_CC_ANON.jpg 2 0.000024 0.00033 0.00006 0.242609 0.000044 0.005771 0.970107 0.000216 0.000279 0 0.000111 -0.000033 0.000059
24065461_83db89f57aea498a_MG_R_CC_ANON.jpg 4 0.000018 0.000317 0.000047 0.242607 0.000034 0.005038 0.970111 0.000177 0.000228 0 0.000089 -0.000027 0.000046
24065530_d8205a09c8173f44_MG_L_ML_ANON.jpg 4 0.000018 0.000374 0.000047 0.24262 0.000034 0.005082 0.970108 0.00019 0.000243 0 0.000092 -0.000027 0.000046
24065557_d8205a09c8173f44_MG_R_ML_ANON.jpg 2 0.000016 0.000294 0.000039 0.242602 0.000029 0.004649 0.970115 0.000146 0.000191 0 0.000076 -0.000022 0.000039
24065584_d8205a09c8173f44_MG_L_CC_ANON.jpg 4 0.000051 0.000291 0.000088 0.242601 0.000074 0.005023 0.970113 0.000231 0.000288 0 0.000114 -0.000056 0.000086
24065611_d8205a09c8173f44_MG_R_CC_ANON.jpg 2 0.000022 0.000265 0.000043 0.242596 0.000034 0.004029 0.970119 0.000129 0.000167 0 0.000069 -0.000025 0.000042
24065680_5291e1aee2bbf5df_MG_L_ML_ANON.jpg 2 0.000088 0.000433 0.000151 0.242632 0.000129 0.006617 0.970095 0.00037 0.000455 0 0.000179 -0.000096 0.000146
24065707_5291e1aee2bbf5df_MG_R_ML_ANON.jpg 5 0.000085 0.000489 0.000143 0.242646 0.000122 0.006261 0.970094 0.000349 0.00043 0 0.00017 -0.000092 0.000139
24065734_5291e1aee2bbf5df_MG_L_CC_ANON.jpg 2 0.00006 0.000256 0.000085 0.242594 0.000075 0.00397 0.97012 0.00015 0.000191 0 0.000087 -0.000051 0.000079
24065761_5291e1aee2bbf5df_MG_R_CC_ANON.jpg 5 0.000047 0.000263 0.000067 0.242596 0.000059 0.003479 0.970121 0.000118 0.000152 0 0.00007 -0.000039 0.000062
24065833_c01f83a1eb283270_MG_L_ML_ANON.jpg 2 0.000016 0.000347 0.000051 0.242612 0.000035 0.00621 0.970103 0.000226 0.000292 0 0.000108 -0.000029 0.000051
24065860_c01f83a1eb283270_MG_R_ML_ANON.jpg 2 0.000011 0.000392 0.000039 0.242624 0.000025 0.00548 0.970105 0.00018 0.000236 0 0.000089 -0.000021 0.000038
24065887_c01f83a1eb283270_MG_L_CC_ANON.jpg 2 0.000021 0.000325 0.000048 0.242609 0.000036 0.004751 0.970112 0.000167 0.000216 0 0.000087 -0.000027 0.000047
24065914_c01f83a1eb283270_MG_R_CC_ANON.jpg 2 0.000018 0.000288 0.000042 0.242601 0.000032 0.004461 0.970116 0.000151 0.000195 0 0.000077 -0.000024 0.000042
26933772_f8bfddc28e8045c0_MG_R_CC_ANON.jpg 2 0.000099 0.000247 0.00013 0.242592 0.000119 0.004297 0.970119 0.000196 0.00024 0 0.000104 -0.000086 0.000119
26933801_f8bfddc28e8045c0_MG_L_CC_ANON.jpg 4 0.00005 0.000646 0.000069 0.242686 0.000062 0.003418 0.970099 0.000124 0.000152 0 0.000063 -0.000046 0.000065
26933830_f8bfddc28e8045c0_MG_R_ML_ANON.jpg 2 0.000059 0.000252 0.0001 0.242592 0.000085 0.005302 0.970114 0.000248 0.000304 0 0.000119 -0.000064 0.000097
26933859_f8bfddc28e8045c0_MG_L_ML_ANON.jpg 4 0.000039 0.000251 0.000068 0.242592 0.000056 0.004502 0.970118 0.000176 0.000221 0 0.00009 -0.000042 0.000066
27829134_fbb55bf7fff48540_MG_R_CC_ANON.jpg 5 0.000039 0.000475 0.000071 0.242644 0.000057 0.00482 0.970103 0.000196 0.000255 0 0.000111 -0.00004 0.000069
27829161_fbb55bf7fff48540_MG_L_CC_ANON.jpg 1 0.000025 0.000391 0.000047 0.242626 0.000038 0.003993 0.970112 0.000128 0.000162 0 0.000066 -0.000028 0.000046
27829188_fbb55bf7fff48540_MG_R_ML_ANON.jpg 5 0.000021 0.000828 0.000057 0.242727 0.00004 0.005623 0.970078 0.000229 0.000302 0 0.000123 -0.000031 0.000056
27829215_fbb55bf7fff48540_MG_L_ML_ANON.jpg 1 0.000023 0.000715 0.000059 0.2427 0.000042 0.005724 0.970084 0.000223 0.000296 0 0.000123 -0.000031 0.000058
30011484_349323117bf0fd93_MG_R_CC_ANON.jpg 2 0.000052 0.000352 0.000078 0.242616 0.000067 0.004055 0.970114 0.000148 0.000192 0 0.00009 -0.000044 0.000072
30011507_349323117bf0fd93_MG_L_CC_ANON.jpg 4 0.00008 0.000621 0.000113 0.242679 0.000102 0.004578 0.970096 0.000195 0.000239 0 0.000101 -0.000074 0.000106
30011530_349323117bf0fd93_MG_R_ML_ANON.jpg 2 0.000021 0.00041 0.000044 0.24263 0.000033 0.004303 0.970109 0.000141 0.000187 0 0.00008 -0.000024 0.000043
30011553_349323117bf0fd93_MG_L_ML_ANON.jpg 4 0.000026 0.000419 0.000054 0.242631 0.000042 0.004802 0.970107 0.00017 0.000223 0 0.000095 -0.00003 0.000053
30011647_6968748e66837bc7_MG_R_CC_ANON.jpg 2 0.000023 0.00027 0.00005 0.242596 0.000038 0.004803 0.970115 0.000155 0.000202 0 0.000084 -0.000027 0.000049
30011674_6968748e66837bc7_MG_L_CC_ANON.jpg 5 0.000025 0.000399 0.000058 0.242626 0.000046 0.005391 0.970105 0.000187 0.000233 0 0.000088 -0.000035 0.000057
30011700_6968748e66837bc7_MG_R_ML_ANON.jpg 2 0.000013 0.000327 0.000038 0.242609 0.000026 0.005062 0.970111 0.000149 0.000198 0 0.00008 -0.00002 0.000037
30011727_6968748e66837bc7_MG_L_ML_ANON.jpg 5 0.000016 0.000336 0.000047 0.242611 0.000033 0.005822 0.970106 0.000188 0.000247 0 0.000098 -0.000025 0.000047
30011798_4f20c1285d8f0b1f_MG_R_CC_ANON.jpg 2 0.000034 0.000258 0.000058 0.242594 0.000049 0.004105 0.970119 0.000142 0.000183 0 0.000079 -0.000034 0.000056
30011824_4f20c1285d8f0b1f_MG_L_CC_ANON.jpg 4 0.000026 0.000299 0.000051 0.242604 0.000043 0.004462 0.970115 0.000152 0.000184 0 0.000066 -0.000034 0.000051
30011850_4f20c1285d8f0b1f_MG_R_ML_ANON.jpg 2 0.00003 0.00035 0.000061 0.242615 0.000048 0.004971 0.97011 0.000191 0.000243 0 0.000097 -0.000036 0.00006
30318067_4f20c1285d8f0b1f_MG_L_ML_ANON.jpg 4 0.000031 0.000376 0.000081 0.242618 0.000061 0.006789 0.970098 0.000295 0.00037 0 0.000135 -0.000049 0.00008
50993399_5d85ecc9cf26b254_MG_L_ML_ANON.jpg 2 0.000021 0.000485 0.000074 0.242642 0.00005 0.007846 0.970084 0.000314 0.000412 0 0.000159 -0.000039 0.000074
50993426_5d85ecc9cf26b254_MG_L_CC_ANON.jpg 2 0.000022 0.000472 0.000069 0.242641 0.000048 0.00706 0.97009 0.000268 0.000355 0 0.000142 -0.000036 0.000068
50993616_b03f1dd34eb3c55f_MG_L_ML_ANON.jpg 2 0.000011 0.000716 0.000064 0.242694 0.000037 0.008996 0.970061 0.000332 0.000446 0 0.000166 -0.000031 0.000063
50993643_b03f1dd34eb3c55f_MG_L_CC_ANON.jpg 2 0.000035 0.000434 0.000092 0.242631 0.000068 0.007346 0.970091 0.000328 0.000423 0 0.000166 -0.000051 0.00009
50993670_b03f1dd34eb3c55f_MG_L_ML_ANON.jpg 2 0.000039 0.000473 0.000095 0.242641 0.000073 0.007103 0.97009 0.000334 0.000422 0 0.00016 -0.000056 0.000094
50993697_b03f1dd34eb3c55f_MG_L_CC_ANON.jpg 2 0.000074 0.000279 0.00012 0.242598 0.000103 0.005539 0.970111 0.000273 0.000339 0 0.000138 -0.000076 0.000116
50993787_de5e8d61e501a71b_MG_L_ML_ANON.jpg 2 0.000055 0.000663 0.000126 0.242684 0.0001 0.007628 0.970075 0.000408 0.000514 0 0.0002 -0.000075 0.000124
50993814_de5e8d61e501a71b_MG_R_ML_ANON.jpg 2 0.00003 0.000645 0.000125 0.242673 0.000085 0.010837 0.970047 0.00057 0.000729 0 0.000259 -0.00007 0.000124
50993841_de5e8d61e501a71b_MG_L_CC_ANON.jpg 2 0.000064 0.000681 0.000127 0.24269 0.000103 0.006837 0.970079 0.000367 0.000463 0 0.000187 -0.000076 0.000124
50993868_de5e8d61e501a71b_MG_R_CC_ANON.jpg 2 0.000035 0.000611 0.00012 0.242668 0.000085 0.009665 0.970061 0.000499 0.000639 0 0.000237 -0.000068 0.00012
50993895_de5e8d61e501a71b_MG_L_ML_ANON.jpg 2 0.000052 0.00054 0.000128 0.242655 0.000101 0.008005 0.970079 0.000439 0.000543 0 0.000199 -0.000079 0.000126
50993922_de5e8d61e501a71b_MG_R_ML_ANON.jpg 2 0.000024 0.000491 0.000127 0.242633 0.000086 0.012137 0.970042 0.000626 0.000781 0 0.000252 -0.000075 0.000126
50993949_de5e8d61e501a71b_MG_L_CC_ANON.jpg 2 0.000065 0.000569 0.00013 0.242664 0.000107 0.006952 0.970085 0.000378 0.000469 0 0.000181 -0.000081 0.000127
50993976_de5e8d61e501a71b_MG_R_CC_ANON.jpg 2 0.000041 0.000442 0.000125 0.242629 0.000093 0.009272 0.970074 0.000491 0.000613 0 0.000217 -0.000075 0.000124
50994110_cc9e66c5b31baab8_MG_L_ML_ANON.jpg 2 0.000027 0.000531 0.000047 0.242659 0.000038 0.003749 0.970104 0.000122 0.000162 0 0.000074 -0.000025 0.000045
50994137_cc9e66c5b31baab8_MG_R_ML_ANON.jpg 1 0.000146 0.000482 0.000222 0.242643 0.000194 0.006908 0.970091 0.00045 0.000559 0.000001 0.000238 -0.000139 0.00021
50994164_cc9e66c5b31baab8_MG_L_CC_ANON.jpg 2 0.00005 0.000468 0.000069 0.242644 0.000061 0.003404 0.970109 0.000118 0.000154 0 0.000074 -0.000039 0.000063
50994191_cc9e66c5b31baab8_MG_R_CC_ANON.jpg 1 0.000063 0.000406 0.000082 0.24263 0.000074 0.003242 0.970113 0.000121 0.000155 0 0.000074 -0.000049 0.000073
50994273_cc9e66c5b31baab8_MG_R_CC_ANON.jpg 4 0.00004 0.000259 0.000057 0.242595 0.00005 0.003287 0.970122 0.000108 0.000138 0 0.000062 -0.000034 0.000053
50994300_cc9e66c5b31baab8_MG_R_FB_ANON.jpg 2 0.000054 0.000257 0.00007 0.242595 0.000063 0.002973 0.970123 0.000098 0.000125 0 0.000058 -0.000043 0.000062
50994327_cc9e66c5b31baab8_MG_L_ML_ANON.jpg 2 0.000027 0.000283 0.000046 0.242601 0.000038 0.003662 0.970119 0.000118 0.000153 0 0.000066 -0.000027 0.000045
50994354_cc9e66c5b31baab8_MG_R_ML_ANON.jpg 4 0.000031 0.000299 0.000055 0.242604 0.000045 0.004091 0.970117 0.000143 0.000184 0 0.000078 -0.000032 0.000053
50994381_cc9e66c5b31baab8_MG_L_CC_ANON.jpg 2 0.000055 0.000267 0.000073 0.242597 0.000066 0.003242 0.970122 0.000112 0.000142 0 0.000065 -0.000045 0.000066
50994408_cc9e66c5b31baab8_MG_R_CC_ANON.jpg 2 0.000062 0.000263 0.000081 0.242596 0.000074 0.003267 0.970122 0.000117 0.000148 0 0.000068 -0.00005 0.000073
50994535_de4c34099d6ef8de_MG_R_ML_ANON.jpg 2 0.000017 0.000491 0.000041 0.242648 0.000029 0.00466 0.970103 0.000151 0.0002 0 0.000083 -0.000022 0.00004
50994562_de4c34099d6ef8de_MG_R_CC_ANON.jpg 2 0.00004 0.000382 0.000072 0.242623 0.000059 0.004836 0.970109 0.000194 0.000251 0 0.000108 -0.000041 0.00007
50994589_de4c34099d6ef8de_MG_R_ML_ANON.jpg 2 0.000022 0.000413 0.000053 0.242629 0.000039 0.005274 0.970105 0.000195 0.000251 0 0.000099 -0.00003 0.000052
50994616_de4c34099d6ef8de_MG_R_CC_ANON.jpg 2 0.000027 0.000277 0.000052 0.242599 0.000041 0.004329 0.970117 0.000151 0.000194 0 0.000081 -0.00003 0.000051
50994706_069212ec65a94339_MG_R_CC_ANON.jpg 1 0.000117 0.000572 0.000187 0.242665 0.000161 0.006731 0.970086 0.000414 0.000518 0 0.000218 -0.000116 0.000179
50994733_069212ec65a94339_MG_L_ML_ANON.jpg 1 0.000021 0.000393 0.000044 0.242626 0.000034 0.004374 0.97011 0.000146 0.000191 0 0.000079 -0.000025 0.000043
50994760_069212ec65a94339_MG_R_ML_ANON.jpg 1 0.000075 0.000541 0.00015 0.242656 0.000121 0.007547 0.970083 0.000442 0.000554 0 0.000219 -0.000091 0.000147
50994787_069212ec65a94339_MG_L_CC_ANON.jpg 1 0.000055 0.000435 0.000091 0.242635 0.000077 0.004951 0.970105 0.000216 0.000278 0 0.000121 -0.000053 0.000088
50994814_069212ec65a94339_MG_L_ML_ANON.jpg 1 0.000025 0.000253 0.000049 0.242593 0.000039 0.004234 0.970119 0.000146 0.000185 0 0.000074 -0.000029 0.000048
50994841_069212ec65a94339_MG_R_ML_ANON.jpg 4 0.000051 0.000264 0.000098 0.242593 0.000081 0.00598 0.970109 0.000279 0.000346 0 0.000134 -0.000061 0.000096
50994868_069212ec65a94339_MG_L_CC_ANON.jpg 1 0.000043 0.000267 0.00007 0.242596 0.000059 0.004231 0.970118 0.000162 0.000206 0 0.000087 -0.000042 0.000067
50994895_069212ec65a94339_MG_R_CC_ANON.jpg 4 0.000053 0.000313 0.000084 0.242607 0.000072 0.004588 0.970114 0.000191 0.000243 0 0.000104 -0.000051 0.000081
50995762_0c735e8768d276b4_MG_R_ML_ANON.jpg 2 0.000019 0.000495 0.000043 0.24265 0.000032 0.004586 0.970103 0.000144 0.000194 0 0.000085 -0.000022 0.000042
50995789_0c735e8768d276b4_MG_R_CC_ANON.jpg 2 0.000037 0.000447 0.000064 0.242639 0.000052 0.00436 0.970107 0.000154 0.000204 0 0.000094 -0.000034 0.000061
50995872_c94d8a1ebd452afe_MG_L_ML_ANON.jpg 1 0.000014 0.000581 0.000043 0.242669 0.000028 0.005514 0.970093 0.000172 0.000234 0 0.000099 -0.00002 0.000042
50995899_c94d8a1ebd452afe_MG_L_CC_ANON.jpg 1 0.000017 0.000485 0.000036 0.242648 0.000027 0.004074 0.970106 0.000118 0.00016 0 0.000072 -0.000018 0.000035
50995963_d742ec2f9b90aa62_MG_L_ML_ANON.jpg 2 0.000018 0.000531 0.000047 0.242657 0.000033 0.005235 0.970098 0.000177 0.000236 0 0.000099 -0.000024 0.000046
50995990_d742ec2f9b90aa62_MG_L_CC_ANON.jpg 2 0.000023 0.00055 0.000047 0.242663 0.000036 0.004363 0.970101 0.000145 0.000194 0 0.000087 -0.000024 0.000046
50996056_71c1a60d57c5322f_MG_L_ML_ANON.jpg 2 0.00003 0.000475 0.000063 0.242644 0.000048 0.005188 0.970101 0.000195 0.000255 0 0.000108 -0.000034 0.000061
50996083_71c1a60d57c5322f_MG_R_ML_ANON.jpg 2 0.000018 0.000409 0.00004 0.24263 0.00003 0.004253 0.97011 0.000131 0.000174 0 0.000075 -0.000021 0.000039
50996110_71c1a60d57c5322f_MG_L_CC_ANON.jpg 2 0.000028 0.000391 0.000048 0.242626 0.000039 0.003713 0.970113 0.000117 0.000155 0 0.000071 -0.000026 0.000045
50996137_71c1a60d57c5322f_MG_R_CC_ANON.jpg 2 0.000026 0.000358 0.000047 0.242618 0.000037 0.003851 0.970114 0.000122 0.000161 0 0.000073 -0.000025 0.000045
50996201_8c1b2bd64ca4d778_MG_L_ML_ANON.jpg 2 0.00002 0.000393 0.000045 0.242626 0.000034 0.00454 0.970109 0.00016 0.000208 0 0.000084 -0.000026 0.000045
50996228_8c1b2bd64ca4d778_MG_L_CC_ANON.jpg 2 0.000032 0.000387 0.000053 0.242625 0.000044 0.003732 0.970113 0.000133 0.000172 0 0.000075 -0.000031 0.000051
50996325_6aba0b402889a16f_MG_L_ML_ANON.jpg 1 0.000021 0.000435 0.000046 0.242635 0.000035 0.004551 0.970107 0.000153 0.000201 0 0.000085 -0.000025 0.000045
50996352_6aba0b402889a16f_MG_R_ML_ANON.jpg 4 0.000019 0.000427 0.000045 0.242633 0.000033 0.004645 0.970107 0.000161 0.000211 0 0.000086 -0.000025 0.000044
50996379_6aba0b402889a16f_MG_L_CC_ANON.jpg 1 0.000033 0.000377 0.000054 0.242623 0.000045 0.003822 0.970113 0.000129 0.000169 0 0.000076 -0.00003 0.000052
50996406_6aba0b402889a16f_MG_R_CC_ANON.jpg 4 0.000034 0.000343 0.000054 0.242615 0.000045 0.003717 0.970116 0.000126 0.000163 0 0.000073 -0.000031 0.000052
50996709_330e5fe16929eed4_MG_R_ML_ANON.jpg 2 0.000042 0.000447 0.000083 0.242637 0.000066 0.005735 0.9701 0.000237 0.000309 0 0.000132 -0.000046 0.000081
50996736_330e5fe16929eed4_MG_R_CC_ANON.jpg 2 0.000056 0.000392 0.0001 0.242624 0.000083 0.005635 0.970104 0.000246 0.000318 0 0.000139 -0.000057 0.000096
50996800_fdf4a1516f88b280_MG_L_ML_ANON.jpg 2 0.000017 0.000748 0.000079 0.242701 0.000048 0.009269 0.970056 0.000367 0.00049 0 0.000188 -0.000039 0.000078
50996827_fdf4a1516f88b280_MG_R_ML_ANON.jpg 2 0.000025 0.000573 0.000067 0.242666 0.000048 0.006271 0.970089 0.000258 0.000339 0 0.000136 -0.000036 0.000066
50996854_fdf4a1516f88b280_MG_L_CC_ANON.jpg 2 0.000022 0.000546 0.000081 0.242656 0.000053 0.00835 0.970076 0.000324 0.000433 0 0.000175 -0.000039 0.000079
50996881_fdf4a1516f88b280_MG_R_CC_ANON.jpg 2 0.00003 0.000449 0.000074 0.242636 0.000054 0.006384 0.970096 0.000257 0.000338 0 0.00014 -0.000039 0.000073
50996945_ce5e5e18a261cd29_MG_L_ML_ANON.jpg 2 0.00003 0.000491 0.000066 0.242647 0.00005 0.005505 0.970099 0.000213 0.000278 0 0.000116 -0.000036 0.000064
50996972_ce5e5e18a261cd29_MG_R_ML_ANON.jpg 2 0.000025 0.000501 0.000058 0.24265 0.000043 0.00538 0.970099 0.000203 0.000266 0 0.00011 -0.000032 0.000058
50996999_ce5e5e18a261cd29_MG_L_CC_ANON.jpg 2 0.000032 0.000417 0.00006 0.242631 0.000048 0.004521 0.970108 0.000161 0.000213 0 0.000095 -0.000032 0.000058
50997026_ce5e5e18a261cd29_MG_R_CC_ANON.jpg 2 0.000046 0.000357 0.000079 0.242617 0.000065 0.004841 0.97011 0.000188 0.000245 0 0.00011 -0.000044 0.000075
50997053_ce5e5e18a261cd29_MG_L_CC_ANON.jpg 1 0.000011 0.000477 0.000035 0.242644 0.000025 0.005288 0.970101 0.000146 0.000188 0 0.00007 -0.000019 0.000035
50997080_ce5e5e18a261cd29_MG_L_ML_ANON.jpg 1 0.00001 0.000361 0.000042 0.242616 0.000026 0.00642 0.970101 0.000191 0.000254 0 0.000098 -0.000021 0.000041
50997107_ce5e5e18a261cd29_MG_R_ML_ANON.jpg 2 0.000012 0.000362 0.00005 0.242615 0.000032 0.007005 0.970097 0.000231 0.000303 0 0.000113 -0.000026 0.00005
50997134_ce5e5e18a261cd29_MG_R_CC_ANON.jpg 2 0.000022 0.000321 0.000064 0.242606 0.000046 0.006496 0.970103 0.000229 0.0003 0 0.000121 -0.000034 0.000063
50997223_9054942f7be52dd9_MG_L_ML_ANON.jpg 2 0.000031 0.000446 0.000074 0.242636 0.000055 0.006109 0.970098 0.000259 0.000335 0 0.000134 -0.000042 0.000073
50997250_9054942f7be52dd9_MG_R_ML_ANON.jpg 2 0.000015 0.000457 0.000042 0.24264 0.000029 0.005105 0.970103 0.000169 0.000223 0 0.00009 -0.000022 0.000041
50997277_9054942f7be52dd9_MG_L_CC_ANON.jpg 2 0.00003 0.000388 0.000055 0.242625 0.000044 0.004269 0.970111 0.000157 0.000204 0 0.000086 -0.000031 0.000053
50997304_9054942f7be52dd9_MG_R_CC_ANON.jpg 2 0.000023 0.000375 0.000048 0.242622 0.000037 0.004373 0.970111 0.000154 0.000201 0 0.000083 -0.000027 0.000047
50997434_97ec8cadfca70d32_MG_L_ML_ANON.jpg 2 0.000025 0.000599 0.000076 0.24267 0.000053 0.00714 0.970082 0.00031 0.000403 0 0.000155 -0.000042 0.000075
50997461_97ec8cadfca70d32_MG_R_ML_ANON.jpg 4 0.000014 0.000557 0.000043 0.242663 0.000029 0.005369 0.970096 0.000179 0.000239 0 0.000096 -0.000022 0.000042
50997488_97ec8cadfca70d32_MG_L_CC_ANON.jpg 2 0.000021 0.000454 0.000049 0.24264 0.000036 0.004786 0.970105 0.000172 0.000226 0 0.000094 -0.000027 0.000048
50997515_97ec8cadfca70d32_MG_R_CC_ANON.jpg 4 0.000019 0.000421 0.000042 0.242632 0.000031 0.004431 0.970108 0.000146 0.000194 0 0.000081 -0.000022 0.000041
50997597_67cc8c9939d74a9a_MG_L_ML_ANON.jpg 2 0.000023 0.000594 0.000054 0.242672 0.00004 0.00524 0.970094 0.000184 0.000245 0 0.000105 -0.000028 0.000053
50997624_67cc8c9939d74a9a_MG_R_ML_ANON.jpg 2 0.000059 0.000551 0.000108 0.242661 0.000088 0.005913 0.970093 0.000288 0.000366 0 0.000152 -0.000064 0.000105
50997651_67cc8c9939d74a9a_MG_L_CC_ANON.jpg 2 0.000032 0.000409 0.000062 0.242629 0.000049 0.004898 0.970107 0.000164 0.00022 0 0.000102 -0.000031 0.000059
50997678_67cc8c9939d74a9a_MG_R_CC_ANON.jpg 2 0.00008 0.00035 0.000126 0.242614 0.000108 0.005565 0.970107 0.000237 0.000307 0 0.000146 -0.00007 0.000116
50997742_cbb6c98a81e69eeb_MG_L_ML_ANON.jpg 3 0.000018 0.000565 0.000047 0.242665 0.000033 0.005182 0.970096 0.000174 0.000232 0 0.000096 -0.000024 0.000046
50997769_cbb6c98a81e69eeb_MG_R_ML_ANON.jpg 3 0.000015 0.000569 0.00004 0.242667 0.000028 0.004785 0.970098 0.000149 0.000201 0 0.000086 -0.00002 0.000039
50997796_cbb6c98a81e69eeb_MG_L_CC_ANON.jpg 3 0.000023 0.000403 0.000043 0.242629 0.000033 0.003877 0.970111 0.000112 0.000152 0 0.000071 -0.000021 0.000041
50997823_cbb6c98a81e69eeb_MG_R_CC_ANON.jpg 3 0.000025 0.000363 0.000046 0.242619 0.000037 0.003942 0.970114 0.000119 0.000159 0 0.000074 -0.000024 0.000044
50998032_66adfbb4f19c76d2_MG_R_CC_ANON.jpg 2 0.000041 0.000371 0.000088 0.242618 0.000069 0.006186 0.970102 0.000267 0.000343 0 0.000141 -0.00005 0.000086
50998059_66adfbb4f19c76d2_MG_L_ML_ANON.jpg 5 0.000019 0.000455 0.000055 0.242638 0.000039 0.005927 0.970099 0.000215 0.000282 0 0.000112 -0.00003 0.000054
50998086_66adfbb4f19c76d2_MG_R_ML_ANON.jpg 2 0.000026 0.000441 0.000075 0.242633 0.000054 0.00701 0.970093 0.000286 0.000371 0 0.000145 -0.000041 0.000074
50998113_66adfbb4f19c76d2_MG_L_CC_ANON.jpg 5 0.000025 0.000408 0.000057 0.242628 0.000043 0.005283 0.970105 0.00019 0.000248 0 0.000104 -0.000031 0.000056
50998177_f34ee0ab6591b792_MG_L_ML_ANON.jpg 2 0.000029 0.000562 0.000069 0.242663 0.000051 0.006027 0.970092 0.00024 0.000315 0 0.00013 -0.000038 0.000068
50998204_f34ee0ab6591b792_MG_R_ML_ANON.jpg 2 0.00002 0.000556 0.000048 0.242663 0.000035 0.004985 0.970098 0.000175 0.000231 0 0.000096 -0.000026 0.000047
50998231_f34ee0ab6591b792_MG_L_CC_ANON.jpg 2 0.000047 0.000401 0.000095 0.242625 0.000075 0.006112 0.970101 0.000262 0.000341 0 0.000147 -0.000052 0.000092
50998258_f34ee0ab6591b792_MG_R_CC_ANON.jpg 2 0.000024 0.000388 0.000048 0.242625 0.000037 0.004376 0.97011 0.000142 0.000189 0 0.000084 -0.000025 0.000046
50998322_1e4b534393d18753_MG_R_ML_ANON.jpg 1 0.000012 0.000483 0.000039 0.242646 0.000026 0.005313 0.9701 0.000171 0.000227 0 0.00009 -0.000021 0.000039
50998349_1e4b534393d18753_MG_R_CC_ANON.jpg 1 0.000029 0.00032 0.000044 0.24261 0.000038 0.00319 0.970119 0.000093 0.000123 0 0.000058 -0.000024 0.000042
50998413_1f139436acfc5467_MG_L_ML_ANON.jpg 2 0.000041 0.000541 0.000088 0.242658 0.000068 0.006231 0.970092 0.000271 0.000352 0 0.000148 -0.000048 0.000086
50998440_1f139436acfc5467_MG_R_ML_ANON.jpg 2 0.000029 0.000566 0.000068 0.242665 0.000051 0.005732 0.970093 0.000232 0.000304 0 0.000126 -0.000037 0.000067
50998467_1f139436acfc5467_MG_L_CC_ANON.jpg 2 0.000041 0.000382 0.000071 0.242623 0.000059 0.004645 0.970109 0.000175 0.000229 0 0.000103 -0.000039 0.000068
50998494_1f139436acfc5467_MG_R_CC_ANON.jpg 2 0.000069 0.000414 0.000127 0.242628 0.000104 0.00649 0.970097 0.000314 0.000405 0 0.000177 -0.000072 0.000122
50998580_cd12bc20b3d27d0b_MG_L_ML_ANON.jpg 2 0.000027 0.000578 0.000054 0.242669 0.000041 0.004602 0.970098 0.000168 0.000221 0 0.000095 -0.000029 0.000053
50998607_cd12bc20b3d27d0b_MG_R_ML_ANON.jpg 1 0.00002 0.000481 0.00004 0.242647 0.000031 0.004004 0.970106 0.000129 0.00017 0 0.000073 -0.000022 0.000039
50998634_cd12bc20b3d27d0b_MG_L_CC_ANON.jpg 2 0.000033 0.000338 0.000052 0.242613 0.000044 0.003612 0.970116 0.00012 0.000156 0 0.00007 -0.00003 0.00005
50998661_cd12bc20b3d27d0b_MG_R_CC_ANON.jpg 1 0.000033 0.000341 0.000054 0.242614 0.000045 0.003778 0.970115 0.000129 0.000168 0 0.000075 -0.00003 0.000052
50998981_a78eba834ef6ee88_MG_R_ML_ANON.jpg 5 0.000042 0.00039 0.00006 0.242626 0.000052 0.003375 0.970114 0.000114 0.000148 0 0.000069 -0.000034 0.000056
50999008_a78eba834ef6ee88_MG_R_CC_ANON.jpg 5 0.000084 0.000402 0.000102 0.242629 0.000095 0.003196 0.970114 0.000113 0.000145 0 0.000072 -0.000062 0.000086
50999094_cb65e8dac169f596_MG_L_ML_ANON.jpg 2 0.000044 0.000467 0.000079 0.242643 0.000065 0.005014 0.970103 0.000212 0.000274 0 0.000118 -0.000045 0.000077
50999121_cb65e8dac169f596_MG_R_ML_ANON.jpg 1 0.000016 0.000472 0.000037 0.242645 0.000027 0.004189 0.970106 0.000126 0.000169 0 0.000073 -0.000019 0.000036
50999148_cb65e8dac169f596_MG_L_CC_ANON.jpg 2 0.000032 0.000438 0.000052 0.242637 0.000043 0.003707 0.97011 0.000125 0.000164 0 0.000075 -0.000029 0.00005
50999175_cb65e8dac169f596_MG_R_CC_ANON.jpg 1 0.000028 0.000422 0.000051 0.242633 0.000041 0.004095 0.970109 0.000138 0.000183 0 0.000082 -0.000027 0.000049
50999246_cb65e8dac169f596_MG_L_ML_ANON.jpg 2 0.000021 0.000282 0.000044 0.2426 0.000034 0.004309 0.970117 0.00014 0.000181 0 0.000074 -0.000025 0.000043
50999273_cb65e8dac169f596_MG_R_ML_ANON.jpg 1 0.000013 0.000295 0.000033 0.242603 0.000024 0.004261 0.970116 0.000124 0.000162 0 0.000066 -0.000018 0.000033
50999300_cb65e8dac169f596_MG_L_CC_ANON.jpg 2 0.000027 0.000254 0.000047 0.242594 0.000039 0.003777 0.970121 0.000121 0.000156 0 0.000067 -0.000027 0.000046
50999327_cb65e8dac169f596_MG_R_CC_ANON.jpg 1 0.000024 0.000276 0.000043 0.242599 0.000034 0.003713 0.97012 0.000114 0.000148 0 0.000064 -0.000024 0.000041
50999432_f62fbf38fb208316_MG_L_ML_ANON.jpg 5 0.000044 0.000425 0.0001 0.24263 0.000079 0.006861 0.970094 0.000324 0.000404 0 0.000152 -0.000061 0.000098
50999459_f62fbf38fb208316_MG_L_CC_ANON.jpg 5 0.000029 0.000274 0.000055 0.242598 0.000044 0.00441 0.970117 0.000148 0.000193 0 0.000083 -0.000031 0.000053
51048738_3f22cdda8da215e3_MG_R_ML_ANON.jpg 3 0.000011 0.00032 0.000037 0.242607 0.000025 0.005306 0.97011 0.000162 0.000212 0 0.00008 -0.00002 0.000036
51048765_3f22cdda8da215e3_MG_R_CC_ANON.jpg 3 0.000023 0.000293 0.00005 0.242602 0.000038 0.004717 0.970114 0.000164 0.000211 0 0.000085 -0.000028 0.000049
51048891_f3e93e889a7746f0_MG_L_ML_ANON.jpg 2 0.000019 0.000351 0.00005 0.242615 0.000037 0.005392 0.970108 0.000193 0.000244 0 0.000091 -0.00003 0.00005
51048918_f3e93e889a7746f0_MG_R_ML_ANON.jpg 2 0.000015 0.000367 0.000041 0.242619 0.00003 0.004983 0.970109 0.000163 0.00021 0 0.000081 -0.000023 0.000041
51048945_f3e93e889a7746f0_MG_L_CC_ANON.jpg 2 0.000029 0.000264 0.000066 0.242594 0.000052 0.005651 0.970111 0.000219 0.000278 0 0.000108 -0.000039 0.000066
51048972_f3e93e889a7746f0_MG_R_CC_ANON.jpg 2 0.000023 0.000247 0.000049 0.242591 0.000039 0.00464 0.970117 0.000159 0.000204 0 0.000082 -0.000029 0.000049
51049053_8c105bb715bf1c3c_MG_L_ML_ANON.jpg 2 0.000029 0.000412 0.000077 0.242627 0.000058 0.006844 0.970095 0.00029 0.000367 0 0.000138 -0.000045 0.000077
51049080_8c105bb715bf1c3c_MG_R_ML_ANON.jpg 2 0.000018 0.000419 0.000055 0.24263 0.000039 0.006086 0.9701 0.000223 0.000287 0 0.000109 -0.000031 0.000054
51049107_8c105bb715bf1c3c_MG_L_CC_ANON.jpg 2 0.000048 0.000267 0.000098 0.242594 0.000079 0.006307 0.970107 0.00028 0.000353 0 0.000141 -0.000058 0.000096
51049134_8c105bb715bf1c3c_MG_R_CC_ANON.jpg 2 0.000027 0.000281 0.000064 0.242598 0.000049 0.005717 0.97011 0.000213 0.000274 0 0.00011 -0.000036 0.000063
51049249_832ebce700241036_MG_L_CC_ANON.jpg 2 0.000041 0.000384 0.000072 0.242623 0.000062 0.004702 0.970109 0.000183 0.000224 0 0.000087 -0.000046 0.00007
51049276_832ebce700241036_MG_L_ML_ANON.jpg 2 0.00003 0.000525 0.000063 0.242656 0.000049 0.00519 0.970098 0.000201 0.000263 0 0.00011 -0.000035 0.000062
51049462_6f64793857feb5d0_MG_L_ML_ANON.jpg 2 0.000013 0.00047 0.000041 0.242643 0.000028 0.005355 0.970101 0.000175 0.000232 0 0.000092 -0.000022 0.000041
51049489_6f64793857feb5d0_MG_R_ML_ANON.jpg 2 0.000052 0.000468 0.000131 0.242637 0.0001 0.008508 0.970079 0.000459 0.000582 0 0.000222 -0.000076 0.00013
51049516_6f64793857feb5d0_MG_L_CC_ANON.jpg 2 0.000023 0.000386 0.000049 0.242624 0.000038 0.004623 0.970109 0.000161 0.000211 0 0.000088 -0.000027 0.000048
51049543_6f64793857feb5d0_MG_R_CC_ANON.jpg 2 0.000076 0.000395 0.000148 0.242622 0.000122 0.007432 0.970092 0.000411 0.000513 0 0.000202 -0.000091 0.000145
51049628_6f64793857feb5d0_MG_L_ML_ANON.jpg 2 0.000019 0.000316 0.000057 0.242605 0.00004 0.006293 0.970105 0.000238 0.000304 0 0.000112 -0.000033 0.000057
51049655_6f64793857feb5d0_MG_R_ML_ANON.jpg 2 0.000036 0.000372 0.000113 0.242613 0.000083 0.009042 0.970081 0.000463 0.000578 0 0.000203 -0.000068 0.000113
51049682_6f64793857feb5d0_MG_L_CC_ANON.jpg 2 0.000023 0.000265 0.000048 0.242596 0.000038 0.004475 0.970117 0.000154 0.000197 0 0.000079 -0.000028 0.000047
51070197_6f64793857feb5d0_MG_R_CC_ANON.jpg 2 0.000079 0.000266 0.000151 0.242592 0.000127 0.007342 0.9701 0.000409 0.0005 0 0.000188 -0.000097 0.000148
53580611_40e22f2e3215b954_MG_L_ML_ANON.jpg 2 0.000026 0.00058 0.000071 0.242667 0.000051 0.006613 0.970087 0.000269 0.000352 0 0.000141 -0.000038 0.00007
53580638_40e22f2e3215b954_MG_R_ML_ANON.jpg 3 0.000015 0.000585 0.000043 0.24267 0.000029 0.005274 0.970094 0.000175 0.000234 0 0.000096 -0.000022 0.000042
53580665_40e22f2e3215b954_MG_L_CC_ANON.jpg 2 0.00002 0.000468 0.000043 0.242643 0.000032 0.004342 0.970106 0.000135 0.000182 0 0.000081 -0.000021 0.000041
53580692_40e22f2e3215b954_MG_R_CC_ANON.jpg 3 0.000019 0.000432 0.000039 0.242635 0.00003 0.004019 0.970109 0.000122 0.000164 0 0.000073 -0.00002 0.000038
53580804_51bec6477a7898b9_MG_L_ML_ANON.jpg 5 0.000022 0.000595 0.000055 0.242672 0.00004 0.005366 0.970093 0.000204 0.000267 0 0.000109 -0.00003 0.000054
53580831_51bec6477a7898b9_MG_R_ML_ANON.jpg 2 0.000024 0.00067 0.00006 0.24269 0.000043 0.005571 0.970088 0.000223 0.000294 0 0.00012 -0.000033 0.000059
53580858_51bec6477a7898b9_MG_L_CC_ANON.jpg 5 0.000025 0.000373 0.000046 0.242622 0.000037 0.003936 0.970113 0.000127 0.000167 0 0.000074 -0.000025 0.000045
53580885_51bec6477a7898b9_MG_R_CC_ANON.jpg 2 0.000038 0.000379 0.000068 0.242622 0.000055 0.004685 0.970109 0.000178 0.000233 0 0.000102 -0.000038 0.000065
53580979_4c341dad22471922_MG_L_ML_ANON.jpg 1 0.000019 0.000399 0.000041 0.242627 0.000031 0.004267 0.97011 0.000136 0.000178 0 0.000075 -0.000022 0.00004
53581006_4c341dad22471922_MG_R_ML_ANON.jpg 1 0.000021 0.000397 0.000044 0.242627 0.000033 0.00427 0.97011 0.000141 0.000184 0 0.000078 -0.000024 0.000043
53581033_4c341dad22471922_MG_L_CC_ANON.jpg 1 0.000023 0.000368 0.000044 0.24262 0.000034 0.003939 0.970113 0.000127 0.000166 0 0.000072 -0.000024 0.000042
53581060_4c341dad22471922_MG_R_CC_ANON.jpg 1 0.000025 0.00037 0.000046 0.242621 0.000037 0.003917 0.970113 0.000128 0.000168 0 0.000073 -0.000025 0.000044
53581124_3be876aecfaad4ca_MG_L_ML_ANON.jpg 1 0.000023 0.000462 0.000047 0.242642 0.000036 0.004271 0.970106 0.000146 0.000193 0 0.000083 -0.000025 0.000046
53581151_3be876aecfaad4ca_MG_L_CC_ANON.jpg 1 0.000048 0.000382 0.000073 0.242624 0.000063 0.004035 0.970112 0.000159 0.000203 0 0.00009 -0.000044 0.00007
53581237_80123a24997098dc_MG_R_ML_ANON.jpg 1 0.000013 0.000486 0.000043 0.242646 0.000029 0.005698 0.970098 0.000186 0.000248 0 0.000099 -0.000022 0.000043
53581264_80123a24997098dc_MG_R_CC_ANON.jpg 1 0.000024 0.000382 0.000053 0.242623 0.00004 0.004925 0.970108 0.000175 0.000229 0 0.000095 -0.000029 0.000052
53581379_b231a8ba4dd4214f_MG_L_ML_ANON.jpg 1 0.00001 0.000556 0.000035 0.242663 0.000022 0.005397 0.970095 0.000163 0.00022 0 0.000088 -0.000018 0.000035
53581406_b231a8ba4dd4214f_MG_R_ML_ANON.jpg 6 0.000011 0.000499 0.000035 0.24265 0.000023 0.005019 0.970101 0.000152 0.000204 0 0.000083 -0.000018 0.000035
53581433_b231a8ba4dd4214f_MG_L_CC_ANON.jpg 1 0.000017 0.000418 0.000039 0.242632 0.000029 0.004376 0.970109 0.00013 0.000174 0 0.000076 -0.00002 0.000038
53581460_b231a8ba4dd4214f_MG_R_CC_ANON.jpg 6 0.000023 0.0004 0.000047 0.242627 0.000037 0.004368 0.97011 0.000138 0.000184 0 0.000082 -0.000025 0.000046
53581769_573747ee33ef6e5a_MG_L_ML_ANON.jpg 1 0.000016 0.00042 0.000035 0.242632 0.000026 0.004007 0.97011 0.000118 0.000158 0 0.000068 -0.000018 0.000035
53581796_573747ee33ef6e5a_MG_L_CC_ANON.jpg 1 0.000044 0.000377 0.000074 0.242622 0.000062 0.004493 0.97011 0.000168 0.000219 0 0.000099 -0.000041 0.00007
53581860_21e6cc12630e5e9f_MG_L_ML_ANON.jpg 1 0.000094 0.000449 0.000165 0.242635 0.000139 0.007127 0.970091 0.000411 0.000514 0 0.00021 -0.000101 0.00016
53581887_21e6cc12630e5e9f_MG_R_ML_ANON.jpg 2 0.000048 0.000397 0.000096 0.242625 0.000077 0.006074 0.970101 0.000275 0.000353 0 0.000146 -0.000055 0.000093
53581914_21e6cc12630e5e9f_MG_L_CC_ANON.jpg 1 0.000044 0.000397 0.000064 0.242627 0.000056 0.00357 0.970113 0.000126 0.000164 0 0.000076 -0.000037 0.00006
53581941_21e6cc12630e5e9f_MG_R_CC_ANON.jpg 2 0.000033 0.000377 0.000054 0.242623 0.000045 0.003718 0.970114 0.000125 0.000164 0 0.000074 -0.00003 0.000051
53582304_8913a7e0cf3bd74e_MG_R_ML_ANON.jpg 1 0.000012 0.000521 0.000035 0.242655 0.000024 0.004927 0.9701 0.000146 0.000197 0 0.000082 -0.000018 0.000035
53582331_8913a7e0cf3bd74e_MG_R_CC_ANON.jpg 1 0.000018 0.00039 0.000039 0.242625 0.000029 0.004164 0.970111 0.000124 0.000165 0 0.000072 -0.00002 0.000038
53582395_3f0db31711fc9795_MG_L_ML_ANON.jpg 1 0.000012 0.000512 0.000038 0.242653 0.000025 0.005227 0.970099 0.000164 0.00022 0 0.000089 -0.00002 0.000038
53582422_3f0db31711fc9795_MG_R_ML_ANON.jpg 2 0.00002 0.000527 0.000049 0.242656 0.000035 0.005124 0.970099 0.000187 0.000247 0 0.000101 -0.000026 0.000049
53582449_3f0db31711fc9795_MG_L_CC_ANON.jpg 1 0.000024 0.000414 0.000045 0.242631 0.000036 0.004021 0.97011 0.000128 0.00017 0 0.000075 -0.000024 0.000044
53582476_3f0db31711fc9795_MG_R_CC_ANON.jpg 2 0.000032 0.000369 0.000058 0.24262 0.000047 0.004261 0.970112 0.000149 0.000196 0 0.000087 -0.000032 0.000055
53582540_3e73f1c0670cfb0a_MG_R_ML_ANON.jpg 1 0.000018 0.000459 0.000041 0.242641 0.000031 0.00438 0.970106 0.000143 0.000189 0 0.000079 -0.000022 0.00004
53582567_3e73f1c0670cfb0a_MG_R_CC_ANON.jpg 1 0.000036 0.00037 0.000059 0.242621 0.00005 0.003945 0.970113 0.000136 0.000178 0 0.000081 -0.000033 0.000056
53582656_465aa5ec1b59efc6_MG_L_ML_ANON.jpg 5 0.000072 0.000621 0.000146 0.242676 0.00012 0.007091 0.970081 0.000473 0.000581 0 0.000216 -0.000095 0.000145
53582683_465aa5ec1b59efc6_MG_L_CC_ANON.jpg 5 0.000058 0.000647 0.000103 0.242684 0.000084 0.005456 0.97009 0.000284 0.000364 0 0.000153 -0.000061 0.0001
53582710_465aa5ec1b59efc6_MG_R_ML_ANON.jpg 2 0.000015 0.000376 0.000064 0.242616 0.000042 0.007998 0.970089 0.000305 0.000392 0 0.000139 -0.000036 0.000064
53582737_465aa5ec1b59efc6_MG_L_ML_ANON.jpg 2 0.000059 0.000374 0.000132 0.242616 0.000106 0.007734 0.970091 0.000416 0.000516 0 0.000193 -0.000081 0.00013
53582764_465aa5ec1b59efc6_MG_R_ML_ANON.jpg 2 0.00002 0.000346 0.000074 0.242609 0.000051 0.007948 0.970091 0.000319 0.000408 0 0.000147 -0.000042 0.000073
53582791_465aa5ec1b59efc6_MG_L_CC_ANON.jpg 2 0.000067 0.000384 0.000137 0.242619 0.000112 0.007401 0.970093 0.000391 0.000486 0 0.000189 -0.000084 0.000134
53582818_465aa5ec1b59efc6_MG_R_CC_ANON.jpg 2 0.000027 0.000308 0.000078 0.242602 0.000057 0.00726 0.970099 0.000293 0.000374 0 0.000142 -0.000044 0.000077
53586361_dda3c6969a34ff8e_MG_L_ML_ANON.jpg 1 0.000029 0.000417 0.000059 0.242631 0.000046 0.004799 0.970107 0.000179 0.000233 0 0.000098 -0.000033 0.000057
53586388_dda3c6969a34ff8e_MG_R_ML_ANON.jpg 1 0.000014 0.000443 0.000039 0.242637 0.000027 0.004952 0.970104 0.000154 0.000206 0 0.000085 -0.00002 0.000039
53586415_dda3c6969a34ff8e_MG_L_CC_ANON.jpg 1 0.000041 0.000401 0.000066 0.242628 0.000056 0.004101 0.970111 0.000151 0.000197 0 0.000089 -0.000038 0.000063
53586442_dda3c6969a34ff8e_MG_R_CC_ANON.jpg 1 0.000021 0.0004 0.00005 0.242627 0.000037 0.005081 0.970106 0.000166 0.000221 0 0.000094 -0.000026 0.000049
53586724_e5f3f68b9ce31228_MG_L_ML_ANON.jpg 2 0.000015 0.000682 0.000049 0.242691 0.000032 0.006216 0.970083 0.000212 0.000286 0 0.000116 -0.000025 0.000049
53586751_e5f3f68b9ce31228_MG_R_ML_ANON.jpg 2 0.000043 0.00067 0.000121 0.242684 0.000088 0.008729 0.970066 0.000454 0.000587 0 0.00023 -0.000067 0.00012
53586778_e5f3f68b9ce31228_MG_L_CC_ANON.jpg 2 0.000016 0.000508 0.000037 0.242653 0.000027 0.004397 0.970103 0.000127 0.000174 0 0.000078 -0.000018 0.000036
53586805_e5f3f68b9ce31228_MG_R_CC_ANON.jpg 2 0.000055 0.000514 0.000127 0.242649 0.000098 0.007813 0.970082 0.000394 0.000509 0 0.000211 -0.00007 0.000124
53586869_6ac23356b912ee9b_MG_L_ML_ANON.jpg 2 0.000012 0.000659 0.000045 0.242686 0.000028 0.006418 0.970083 0.000204 0.000278 0 0.000112 -0.000022 0.000045
53586896_6ac23356b912ee9b_MG_L_CC_ANON.jpg 2 0.000012 0.000491 0.000037 0.242648 0.000024 0.005173 0.970101 0.000144 0.000198 0 0.000085 -0.000017 0.000036
53586960_809e3f43339f93c6_MG_L_ML_ANON.jpg 2 0.000026 0.000571 0.000063 0.242666 0.000047 0.005716 0.970093 0.000224 0.000294 0 0.000121 -0.000034 0.000063
53586987_809e3f43339f93c6_MG_R_ML_ANON.jpg 2 0.000012 0.000583 0.000036 0.24267 0.000024 0.00499 0.970096 0.000145 0.000199 0 0.000085 -0.000017 0.000035
53587014_809e3f43339f93c6_MG_L_CC_ANON.jpg 2 0.00003 0.000457 0.000066 0.242639 0.00005 0.005542 0.970101 0.000205 0.000273 0 0.00012 -0.000034 0.000065
53587041_809e3f43339f93c6_MG_R_CC_ANON.jpg 2 0.00001 0.000488 0.00003 0.242648 0.00002 0.004533 0.970104 0.000115 0.00016 0 0.000071 -0.000014 0.000029
53587104_7b71aa9928e6975e_MG_L_ML_ANON.jpg 2 0.00002 0.000482 0.000045 0.242647 0.000034 0.004587 0.970104 0.000153 0.000203 0 0.000087 -0.000024 0.000044
53587131_7b71aa9928e6975e_MG_L_CC_ANON.jpg 2 0.000021 0.000418 0.000042 0.242632 0.000032 0.004036 0.97011 0.000125 0.000168 0 0.000074 -0.000022 0.00004
53587427_d2befe622e188943_MG_L_ML_ANON.jpg 2 0.000013 0.000485 0.000042 0.242646 0.000028 0.005522 0.970099 0.000188 0.000248 0 0.000097 -0.000023 0.000042
53587454_d2befe622e188943_MG_R_ML_ANON.jpg 2 0.00001 0.000549 0.000042 0.24266 0.000026 0.006373 0.97009 0.000199 0.000268 0 0.000105 -0.000021 0.000042
53587481_d2befe622e188943_MG_L_CC_ANON.jpg 2 0.000023 0.000431 0.00005 0.242634 0.000037 0.004688 0.970106 0.000166 0.000218 0 0.000091 -0.000027 0.000049
53587508_d2befe622e188943_MG_R_CC_ANON.jpg 2 0.000013 0.000483 0.000038 0.242646 0.000026 0.004962 0.970102 0.000151 0.000203 0 0.000084 -0.000019 0.000037
53587572_11e6732579acf692_MG_L_ML_ANON.jpg 2 0.000024 0.000636 0.00007 0.242679 0.000049 0.006874 0.970082 0.000285 0.000374 0 0.000148 -0.000038 0.00007
53587599_11e6732579acf692_MG_L_CC_ANON.jpg 2 0.000024 0.000473 0.000064 0.242642 0.000046 0.006215 0.970096 0.000237 0.000313 0 0.000128 -0.000034 0.000063
53587663_5fb370d4c1c71974_MG_R_CC_ANON.jpg 2 0.000077 0.000402 0.000143 0.242624 0.000118 0.00703 0.970095 0.000353 0.000453 0 0.000197 -0.000081 0.000137
53587690_5fb370d4c1c71974_MG_L_ML_ANON.jpg 1 0.000019 0.000592 0.00005 0.242671 0.000036 0.005411 0.970093 0.000182 0.000245 0 0.000104 -0.000025 0.000049
53587717_5fb370d4c1c71974_MG_R_ML_ANON.jpg 2 0.000064 0.000538 0.000129 0.242656 0.000103 0.007162 0.970086 0.000371 0.000475 0 0.000196 -0.000074 0.000126
53587744_5fb370d4c1c71974_MG_L_CC_ANON.jpg 1 0.000017 0.000442 0.000038 0.242637 0.000028 0.004214 0.970108 0.000119 0.000163 0 0.000074 -0.000018 0.000037
