Precisão média por imagem
0.620
0.536
0.567
0.540
0.519
0.507
0.505
0.522
0.535
0.542
0.530
0.536
0.532
0.539
0.530
0.525
0.521
0.514
0.512
0.520
0.518
0.534
0.533
0.532
0.531
0.529
0.528
0.527
0.529
0.527
0.528
0.533
0.529
0.525
0.524
0.522
0.521
0.521
0.521
0.526
0.524
0.522
0.526
0.525
0.528
0.525
0.530
0.528
0.526
0.522
0.520
0.524
0.521
0.519
0.520
0.519
0.523
0.522
0.531
0.529
0.529
0.527
0.527
0.526
0.524
0.520
0.519
0.519
0.517
0.516
0.516
0.515
0.513
0.513
0.512
0.512
0.510
0.511
0.512
0.513
0.511
0.509
0.508
0.508
0.507
0.507
0.506
0.505
0.504
0.511
0.510
0.517
0.516
0.515
0.515
0.514
0.520
0.519
0.522
0.521
0.523
0.522
0.522
0.523
0.523
0.524
0.523
0.521
0.520
0.519
0.519
0.518
0.517
0.517
0.515
0.514
0.514
0.513
0.512
0.511
0.510
0.512
0.511
0.511
0.512
0.513
0.517
0.519
0.518
0.518
0.518
0.518
0.519
0.520
0.521
0.525
0.525
0.524
0.524
0.525
0.524
0.523
0.522
0.521
0.521
0.520
0.519
0.519
0.519
0.518
0.518
0.517
0.517
0.517
0.516
0.518
0.517
0.517
0.516
0.517
0.519
0.519
0.518
0.522
0.526
0.526
0.529
0.529
0.528
0.529
0.528
0.528
0.528
0.527
0.526
0.530
0.529
0.531
0.530
0.530
0.530
0.530
0.529
0.530
0.530
0.529
0.529
0.529
0.530
0.530
0.529
0.528
0.528
0.528
0.528
0.528
0.528
0.527
0.527
0.526
0.525
0.525
0.524
0.524
0.524
0.523
0.523
0.522
0.522
0.522
0.522
0.524
0.525
0.528
0.529
0.530
0.531
0.533
0.535
0.536
0.538
0.540
0.543
0.543
0.546
0.545
0.545
0.544
0.543
0.543
0.542
0.542
0.541
0.541
0.540
0.539
0.539
0.539
0.539
0.538
0.538
0.537
0.537
0.536
0.536
0.536
0.536
0.535
0.535
0.535
0.535
0.535
0.534
0.534
0.534
0.533
0.533
0.532
0.532
0.532
0.531
0.531
0.531
0.532
0.533
0.535
0.535
0.537
0.537
0.538
0.538
0.538
0.538
0.538
0.537
0.538
0.538
0.538
0.538
0.538
0.537
0.538
0.538
0.538
0.537
0.537
0.538
0.538
0.539
0.539
0.539
0.538
0.538
0.539
0.539
0.539
0.539
0.539
0.539
0.540
0.539
0.539
0.539
0.539
0.540
0.540
0.540
0.540
0.540
0.540
0.539
0.539
0.539
0.539
0.539
0.539
0.539
0.539
0.538
0.538
0.538
0.537
0.537
0.537
0.537
0.537
0.537
0.537
0.537
0.537
0.538
0.538
0.539
0.539
0.539
0.539
0.540
0.540
0.541
0.541
0.543
0.542
0.543
0.543
0.543
0.543
0.543
0.543
0.543
0.542
0.542
0.542
0.542
0.542
0.542
0.542
0.542
0.542
0.541
0.541
0.541
0.541
0.541
0.541
0.541
0.540
0.541
0.541
0.540
0.540
0.540
0.540
0.540
0.540
0.539
0.539
0.539
0.539
0.539
0.540
0.541
0.542
0.543
0.544
0.544
0.543
0.543
0.543
0.543
0.545
0.544
0.546
0.546
0.546
0.546
0.546
0.547
0.546
0.546
0.546
0.546
0.546
0.546
0.546
0.546
0.547
0.547
0.547
0.547
0.547