0 1 15.1880 5.5710 35.5820 -106.3070 
0 1 12.2600 5.4740 6.4730 -76.5860 
0 1 10.4070 4.7920 4.8840 -135.8240 
0 1 15.1720 7.2200 -36.6590 -148.3580 
0 1 11.5320 6.1120 64.4410 -85.0310 
0 1 11.4340 5.9900 53.9350 -39.9540 
0 1 13.1440 5.2830 -94.4080 -15.5410 
0 1 11.2920 7.5880 36.6990 -131.1190 
0 1 8.0210 4.2650 79.4680 -21.4500 
0 1 15.9050 8.2430 -6.7340 -145.2240 
0 1 11.4560 6.6060 32.2620 -55.5000 
0 1 8.4440 4.3580 122.8590 293.8780 
0 1 17.0250 4.7780 -101.2070 103.9650 
0 1 17.1650 3.9570 -38.4400 -51.9170 
0 1 17.6290 4.4450 -50.9560 -72.2080 
0 1 17.2540 5.2050 -130.5280 191.7230 
0 1 16.7290 5.4320 -91.6740 36.8710 
0 1 18.5110 7.2670 -45.0250 -134.5750 
0 1 11.6900 5.4510 70.1450 -86.1010 
0 1 13.1620 4.7880 -11.7690 -91.5460 
0 1 12.6870 4.7130 32.3200 -5.2580 
0 1 19.0180 7.4630 -58.2050 -137.5920 
0 1 17.0840 8.7460 -74.1160 -111.0050 
0 1 16.0120 7.6900 -60.6900 -93.0050 
0 1 17.0670 8.1550 -27.6930 -155.9180 
0 1 16.2430 8.1900 -11.5460 -158.1040 
0 1 17.6290 8.8100 -40.8350 -165.3330 
0 1 16.7220 8.9000 -20.6400 -178.1440 
0 1 17.5600 6.6760 -14.0640 -138.1870 
0 1 19.9660 6.6700 -84.9970 -82.1110 
0 1 20.8740 6.6660 -112.4260 -34.5950 
0 1 19.9520 7.2530 -88.7870 -95.3620 
0 1 20.9290 6.3520 -127.5460 16.6610 
0 1 22.0010 4.8850 -117.9780 28.4250 
0 1 19.4230 8.3260 -109.3400 -44.5020 
0 1 12.3530 7.8410 1.9450 -149.8320 
0 1 8.0070 5.4560 52.0520 -50.7460 
0 1 21.3290 8.1330 -148.9990 30.2770 
0 1 12.0520 5.4370 17.4970 -99.0700 
0 1 10.4250 5.2180 63.7640 -59.1500 
0 1 10.3990 7.8640 34.7540 -163.8600 
0 1 6.9790 5.4570 164.7350 220.3190 
0 1 10.5180 6.4220 7.7270 -129.7500 
0 1 18.2540 7.8280 -51.5780 -138.4910 
0 1 18.0310 7.2830 -32.2370 -141.0270 
0 1 17.9460 6.9980 -45.2790 -94.9390 
0 1 18.9870 7.1300 -62.8200 -101.8160 
0 1 12.5760 5.2970 69.2690 -48.2510 
0 1 9.0000 6.8610 37.2910 -113.1180 
0 1 12.8720 5.9140 -3.1400 -103.4470 
0 1 15.7590 9.8580 -21.0640 -173.9680 
0 1 16.6370 6.3890 -33.1160 -135.0030 
0 1 20.7170 5.0180 -136.1580 136.7940 
0 1 18.4470 7.3400 -106.5780 -28.6850 
0 1 18.2230 7.8060 -50.8470 -138.9140 
0 1 17.3360 4.7240 -69.6850 136.7450 
0 1 9.4790 5.4100 66.6680 7.4160 
0 1 16.2140 8.8220 1.8880 -184.7510 
0 1 17.4220 7.8520 -28.5340 -136.8520 
0 1 19.9950 3.9490 -66.1650 152.7540 
0 1 14.1730 7.3270 -16.9890 -148.9320 
0 1 12.2260 6.3140 -45.1140 -160.0060 
0 1 9.3090 4.8670 71.2020 2.9250 
0 1 14.6720 5.7740 -41.4940 -55.0750 
0 1 16.4760 5.1640 -31.7120 -171.7860 
0 1 8.7770 4.1880 55.0350 -47.1900 
0 1 11.5290 5.2340 29.0160 -63.7050 
0 1 7.6140 6.1520 94.1880 -24.9400 
0 1 9.8160 4.3750 89.4710 36.0100 
0 1 20.4420 5.8150 -69.3290 -89.3670 
0 1 8.0820 4.6090 4.4750 -52.7350 
0 1 11.1210 8.9810 72.2290 -117.3690 
0 1 14.6030 7.4070 47.1440 -139.6760 
0 1 22.9770 3.4960 -246.3470 602.2150 
0 1 13.6960 7.1570 61.1760 -108.8140 
0 1 16.1650 8.9810 -10.6490 -171.5100 
0 1 18.5540 6.8840 -80.2760 -45.2280 
0 1 8.9510 3.6870 21.5300 -36.4940 
0 1 15.8590 7.1000 16.5490 -140.6670 
0 1 16.8190 7.4670 -5.8980 -153.7400 
0 1 18.4360 8.6580 -94.7380 -73.7740 
0 1 8.5130 6.7180 105.5230 7.6760 
0 1 13.1390 6.6400 -60.4030 -76.6660 
0 1 11.4320 4.0580 30.0490 119.8320 
0 1 12.7920 4.8060 71.1590 31.1970 
0 1 16.6190 3.5310 -81.7680 293.4410 
0 1 9.3960 4.1320 58.5370 -24.8310 
0 1 21.4980 4.1540 -88.9560 81.7610 
0 1 12.5240 5.8450 -34.4530 -106.9240 
0 1 17.7780 6.8890 -91.7820 -12.8450 
0 1 20.2460 6.9510 -99.0310 -41.0940 
0 1 17.1220 8.3650 -47.0630 -137.0960 
0 1 15.6540 9.4880 -43.5690 -139.3960 
0 1 16.6600 10.0130 -54.9750 -144.4970 
0 1 15.4160 8.3290 28.3900 -174.1340 
0 1 10.3490 7.0420 111.1560 39.1610 
0 1 12.1100 6.7380 90.8120 -25.5010 
0 1 11.3680 5.5510 33.0120 -70.4710 
0 1 13.9360 8.1020 6.6880 -163.5180 
0 1 14.6090 8.9190 29.5980 -182.9950 
0 1 13.2930 6.4940 39.9650 -110.1550 
0 1 16.4020 7.4750 14.9230 -154.3050 
0 1 16.6380 7.1820 9.1190 -146.4300 
0 1 9.1200 5.7190 61.1330 -27.3340 
0 1 10.7280 7.9700 22.6020 -148.0300 
0 1 13.5150 9.1510 30.3430 -155.5980 
0 1 15.7280 7.1510 -7.8000 -134.0100 
0 1 17.5580 7.2280 -55.1490 -98.6290 
0 1 16.5540 7.2070 -25.9250 -122.3120 
0 1 14.8280 7.3900 4.5720 -121.6110 
0 1 14.4660 6.3940 -35.4290 -105.6680 
0 1 14.5580 6.3130 -24.2750 -118.6400 
0 1 14.5240 6.5170 16.8770 -115.0440 
0 1 13.4330 5.8920 12.8280 -56.8540 
0 1 19.7840 7.3210 -83.0590 -91.9700 
0 1 19.8190 7.3130 -84.0320 -90.2210 
0 1 5.1800 3.0360 127.0110 221.8960 
0 1 12.6920 5.0450 -46.5400 -48.9110 
0 1 17.7310 10.3830 -67.3140 -145.7390 
0 1 19.9700 7.8230 -119.4510 2.3390 
0 1 20.0030 9.0290 -113.9710 -55.6320 
0 1 5.3270 5.4460 58.0280 -55.3380 
0 1 21.7850 5.1100 -179.2390 384.1280 
0 1 16.8260 10.1700 -43.7780 -167.2050 
0 1 18.1390 9.3530 -61.5350 -146.6370 
0 1 17.0450 6.9910 9.3850 -148.6470 
0 1 13.2210 7.4770 37.6040 -111.5950 
0 1 22.1560 4.1700 -111.2340 29.0270 
0 1 15.3340 6.9720 16.1170 -143.4260 
0 1 11.7410 7.3370 -25.8620 -138.4980 
0 1 9.1680 6.3460 80.5850 -38.0100 
0 1 20.3680 5.4720 -35.1830 -165.2230 
0 1 16.1530 8.1430 -10.4650 -157.0030 
0 1 14.7840 4.7980 -1.0670 -83.0230 
0 1 9.4580 6.1120 74.9040 -5.5830 
0 1 5.9000 5.4110 82.9730 8.0030 
0 1 20.6390 5.4980 -47.6780 -152.6830 
0 1 12.0900 4.8190 71.8060 -6.1000 
0 1 18.3170 7.8940 -75.5450 -95.3000 
0 1 5.8410 6.5370 125.7840 53.6810 
0 1 6.9380 5.5100 68.0100 -41.5590 
0 1 15.8420 5.7870 14.4240 -79.7510 
0 1 14.0300 9.0000 1.7100 -167.2660 
0 1 19.7850 5.8480 -86.5020 -13.1590 
0 1 11.8550 5.4230 62.4190 -64.4660 
0 1 11.1240 6.1000 11.2500 -80.7970 
0 1 17.7860 5.7940 32.1340 -150.1580 
0 1 16.7520 5.1410 56.0800 -94.7580 
0 1 14.5330 3.2290 -79.1080 72.3870 
0 1 5.3950 5.3080 76.4940 -46.1600 
0 1 12.3470 7.8720 -27.5550 -116.4060 
0 1 13.6910 5.3340 -32.0620 68.7710 
0 1 15.5660 6.3180 -23.8240 -109.5400 
0 1 13.2270 6.2920 100.0850 -35.7290 
0 1 13.5250 7.9280 63.6370 -131.1250 
0 1 17.3590 7.5850 -24.1120 -142.3930 
0 1 7.9560 3.3960 98.9650 154.3760 
0 1 16.0300 8.1510 18.2940 -174.5250 
0 1 13.7950 8.3690 -23.8780 -134.3770 
0 1 18.0900 9.0310 -70.0240 -125.4360 
0 1 16.2260 8.4940 -17.8810 -151.1860 
0 1 6.1570 5.7310 83.4160 -25.7440 
0 1 14.6910 8.9290 19.9030 -170.6610 
0 1 11.1130 5.6680 47.2430 -52.9100 
0 1 15.7780 8.6240 -14.6040 -153.8300 
0 1 8.5950 5.7530 114.8800 58.7400 
0 1 9.5200 8.2890 47.7860 -117.1990 
0 1 12.2250 7.2420 44.3240 -64.1410 
0 1 7.1980 8.1140 120.7980 17.8140 
0 1 20.0420 6.4230 -93.0120 222.0000 
0 1 14.1950 6.5680 -42.0240 -113.4630 
0 1 15.4810 4.5540 -33.2850 -52.1130 
0 1 14.6370 9.6380 11.4610 -181.6180 
0 1 7.1370 7.5000 130.4060 29.8640 
0 1 14.3060 8.3500 19.4830 -157.4620 
0 1 18.9970 5.9580 -31.1120 -97.5710 
0 1 14.2180 7.1810 -41.0730 -90.8220 
0 1 12.3720 5.2210 -47.7000 -84.5150 
0 1 9.2880 6.5260 102.6790 16.3710 
0 1 4.5850 4.1640 160.7010 240.9230 
0 1 15.1750 9.8940 -18.4050 -170.8360 
0 1 14.2260 9.4410 -9.8180 -161.4090 
0 1 17.6140 6.5800 -98.7700 -13.4090 
0 1 15.6430 7.6500 24.9950 -158.3090 
0 1 19.7210 5.3980 -18.1170 -148.9780 
0 1 22.8910 3.6920 -230.6580 604.1600 
0 1 18.7080 6.7350 -44.8590 -117.9840 
0 1 15.0030 4.2860 -25.2810 1.6060 
0 1 7.7080 3.5090 93.5310 117.3100 
0 1 9.7650 5.9300 26.9370 -114.0730 
0 1 12.9960 6.1150 -26.2950 -110.1470 
0 1 20.7790 7.2620 -141.6640 81.1450 
0 1 8.4530 6.4060 56.6790 -39.8140 
0 1 13.1590 7.7980 24.1380 -133.0280 
0 1 16.2710 6.9720 12.3430 -121.9000 
0 1 7.7210 6.5190 80.8200 -88.7680 
0 1 15.9630 4.6240 -88.8020 173.3600 
0 1 15.6270 8.5720 13.4770 -178.3760 
0 1 10.2370 7.4540 -33.1370 -161.1830 
0 1 20.1860 7.1960 -70.5460 -136.1380 
0 1 4.9100 5.3370 100.5290 19.6060 
0 1 18.9210 5.7440 -33.4520 -121.0480 
0 1 18.1690 6.8670 -26.4340 -121.9900 
0 1 19.5780 8.4920 -87.8650 -104.2970 
0 1 9.0980 8.8310 111.8000 -40.6320 
0 1 10.7070 5.1690 42.5840 -50.1180 
0 1 16.6450 3.0610 -195.1490 350.7160 
0 1 10.4670 6.4500 49.8700 -66.6600 
0 1 11.5050 3.3900 7.6750 -102.6990 
0 1 8.5340 4.7580 45.9280 -88.6100 
0 1 9.4360 6.6630 67.3010 -59.8950 
0 1 13.9240 6.1970 -37.5660 -87.8530 
0 1 9.3130 5.8160 40.9000 -59.4300 
0 1 20.7520 6.8610 -144.9270 76.8690 
0 1 20.6500 6.6840 -134.9900 63.9990 
0 1 22.3860 5.5230 -179.2610 215.5840 
0 1 14.7740 3.0190 -9.6090 32.1500 
0 1 11.7570 6.8100 8.1990 -136.6100 
0 1 12.7960 5.1400 42.2320 -86.8900 
0 1 9.9390 7.3530 40.2330 -100.2640 
0 1 9.4750 6.6540 80.5420 -52.8860 
0 1 9.5440 6.3680 99.8240 -10.5520 
0 1 8.5120 5.4440 134.0970 132.9910 
0 1 6.9080 3.7780 168.4300 383.2890 
0 1 14.6240 6.4350 42.6490 -66.0210 
0 1 14.1640 10.4650 -4.3370 -181.9190 
0 1 16.0450 9.9560 -19.5130 -188.0560 
0 1 15.9390 9.9630 -17.4550 -188.7550 
0 1 17.5410 7.3340 -8.9990 -163.3510 
0 1 8.1060 5.4790 72.1530 -45.7480 
0 1 8.4570 5.9180 148.4710 68.0590 
0 1 15.5800 4.5950 -42.4810 -50.8810 
0 1 14.0160 4.4430 -4.8220 -61.2550 
0 1 15.8970 4.3290 -20.7730 -75.9860 
0 1 6.7980 5.7900 116.8460 25.1990 
0 1 17.3960 8.5810 -41.5710 -131.8930 
0 1 19.6490 7.9800 -94.9190 -75.6140 
0 1 19.1250 7.2880 -67.8870 -95.9180 
0 1 13.2460 5.5500 -9.4020 -79.8510 
0 1 15.6980 6.2260 -87.6430 -64.5590 
0 1 12.3270 6.2740 38.5580 -86.6760 
0 1 13.1690 9.5980 15.6800 -162.9090 
0 1 12.5000 6.0160 -33.9860 -101.5400 
0 1 10.2550 6.8370 99.9700 -12.3790 
0 1 13.1250 5.1120 46.8470 -46.6050 
0 1 10.2250 4.6980 93.7670 74.7710 
0 1 11.3460 6.1750 87.6040 371.0000 
0 1 14.6420 9.3390 15.1500 -172.7250 
0 1 16.8050 4.1340 -943.0000 27.3540 
0 1 11.9140 8.8650 46.3460 -155.8860 
0 1 8.3590 5.1260 65.7880 2.5190 
0 1 8.3650 2.1640 76.7300 145.8740 
0 1 14.7740 8.6730 26.9610 -173.0570 
0 1 11.4460 6.0200 71.5550 -106.0520 
0 1 20.2250 6.5620 -80.1150 -75.1950 
0 1 18.7710 8.8930 -76.6140 -112.5280 
0 1 15.9990 6.4410 4.4580 -66.3300 
0 1 10.0150 4.1390 71.3700 138.4280 
0 1 14.9840 7.2070 -46.9040 -97.7610 
0 1 16.9300 9.8030 -51.6760 -147.4640 
0 1 13.2290 7.5010 -35.1740 -152.0460 
0 1 14.3660 7.9870 -32.6720 -141.5990 
0 1 15.4030 6.1620 -17.9190 -97.2690 
0 1 12.5550 7.6960 -575.0000 -128.0830 
0 1 13.4610 8.1320 -11.8400 -132.9180 
0 1 9.5320 8.6500 75.5610 -96.1310 
0 1 18.4340 6.3100 -21.4550 -133.3610 
0 1 11.0830 7.2400 74.7640 -83.6160 
0 1 15.0050 10.1440 -2.0160 -188.8510 
0 1 19.4800 4.5620 -102.5980 73.6740 
0 1 18.4520 5.6710 -17.3170 -126.8720 
0 1 14.0950 8.7300 -21.9000 -149.7380 
0 1 8.4580 6.2810 107.7970 14.6580 
0 1 8.2500 6.9420 93.7380 3.0650 
0 1 16.0000 8.0700 19.1790 -178.5210 
0 1 10.2920 5.7300 22.1370 -50.5340 
0 1 9.7630 6.2260 52.4570 -114.5530 
0 1 16.7060 7.3200 -40.3510 -89.8090 
0 1 10.3660 6.0990 45.7450 -124.5930 
0 1 11.9880 9.1700 66.2730 -140.7810 
0 1 12.0510 8.6740 61.3350 -118.6040 
0 1 16.2320 3.9700 -14.2110 72.5800 
0 1 15.4760 9.4220 -6.9780 -176.8220 
0 1 15.4100 9.1210 -3.0940 -171.8880 
0 1 15.5350 9.6550 -11.7570 -178.8760 
0 1 15.0110 4.6580 -18.4050 -61.4070 
0 1 14.3090 5.1780 -36.3810 -23.7370 
0 1 11.5600 3.7810 48.6830 212.4110 
0 1 16.1880 6.5170 -48.6390 -117.0600 
0 1 9.7570 3.2580 89.6880 299.1730 
0 1 19.0570 7.8740 -69.4360 -122.4180 
0 1 11.3420 5.6410 -266.0000 -109.3780 
0 1 8.2290 3.4000 10.7500 215.1560 
0 1 11.9300 5.2660 31.2290 -84.7480 
0 1 18.7180 7.5510 -43.7420 -140.4120 
0 1 18.7780 7.8080 -50.4810 -144.4560 
0 1 15.8690 5.0340 -64.9800 49.0350 
0 1 18.3820 7.6400 -55.5510 -113.3940 
0 1 10.2290 7.3830 45.7020 -60.9150 
0 1 11.6460 7.4410 7.3040 -184.0010 
0 1 10.0500 4.2460 -16.9450 -5.8780 
0 1 9.9390 5.8420 65.9830 12.7960 
0 1 12.0280 6.8890 25.9820 -93.5680 
0 1 9.8920 5.0150 -12.8320 -85.3390 
0 1 19.7880 5.9740 -22.7390 -175.3230 
0 1 12.0400 6.7210 25.8320 -156.0430 
0 1 11.7710 5.8460 -35.6640 -104.9320 
0 1 19.3990 7.4060 -88.3790 -46.4260 
0 1 9.2910 4.9260 61.6940 40.0750 
0 1 8.5760 4.3690 18.8280 33.2370 
0 1 4.5450 5.3750 115.6180 71.0040 
0 1 5.9640 5.3210 72.6430 -16.9790 
0 1 4.6230 4.9520 85.2070 -25.8510 
0 1 14.6920 5.5540 -9.8270 -135.8960 
0 1 20.6020 4.7040 -106.2490 65.9560 
0 1 11.2240 8.6210 41.1740 -147.6260 
0 1 9.6930 5.5540 33.0860 -63.5260 
0 1 14.6690 7.8500 45.7720 -156.5570 
0 1 9.8050 5.5440 29.1730 -68.1460 
0 1 14.8630 7.9080 41.0190 -161.3830 
0 1 13.7460 8.1200 29.4190 -121.2360 
0 1 13.1920 3.6200 32.5590 -63.1780 
0 1 13.7720 3.0950 -25.6470 57.4740 
0 1 12.9170 7.9720 43.8790 -157.3510 
0 1 15.2040 8.3080 5.4710 -155.2940 
0 1 17.1510 7.2640 -21.7150 -130.3670 
0 1 9.7860 4.6110 24.5390 -48.2750 
0 1 20.7030 4.7470 -58.4530 -28.2120 
0 1 19.4440 6.8350 -63.1630 -104.0720 
0 1 21.7970 5.6360 -169.7710 273.1780 
0 1 12.9590 7.8320 -31.6960 -150.8090 
0 1 13.1940 8.0470 50.0870 -111.4690 
0 1 7.5930 4.4760 50.6430 -22.8810 
0 1 10.1760 5.8960 16.3890 -79.5470 
0 1 9.3880 6.2080 16.7090 -114.5860 
0 1 5.9640 4.4580 95.4670 16.6920 
0 1 17.5940 4.7170 -7.1650 40.6910 
0 1 20.4960 7.2970 -117.6610 3.5960 
0 1 6.6190 5.7280 144.3580 154.9600 
0 1 21.0030 6.2700 -145.3480 108.8700 
0 1 18.6320 7.8550 -62.9800 -100.2590 
0 1 7.3920 6.2620 162.3410 201.6460 
0 1 10.5490 6.5190 39.4750 -65.7360 
0 1 20.3840 4.9160 -44.2260 -106.8560 
0 1 15.1500 5.2700 -43.2540 -63.5480 
0 1 4.9770 6.2840 213.2590 414.6490 
0 1 11.9420 7.7660 26.0660 -145.7240 
0 1 10.8970 6.8230 42.5150 -118.0160 
0 1 15.0370 6.9050 18.6310 -108.3430 
0 2 10.2010 4.8690 65.4890 -35.5490 
0 2 13.0190 6.2960 28.1390 -97.2530 
0 2 12.1520 6.7820 -16.6430 -129.0550 
0 2 11.4540 4.6180 17.4440 -122.6260 
0 2 18.1060 6.7680 -73.7040 -94.2410 
0 2 7.9480 4.3790 105.0120 181.3950 
0 2 6.5610 4.0230 89.0480 58.0980 
0 2 12.9580 7.2340 -16.0480 -119.4180 
0 2 16.3700 7.9690 -38.0590 -144.3470 
0 2 11.1950 6.6300 121.5100 6.5340 
0 2 12.4930 6.7840 82.7980 -72.7500 
0 2 11.3480 5.3330 82.9420 15.4470 
0 2 11.5080 3.9210 -8.1680 -18.3610 
0 2 12.3400 2.2320 16.3080 142.9050 
0 2 7.7480 4.6110 130.3150 118.5750 
0 2 13.7460 7.5450 30.1540 -104.7150 
0 2 13.1450 7.4330 -19.1350 -112.8020 
0 2 13.4750 5.0640 12.2530 -81.2860 
0 2 11.2080 4.8560 31.0810 -40.1730 
0 2 9.9560 6.3140 30.4920 -82.4050 
0 2 12.5070 5.6190 -22.8580 -82.3920 
0 2 11.4310 5.3890 -14.2380 -65.4980 
0 2 8.8830 5.7980 98.3040 45.0640 
0 2 15.5510 5.7570 45.8580 -116.1200 
0 2 8.6900 5.3440 76.4790 29.1810 
0 2 10.2050 5.7690 -516.0000 -118.2470 
0 2 16.1610 8.1660 -33.7710 -136.3020 
0 2 12.3580 6.8770 42.0950 -105.7070 
0 2 12.2940 6.1150 -38.3920 -100.7940 
0 2 12.3470 3.0020 -65.1920 17.6010 
0 2 13.9570 5.5170 -24.9990 -98.3530 
0 2 13.8860 5.6190 -18.8680 -110.9240 
0 2 12.0960 5.7570 -11.7410 -85.9450 
0 2 12.5080 5.8010 -32.0730 -95.7520 
0 2 13.5510 4.1530 4.1000 6.5950 
0 2 19.4380 7.1360 -108.4540 4.6610 
0 2 12.2450 5.9790 21.9620 -112.9670 
0 2 11.3040 4.7560 75.3980 25.0000 
0 2 7.1400 5.9090 83.5410 3.8590 
0 2 8.0650 5.5570 152.8110 273.1990 
0 2 12.9330 6.2250 5.0000 -46.2290 
0 2 12.7390 6.1440 51.7380 -78.8680 
0 2 11.6840 4.0590 11.3000 -57.9900 
0 2 6.7020 4.3190 98.0870 50.8430 
0 2 11.9270 5.1150 7.6590 -22.7930 
0 2 12.0460 6.3770 45.6410 -89.2480 
0 2 10.6900 7.0150 74.2330 -78.8750 
0 2 16.9930 6.2130 -33.0270 -93.9200 
0 2 10.0870 5.9150 49.1800 -13.0620 
0 2 13.7250 4.6960 18.4690 -41.4700 
0 2 14.7330 4.8030 36.1010 -89.2880 
0 2 12.0300 4.0870 36.3310 136.3070 
0 2 12.0140 4.1870 73.3460 28.3900 
0 2 14.8540 8.7590 -10.9060 -159.3050 
0 2 12.6400 5.4560 -4.4530 -130.5560 
0 2 12.1020 5.6290 5.4440 -114.3500 
0 2 9.5100 4.8260 70.3500 12.9390 
0 2 11.4200 4.9080 11.1060 -100.4660 
0 2 13.4250 7.1490 -13.0690 -121.9000 
0 2 6.7150 3.4370 97.2430 142.0470 
0 2 14.6890 5.7260 12.7790 -67.2160 
0 2 9.5290 6.1460 23.4160 -133.8320 
0 2 12.0810 7.3180 46.4180 -94.5020 
0 2 9.7070 6.3650 43.0990 -66.9500 
0 2 8.8450 8.2580 79.2270 -75.1830 
0 2 13.2370 5.9210 11.6320 -85.7810 
0 2 9.7170 5.2500 105.5050 23.9300 
0 2 8.1800 3.2930 176.3730 489.7110 
0 2 10.9150 7.5570 75.0060 -72.6600 
0 2 11.7460 4.4530 7.1600 -56.4680 
0 2 11.3700 6.4150 55.0660 -75.5960 
0 2 13.2520 7.3290 55.1750 -90.1140 
0 2 12.0520 3.8890 58.4360 -106.7350 
0 2 8.3170 5.2180 77.9000 12.5990 
0 2 9.3100 5.5260 34.8710 -63.4430 
0 2 12.2640 5.7520 11.6000 -120.4130 
0 2 10.9340 6.3150 19.0410 -116.6450 
0 2 9.3250 4.9040 81.5050 23.3260 
0 2 8.2750 4.7170 137.8060 156.9460 
0 2 6.9220 5.1340 111.7120 93.6960 
0 2 9.1480 5.0850 50.3850 -32.6380 
0 2 7.9670 4.9910 76.5330 27.9650 
0 2 7.8760 4.6430 64.1870 15.5410 
0 2 9.2360 6.2000 46.6710 -60.3460 
0 2 6.4710 4.3190 69.9610 3.2610 
0 2 9.1190 5.0750 78.1460 -32.0660 
0 2 11.2620 4.5650 176.7150 283.3740 
0 2 15.6350 5.9220 -14.6640 -117.9660 
0 2 11.9750 7.9740 41.8900 -125.2880 
0 2 10.1800 6.2200 138.8040 99.5770 
0 2 11.6750 5.8460 105.6630 51.2000 
0 2 6.3110 5.3060 117.0820 66.3270 
0 2 13.8340 6.8470 -43.9870 -123.6490 
0 2 9.3970 5.1130 -24.2020 -65.6560 
0 2 11.0150 6.4180 16.3390 -83.8080 
0 2 10.9640 3.6620 57.0000 8.2200 
0 2 12.2010 8.5630 -2.4120 -144.8700 
0 2 12.1940 5.0430 -19.6950 -109.5880 
0 2 16.8450 4.9320 -33.1130 -66.9350 
0 2 17.1300 5.4210 -61.5490 -76.5550 
0 2 13.3270 4.1740 -54.1320 -59.3340 
0 2 13.6630 6.5190 57.1920 -66.4430 
0 2 7.7100 5.2970 96.8270 89.6820 
0 2 11.7740 6.6710 73.7730 -20.2610 
0 2 10.6950 4.8510 -13.6010 -56.4540 
0 2 11.6510 5.6160 17.6850 -29.4970 
0 2 10.3660 4.2310 8.7490 23.5380 
0 2 10.3060 6.8160 42.0050 -105.2160 
0 2 11.6950 7.6590 48.7460 -115.6120 
0 2 13.1860 5.0770 -10.6600 -79.5320 
0 2 4.6670 4.8260 127.6940 126.4500 
0 2 4.4490 4.7910 133.8200 142.1500 
0 2 12.1200 8.9770 17.8590 -147.6250 
0 2 12.3500 4.8340 -13.4010 -27.1820 
0 2 9.9010 7.0780 125.4350 44.4940 
0 2 9.7760 6.7720 122.0700 75.3560 
0 2 15.6580 5.4140 -18.7250 -103.1390 
0 2 16.2060 6.0390 -19.0110 -116.0900 
0 2 13.8370 5.5100 33.4450 -79.4600 
0 2 15.2060 5.2830 -7.2990 -86.0020 
0 2 16.0270 5.9890 -23.9420 -115.4310 
0 2 15.9380 6.5530 -12.7530 -136.1470 
0 2 14.4920 5.8680 9.0200 -115.5210 
0 2 13.2010 5.8990 41.9960 -82.1120 
0 2 9.9810 7.5160 62.0470 -79.7510 
0 2 13.5010 7.0180 -27.2360 -94.5880 
0 2 12.9190 7.3690 -22.5600 -113.9320 
0 2 14.1270 6.5170 -39.1720 -69.4670 
0 2 11.1110 7.4600 29.3680 -138.8160 
0 2 7.2180 5.6800 129.5160 76.3670 
0 2 10.5190 6.3050 58.8290 -100.2590 
0 2 10.3370 8.0530 49.3780 -136.4040 
0 2 10.9880 5.1070 18.1710 -74.5350 
0 2 12.5210 6.0270 42.9290 -41.9750 
0 2 9.0660 6.1270 157.8340 171.7270 
0 2 12.2990 6.9150 -40.4740 -157.6170 
0 2 10.3150 6.4820 -39.8580 -132.9780 
0 2 14.1670 4.0060 57.8340 19.4960 
0 2 12.6910 4.7950 77.5400 11.8390 
0 2 7.6450 5.9520 155.4150 172.2930 
0 2 8.0880 5.6630 134.1690 122.7260 
0 2 8.2370 4.4680 137.0540 206.2370 
0 2 10.6160 4.7950 123.0870 135.1080 
0 2 6.4700 5.1800 167.6670 247.8850 
0 2 6.7370 5.5620 95.2300 19.2690 
0 2 10.5310 5.7520 -8.1740 -87.0420 
0 2 16.8520 3.7880 -125.6130 189.0110 
0 2 7.4680 5.5260 63.8180 -49.6560 
0 2 8.0790 5.6310 73.8820 -51.7510 
0 2 7.3330 4.7660 94.0460 77.2450 
0 2 8.1270 5.8200 64.3540 -46.1380 
0 2 14.4080 6.8020 -19.7650 -143.5860 
0 2 10.6010 8.5460 65.2270 -88.6090 
0 2 14.9740 6.0980 -35.4670 -129.5560 
0 2 8.6020 4.6690 58.2470 61.4890 
0 2 10.6560 6.3360 12.1920 -106.8240 
0 2 9.5080 5.7610 47.6010 -39.9410 
0 2 8.0560 5.1040 44.4520 -20.4100 
0 2 13.4240 5.9510 27.5190 -29.4460 
0 2 9.6440 6.7190 39.2080 -95.4290 
0 2 5.2260 4.2190 230.9380 603.0290 
0 2 11.9190 7.4490 56.6400 -82.0230 
0 2 9.3930 7.1300 109.1840 3.4630 
0 2 13.2080 6.7910 30.4510 -58.2390 
0 2 13.7930 7.5820 18.2300 -106.4920 
0 2 9.7010 6.2430 144.9590 96.0340 
0 2 12.4270 6.3630 37.2010 -127.6440 
0 2 14.1550 8.0910 5.1450 -150.1980 
0 2 11.6280 6.0540 11.4560 -105.7520 
0 2 8.8850 4.8370 28.4870 -72.3570 
0 2 11.1760 5.5480 76.7940 -19.5690 
0 2 9.7910 5.5900 142.2560 182.0010 
0 2 12.0440 6.3080 -18.1710 -105.4980 
0 2 12.6210 6.5890 32.9940 -110.8020 
0 2 14.6710 6.1560 1.9470 -107.0320 
0 2 14.9360 5.6490 17.7250 -141.7010 
0 2 10.8160 6.2220 90.5920 -59.8640 
0 2 7.6300 6.5150 89.1200 -23.6260 
0 2 10.2040 6.8030 33.8570 -82.9330 
0 2 10.2950 5.1310 2.4500 -93.0350 
0 2 13.3490 5.5770 -20.8450 -111.5060 
0 2 15.0900 3.2800 -108.2810 235.6620 
0 2 10.5410 6.1550 -4.9770 -129.9410 
0 2 10.7640 5.0120 119.0140 187.1770 
0 2 14.4460 6.4130 -30.2230 -117.1870 
0 2 10.8410 6.0350 27.3700 -131.8490 
0 2 18.0380 6.6200 -72.5030 -49.9520 
0 2 11.7150 7.0730 56.6990 -131.4480 
0 2 13.7840 7.0010 -22.8690 -107.3100 
0 2 10.8980 6.3690 121.2890 84.5180 
0 2 11.9920 6.5430 51.8650 -36.0830 
0 2 10.3620 3.9820 82.7410 165.5640 
0 2 11.5480 5.3510 -31.3710 -113.8830 
0 2 15.6210 5.7470 -34.5630 -9.7370 
0 2 10.9310 6.6340 73.1050 -37.6260 
0 2 9.6130 6.8570 56.2790 -95.2390 
0 2 8.9520 4.4120 52.9890 34.4330 
0 2 10.9610 5.1220 43.8100 -52.2500 
0 2 12.1770 4.6720 51.3580 -41.4430 
0 2 14.3200 5.4450 16.2920 -119.9860 
0 2 16.9690 7.0060 -34.9810 -91.0750 
0 2 11.5910 6.1560 -15.9300 -74.0930 
0 2 9.8280 4.5660 113.5550 51.8160 
0 2 8.7350 6.6270 47.1320 -82.1010 
0 2 6.2370 6.3850 137.9780 125.7960 
0 2 13.6910 6.0140 -36.0750 -83.5140 
0 2 13.9070 4.1220 101.6700 -12.0000 
0 2 12.3480 2.7360 61.6290 54.6350 
0 2 12.6230 2.7500 49.2790 28.0780 
0 2 12.5790 2.7100 39.3710 13.4310 
0 2 10.9050 2.5660 12.8790 -30.8500 
0 2 8.5600 2.9500 57.0490 15.2670 
0 2 11.1400 2.8290 26.7090 -9.2300 
0 2 7.7650 2.8940 98.7740 17.1730 
0 2 10.0040 2.5130 65.1690 68.0240 
0 2 11.0670 2.6130 10.1850 -41.9540 
0 2 10.2240 2.5170 78.8940 188.9740 
0 2 11.6970 2.9620 56.5240 27.9290 
0 2 12.7050 2.9230 59.4700 40.1390 
0 2 12.1950 2.6860 58.4610 52.7570 
0 2 13.7890 4.1200 102.8090 -4.6510 
0 2 11.1910 2.7360 29.5900 -3.6320 
0 2 9.4390 2.9010 23.7080 -61.8930 
0 2 8.6710 3.0100 52.6310 -7.1860 
0 2 13.1550 6.8150 48.0540 -120.7220 
0 2 14.1660 5.7180 29.4780 11.4660 
0 2 10.4510 6.6820 36.2000 -99.7850 
0 2 8.1790 6.0860 76.5090 -20.6250 
0 2 7.4680 5.7920 85.7800 -51.0520 
0 2 14.5660 5.1440 -10.4060 -36.0240 
0 2 12.7720 4.3220 13.1880 70.1570 
0 2 12.0360 6.7890 7.7760 -128.1830 
0 2 10.7190 5.7400 15.5040 -111.4440 
0 2 11.7520 4.9030 107.9650 129.7360 
0 2 9.2940 5.2160 41.5070 -58.3960 
0 2 8.2230 8.1860 99.9700 -47.2660 
0 2 4.3990 3.8860 304.3500 1.1070 
0 2 4.5030 5.4690 298.6750 785.9440 
0 2 11.1220 6.7710 -6.0360 -139.2990 
0 2 5.0020 3.6990 281.6430 921.0240 
0 2 12.4190 4.4950 -43.4780 -78.3800 
0 2 12.0390 5.6220 -1.4030 -84.8170 
0 2 12.9800 5.9150 325.0000 -104.5210 
0 2 13.0520 7.4340 20.4520 -103.2370 
0 2 14.4380 4.4650 10.8880 -63.0700 
0 2 12.4070 5.0710 17.8560 -65.8170 
0 2 10.0870 5.7040 53.7020 -48.0090 
0 2 8.9890 6.0320 63.1390 -59.9100 
0 2 9.5290 5.8100 60.8560 -52.1620 
0 2 6.2280 3.8010 107.7160 164.4090 
0 2 11.6570 5.0500 38.9910 -53.4460 
0 2 10.4820 4.5560 21.5850 57.6580 
0 2 9.1980 5.4570 152.2130 159.6140 
0 2 19.3320 6.6200 -89.0310 -82.7410 
0 2 6.5950 3.7150 191.7190 468.7000 
0 2 13.9090 7.7930 -11.3690 -132.4010 
0 2 11.0520 6.4670 15.7800 -109.1580 
0 2 13.2880 4.8530 22.3670 -48.2300 
0 2 14.1710 6.5020 -11.6360 -132.4330 
0 2 8.1310 3.8670 8.4880 -72.9070 
0 2 8.0340 3.0390 106.2460 86.9780 
0 2 6.6390 2.1880 81.1690 159.6990 
0 2 7.7230 2.6460 -91.4430 -17.9940 
0 2 5.2170 2.1180 55.1310 -80.6010 
0 2 13.8930 8.0040 25.3600 -133.3470 
0 2 12.1990 9.2510 20.4800 -164.4300 
0 2 11.0980 6.6670 49.3950 -88.9750 
0 2 11.4940 6.5120 51.1200 -133.5800 
0 2 11.3850 4.8600 45.0440 42.8020 
0 2 13.4410 6.0020 38.1210 -50.7150 
0 2 10.3980 7.0540 49.0040 -103.1610 
0 2 9.4910 5.1300 74.2170 80.0660 
0 2 4.7610 4.2880 112.8210 82.7620 
0 2 10.1120 8.4230 24.4860 -143.0740 
0 2 11.3550 6.9600 43.5970 -94.1680 
0 2 12.4020 7.8000 24.9890 -128.2640 
0 2 11.1610 6.8680 34.7120 -100.5340 
0 2 15.3320 8.1800 12.8340 -161.0640 
0 2 13.6340 5.8320 -11.7910 -105.1890 
0 2 13.3550 7.1860 12.6860 -97.7370 
0 2 10.5380 6.4100 99.3120 14.6690 
0 2 10.6690 6.4100 96.3610 8.4400 
0 2 10.0500 5.5010 27.8870 -58.9920 
0 2 9.7020 5.3070 20.2430 -73.5650 
0 2 10.7960 6.7470 19.8340 -114.1360 
0 2 9.7450 5.9450 -6.1570 -129.3920 
0 2 10.9120 5.8710 37.7860 -94.8560 
0 2 14.7040 4.8000 -50.9600 -8.4280 
0 2 5.7790 4.4130 96.2570 126.2320 
0 2 14.2150 6.5470 46.7280 -87.7350 
0 2 13.4640 6.9290 7.0960 -90.5170 
0 2 11.3450 6.8220 56.8320 -91.3070 
0 2 12.7210 7.8690 136.0000 -180.2330 
0 2 12.3440 5.5850 -6.4280 -100.1680 
0 2 12.1130 6.9310 75.1540 -81.6690 
0 2 13.5000 5.8540 -8.2650 -108.0590 
0 2 17.2020 5.5400 -37.2490 -79.2920 
0 2 14.2190 5.6760 -53.5240 -87.3250 
0 2 11.7530 6.7500 -4.7610 -145.2010 
0 2 15.9480 6.4590 -21.9960 -95.7680 
0 2 11.9120 3.5690 54.3690 378.4110 
0 2 13.2910 7.6680 -1.9920 -123.5230 
0 2 11.8520 5.3460 -9.4520 -89.6530 
0 2 10.0320 4.1240 10.8840 -52.6840 
0 2 11.6250 4.6350 -9.5390 -54.6370 
0 2 9.2280 5.3560 -21.4560 -124.4510 
0 2 11.0530 7.1390 44.4940 -96.4890 
0 2 9.3280 7.9620 90.0970 -69.1210 
0 2 8.7880 4.4830 56.3880 48.1610 
0 2 7.5500 6.2190 119.7990 68.2700 
0 2 8.6720 6.6360 82.2720 -30.5900 
0 2 8.8930 6.4450 74.6340 -47.7770 
0 2 10.6330 6.8050 26.6090 -101.3020 
0 2 11.3900 6.3990 25.6660 -101.5380 
0 2 9.2710 8.2040 70.4170 -92.9480 
0 2 13.2970 8.2470 39.7650 -127.8690 
0 2 11.5290 7.6040 72.6750 -59.5890 
0 2 8.1420 5.7230 112.8870 81.6260 
0 2 10.8910 6.6590 -690.0000 -128.3620 
0 2 11.9350 5.5090 5.0290 -93.1150 
0 2 13.0820 5.0640 -40.7130 -54.2360 
0 2 12.9630 4.9770 63.3760 -11.0970 
0 2 13.2980 9.6780 -8.9710 -154.1680 
0 3 6.8440 4.7410 113.0070 126.5420 
0 3 6.2840 6.0090 98.2780 -14.2410 
0 3 9.8180 5.1800 -2.1030 -71.5160 
0 3 9.3560 7.0130 87.0160 -37.0950 
0 3 7.2050 7.0330 81.2470 -83.3700 
0 3 5.4390 5.3820 90.5940 -66.3100 
0 3 8.5380 5.8650 98.0880 39.0680 
0 3 16.9190 7.2660 -33.8590 -141.9900 
0 3 7.9420 5.6920 64.4720 -40.4900 
0 3 12.8240 7.4940 -2.6670 -140.7320 
0 3 14.0230 6.4370 -34.5880 -107.1080 
0 3 14.3950 6.1420 -52.3740 -18.2820 
0 3 10.6630 4.7330 -13.0310 -2.7640 
0 3 5.9930 3.4570 123.5120 261.3030 
0 3 12.4200 5.4620 96.4200 5.3800 
0 3 12.4370 7.1300 62.5670 -82.6230 
0 3 10.0430 7.3830 77.4080 -73.4070 
0 3 11.5420 7.6060 41.9600 -130.5960 
0 3 14.1930 7.1020 -37.0460 -144.5630 
0 3 9.3250 6.1040 58.3380 -70.5060 
0 3 12.3130 6.0090 -36.7210 -111.5020 
0 3 9.6090 5.7330 30.9400 -49.4340 
0 3 16.0060 6.8560 -44.8550 -113.0250 
0 3 11.7510 9.4740 10.4560 -160.8330 
0 3 18.6170 6.2930 -93.0530 -17.2280 
0 3 8.4170 5.6990 97.5080 54.7660 
0 3 9.7650 8.0600 27.3530 -141.8510 
0 3 8.0360 5.9800 106.9270 98.3160 
0 3 14.2230 6.6050 -101.4790 -44.5540 
0 3 6.0010 6.3790 117.3960 18.1150 
0 3 13.2630 8.2560 -27.5950 -157.9040 
0 3 9.5670 5.1540 74.7270 -18.1420 
0 3 8.3840 4.4820 20.8370 -50.5480 
0 3 9.7480 4.3840 -40.1680 -73.7260 
0 3 13.7260 7.4340 -19.7650 -115.2140 
0 3 13.1060 7.4610 26.9130 -120.0160 
0 3 18.4670 4.8870 -129.0980 193.9740 
0 3 12.2450 6.8870 32.9250 -118.1590 
0 3 8.8990 8.0720 55.1920 -106.1670 
0 3 9.5660 6.5480 34.5670 -99.1380 
0 3 13.2850 6.1370 26.7800 -70.6300 
0 3 9.8730 5.1990 81.2500 89.7260 
0 3 8.0260 4.0960 204.5320 523.3910 
0 3 11.7430 7.0100 61.1550 -101.1510 
0 3 8.4910 4.7150 118.8110 199.8830 
0 3 10.6170 7.1800 115.7380 -2.6820 
0 3 11.8200 5.1520 80.2280 42.4220 
0 3 17.1290 7.4900 -83.5550 -35.6640 
0 3 9.8090 5.0280 -9.8590 3.3060 
0 3 9.4590 5.6440 48.8480 -84.8150 
0 3 10.3650 6.6560 -2.0890 -88.6560 
0 3 8.1510 5.0200 59.4530 -33.4950 
0 3 8.2970 5.6650 13.8350 -103.9310 
0 3 9.9580 5.4680 -2.4030 -106.5040 
0 3 8.4590 4.7930 80.8170 41.5550 
0 3 14.4720 8.7180 -11.8080 -163.8290 
0 3 7.9970 4.7290 83.0850 136.2810 
0 3 9.5170 5.5600 55.5290 -40.6830 
0 3 13.8050 4.6960 -46.1920 -16.4020 
0 3 7.7570 5.7990 42.0380 -55.1380 
0 3 5.5650 5.7670 123.5900 52.3020 
0 3 10.1240 4.6600 95.9510 97.0030 
0 3 9.2050 8.1400 67.3930 -94.0090 
0 3 10.8540 7.0230 21.1260 -107.9950 
0 3 13.5320 8.5540 -23.2800 -147.3170 
0 3 15.0000 6.9260 -6.1070 -107.4480 
0 3 10.7890 8.5300 42.0590 -141.8680 
0 3 10.8080 5.4760 36.8000 -112.0850 
0 3 12.7410 6.7040 8.8560 -117.8900 
0 3 10.5520 7.8570 37.8560 -109.0260 
0 3 11.5540 6.6100 -26.3680 -138.8030 
0 3 10.2320 4.8840 13.9860 -87.5610 
0 3 8.7260 4.9660 106.1050 151.8520 
0 3 11.6790 5.7520 33.3040 -15.4170 
0 3 8.3850 7.7020 103.3310 -39.0520 
0 3 13.0680 6.5770 -34.4710 -111.5920 
0 3 17.9910 7.4950 -75.8290 -74.1140 
0 3 12.5160 6.1390 7.1230 -72.1700 
0 3 10.1700 5.1740 3.8270 -45.1370 
0 3 11.7900 6.6520 1.6190 -90.3500 
0 3 9.6780 9.1380 52.3120 -136.4900 
0 3 18.0980 5.1860 -78.2110 13.1160 
0 3 13.9230 6.8400 -28.8380 -107.0980 
0 3 14.6270 7.3130 -54.1820 -99.7250 
0 3 11.4080 5.3630 34.4180 -62.2730 
0 3 7.8750 5.5600 48.2190 -32.5440 
0 3 8.0090 5.9640 123.0470 87.1990 
0 3 14.7280 7.4600 1.2790 -138.9780 
0 3 9.6680 6.0750 19.5740 -107.0890 
0 3 9.2110 3.5530 -46.3530 21.9020 
0 3 10.0430 6.2930 75.6410 5.1030 
0 3 11.0110 6.7320 24.3730 -86.8340 
0 3 10.1420 5.4370 4.8550 -69.2360 
0 3 11.3210 6.3360 17.6930 -95.6320 
0 3 12.4430 6.8930 -22.7980 -136.4430 
0 3 11.9460 5.6690 31.6030 -93.6400 
0 3 11.5750 5.5970 -63.9370 -74.6050 
0 3 13.9970 7.3150 -6.8470 -125.7630 
0 3 14.2750 7.3130 -67.7500 -122.1100 
0 3 11.8890 8.1170 10.1210 -139.5010 
0 3 11.8850 5.3420 -4.8250 -24.0580 
0 3 11.2550 4.2160 -53.7410 25.1560 
0 3 10.7410 5.4030 -15.6810 -64.6790 
0 3 11.2640 5.1490 -36.5120 -76.4330 
0 3 16.8630 6.3010 26.8090 -144.4710 
0 3 15.4260 5.4010 -31.7350 -113.8230 
0 3 17.3740 4.6140 -104.4680 42.4420 
0 3 11.4390 6.2900 7.0190 -64.2270 
0 3 10.5960 5.3720 80.6600 70.4190 
0 3 11.5010 7.8180 -26.2870 -155.9580 
0 3 10.3520 8.1890 37.6920 -132.5340 
0 3 11.7210 5.7650 25.7250 -26.7020 
0 3 12.8490 8.6560 17.6500 -137.1280 
0 3 10.8860 7.6820 66.1950 -94.2250 
0 3 13.1200 6.0010 60.6310 -67.2310 
0 3 12.8310 8.4960 8.2320 -148.7180 
0 3 9.3650 5.4650 85.5700 34.8960 
0 3 7.7730 4.7110 31.1640 -70.2470 
0 3 13.1860 6.3020 5.9450 -95.7250 
0 3 8.9400 7.2120 56.2540 -96.3150 
0 3 10.9150 7.0950 19.1420 -144.9280 
0 3 11.6060 6.0750 -18.5910 -138.7730 
0 3 11.1460 6.7030 14.9040 -137.7710 
0 3 12.1960 6.0830 16.9000 -83.8530 
0 3 6.9070 5.4710 11.9570 -143.3050 
0 3 7.8650 4.7370 -40.6600 -76.0050 
0 3 12.3730 5.2110 -1.4540 -162.7630 
0 3 9.1290 5.6930 62.2600 -91.9700 
0 3 12.1810 5.9900 -27.3500 -51.6200 
0 3 10.1150 7.3490 24.5200 -140.8680 
0 3 13.4620 6.0040 51.5210 -100.6460 
0 3 8.2940 5.9050 65.3190 -68.4620 
0 3 8.3580 4.8040 83.6490 49.7130 
0 3 4.0430 3.4750 116.4060 173.1570 
0 3 10.7110 8.0030 50.5590 -126.6510 
0 3 9.5990 6.4540 108.2090 5.6110 
0 3 9.2500 5.7120 155.1730 199.6880 
0 3 9.6450 6.6120 67.2670 -46.0010 
0 3 10.5570 5.2490 62.8480 -43.9070 
0 3 12.9020 7.3330 -1.6040 -102.1910 
0 3 9.1130 4.4800 -32.0900 -53.4530 
0 3 8.5390 6.7040 71.0400 -75.1130 
0 3 11.7140 5.1810 -79.5800 15.8380 
0 3 9.8900 5.4080 2.6620 -77.5390 
0 3 10.1430 6.7110 84.9400 -33.6100 
0 3 10.6450 6.2690 44.2820 -47.4060 
0 3 9.4960 8.3090 62.7220 -118.9840 
0 3 10.3340 5.0300 -43.7380 -79.0810 
0 3 12.1120 4.4930 29.6430 35.4680 
0 3 11.0050 9.0910 45.3580 -146.4570 
0 3 10.9830 7.7920 58.0590 -111.5230 
0 3 7.1400 4.9700 133.4610 194.0480 
0 4 10.6390 5.1750 96.6440 72.7250 
0 4 11.4430 5.2870 166.7380 195.9900 
0 4 12.4210 7.9150 -206.0000 -170.9190 
0 4 7.6590 4.1450 96.6360 36.2060 
0 4 10.2430 7.1590 105.4300 -46.2730 
0 4 10.9260 6.3430 49.4560 -75.6090 
0 4 13.5130 6.3920 6.1760 -108.9430 
0 4 13.7500 6.9380 55.5340 -77.3500 
0 4 15.1120 7.3130 6.2380 -121.5370 
0 4 10.2870 6.9670 75.5140 -39.6030 
0 4 11.9480 4.3930 31.1580 -70.1540 
0 4 7.5610 3.3640 169.1760 392.7770 
0 4 9.1060 6.1990 9.9340 -139.1790 
0 4 9.3810 6.3740 73.5130 -71.6190 
0 4 19.8370 8.4940 -103.0870 -74.3540 
0 4 12.8780 7.3990 12.1550 -131.3770 
0 4 20.4770 7.6760 -145.3840 68.2550 
0 4 7.9830 9.1340 93.0270 -74.6680 
0 4 7.8870 8.0060 110.9040 -15.0440 
0 4 9.1260 6.3340 110.4740 -9.2450 
0 4 12.2070 6.5900 61.4810 -60.7300 
0 4 11.6000 7.5590 8.3780 -118.8260 
0 4 8.3900 4.8420 145.0390 183.8330 
0 4 7.9990 8.1110 102.2840 -46.6330 
0 4 7.2730 6.2620 111.2310 3.8820 
0 4 9.4540 5.2940 79.5490 -30.2060 
0 4 22.0710 4.3290 -129.4600 209.9730 
0 4 12.1280 7.1490 43.0200 -81.2930 
0 4 11.4590 6.2110 67.9800 -47.9090 
0 4 8.1360 7.0820 96.2910 -44.8090 
0 4 11.2210 5.9020 64.4800 -40.1750 
0 4 4.8510 5.1770 83.3740 -38.0980 
0 4 24.3090 2.8470 -300.7760 887.5170 
0 4 5.6080 2.5540 137.1290 461.3480 
0 4 10.8460 6.8980 26.4020 -139.7670 
0 4 24.1570 2.5260 -253.9030 422.3000 
0 4 12.6620 4.8800 12.8570 33.4100 
0 4 9.3150 2.8470 -6.1600 -51.3310 
0 4 17.5960 8.6320 -42.8020 -151.3560 
0 4 6.9620 3.2030 7.1550 -20.3430 
0 4 13.5290 5.4350 -61.8740 -27.4580 
0 4 12.3800 5.2500 -49.8420 -48.9480 
0 4 10.5410 5.4340 39.8380 -55.9880 
0 4 5.8930 2.6060 37.4940 208.0730 
0 4 9.8580 3.1660 148.0000 -61.3230 
0 4 6.7600 5.2510 69.5360 -22.0610 
0 4 11.6810 5.2040 46.5540 -28.4040 
0 4 10.7070 6.3210 52.8300 -71.2990 
0 4 11.4460 7.6310 25.2220 -136.0490 
0 4 13.3820 6.0240 1.4480 -86.3480 
0 4 13.2410 6.1390 7.3220 -113.4330 
0 5 11.2460 5.6620 56.0390 -15.7440 
0 5 12.0680 6.3220 16.8190 -62.5610 
0 5 12.6020 5.7990 -1.7440 -36.9370 
0 5 10.4660 5.3930 -3.0950 -126.9320 
0 5 10.8700 4.8440 -32.3430 -25.8750 
0 5 13.4820 8.1170 19.1550 -158.9560 
0 5 14.4140 6.7410 -5.2900 -151.1850 
0 5 12.7990 6.0490 12.5680 -115.1240 
0 5 14.0000 5.5490 -69.6180 -68.2930 
0 5 10.2930 4.3110 75.4930 18.3810 
0 5 11.5860 6.6160 11.7910 -127.0040 
0 5 12.1880 5.4070 -21.1390 -92.4460 
0 5 11.3140 5.8390 17.7050 -131.6640 
0 5 9.8920 5.4820 17.9670 -86.2500 
0 5 12.8490 6.0710 -30.4830 -70.6400 
0 5 9.9500 5.9100 79.1800 38.9570 
0 5 11.1790 5.8010 52.9700 -35.8020 
0 5 11.5200 6.6750 -7.1340 -131.5520 
0 5 11.1020 4.8380 4.2590 -73.8870 
0 5 12.2940 4.9300 -16.2110 -68.4450 
0 5 7.5220 6.3850 41.6290 -108.6790 
0 5 8.7570 6.1530 67.4650 -45.4540 
0 5 10.3270 4.4750 27.5380 471.0000 
0 5 8.1950 2.6680 43.2970 115.1570 
0 5 9.1930 4.7110 57.3470 5.7660 
0 5 12.1350 5.5100 -17.5140 -30.5150 
0 5 16.9150 7.1830 -90.7980 -53.6080 
0 5 13.6850 3.7320 -46.4360 -36.5680 
0 5 11.8630 6.3570 -23.0400 -120.6100 
0 5 8.2300 4.0480 -38.0610 -41.0100 
0 5 6.2680 3.0960 -4.7640 -44.8510 
0 5 6.9650 4.7310 -16.6450 -46.1610 
0 5 10.1090 6.0640 3.0670 -60.2270 
0 5 11.6910 6.8350 21.0480 -128.3950 
0 5 13.0430 6.4010 12.7760 -127.5920 
0 5 13.7990 6.4990 -70.1070 -95.3990 
0 5 10.5250 6.5700 14.0520 -134.7380 
0 5 8.5920 5.9810 43.1550 -111.3030 
0 5 8.3920 4.4850 167.3420 299.8570 
0 5 12.4910 5.2220 -3.4590 -75.9470 
0 5 12.2600 7.2070 -13.7340 -137.9970 
0 5 9.7060 7.1230 56.5310 -98.8920 
0 5 11.4080 4.0020 33.2630 30.4010 
0 5 9.7870 5.5730 23.8450 -23.1690 
0 5 10.2350 6.3860 64.2610 -72.4200 
0 5 14.2920 4.0150 -131.2360 127.8800 
0 5 12.6340 4.9610 -50.9090 -84.0400 
0 5 14.2620 4.2680 -11.3060 -75.5250 
0 5 11.4000 5.0570 10.1580 15.7080 
0 5 13.6060 4.1030 -264.0000 -40.6530 
0 5 14.7040 5.1650 -3.4070 -8.7360 
0 5 14.9330 4.8320 -73.2020 -91.9900 
0 5 14.2280 3.7840 -113.8060 66.7460 
0 5 11.9770 2.5730 -2.6560 59.2140 
0 5 14.3530 6.4690 1.9020 -117.1230 
0 5 12.9950 5.6830 -25.2780 -149.7510 
0 5 13.6960 6.0710 41.9420 -57.8640 
0 5 12.9330 4.8450 894.0000 -17.7160 
0 5 13.0420 4.6000 25.8090 26.0430 
0 5 10.9470 5.2910 9.7410 -139.6780 
0 5 12.9670 5.2850 -24.0010 -81.9390 
0 5 9.2380 5.8700 72.7940 13.9090 
0 5 16.1650 4.1840 -90.6090 39.1230 
0 5 13.1510 4.8140 -22.0170 -71.3240 
0 5 16.7370 5.8000 -31.4080 -107.3650 
0 5 11.9120 6.3400 -11.9270 -110.3560 
0 5 14.0360 5.6540 -68.5520 -44.5480 
0 5 13.1770 8.1960 -6.3710 -170.7510 
0 5 9.3850 4.3790 7.7930 901.0000 
0 5 10.1380 5.1310 33.1840 -42.5720 
0 5 11.4760 5.7580 11.6630 -47.2630 
0 5 13.5110 4.3870 -12.0210 17.7140 
0 5 9.7070 7.2990 48.0800 -100.1780 
0 5 12.0630 4.2000 -39.8930 -68.2230 
0 5 14.6420 6.4970 4.9330 -114.2360 
0 5 13.9580 5.2050 -82.8230 -53.4750 
0 5 6.3420 5.1060 115.0500 64.4180 
0 5 11.7700 5.9010 44.8520 -55.3370 
0 5 11.1100 6.8500 7.6750 -105.9820 
0 5 5.3540 4.0540 206.4890 437.1240 
0 5 10.2010 5.3110 35.2160 -92.6280 
0 5 11.2860 5.1590 -30.8980 -69.7130 
0 5 13.2590 7.0230 16.8150 -154.3270 
0 5 5.3300 5.1520 130.7900 35.8800 
0 5 12.4510 5.6250 -24.5150 -41.5820 
0 5 15.3640 6.4740 -29.1070 -13.3840 
0 5 7.3580 5.2180 109.5430 140.0520 
0 5 12.0450 6.7580 -8.6270 -103.3190 
0 5 10.8800 5.9850 17.8610 -130.6970 
0 5 6.9670 3.9280 19.2800 -100.8530 
0 5 10.7380 4.5580 57.3660 11.7920 
0 5 14.8200 4.7700 -2.6840 -61.0910 
0 5 12.3410 6.8340 72.2520 -82.0730 
0 5 13.6260 5.2510 -29.2950 -60.5650 
0 5 9.8900 4.9300 6.3790 63.7530 
0 5 11.7300 4.6820 36.7630 -15.2550 
0 5 9.9590 5.2790 77.7650 221.0000 
0 5 11.5050 8.0760 16.0810 -146.5820 
0 5 11.9130 4.0740 15.8310 36.2310 
0 5 12.7660 5.2510 13.8410 -70.5140 
0 5 9.3270 6.1090 67.1820 -36.7790 
0 5 18.4840 5.4360 -16.4040 -130.3310 
0 5 11.5050 5.7040 3.6350 -88.5590 
0 5 10.7730 5.0820 19.6010 -35.7810 
0 5 10.1020 4.6930 46.7450 144.0820 
0 5 10.7220 4.4830 56.3900 13.9810 
0 5 9.6070 4.2670 69.6630 88.9220 
0 5 14.8470 5.3240 -19.2770 -91.0910 
0 5 16.1210 4.2740 -5.3110 -71.1850 
0 5 18.7840 7.6400 -93.3970 -31.9030 
0 5 10.4070 4.8580 -45.0760 -87.7430 
0 5 10.1740 4.7370 19.5860 -38.5660 
0 5 12.7250 4.3130 -48.6860 -51.8420 
0 5 12.3950 4.2980 -23.6930 -5.5160 
0 5 8.9630 6.1380 49.6700 -55.3370 
0 5 10.3050 6.5670 21.3450 -146.3250 
0 5 13.2070 3.9440 -1.2470 -37.5450 
0 5 12.3860 6.6040 20.8500 -84.7520 
0 5 12.2760 5.9360 2.2950 -104.6780 
0 5 15.1970 4.0280 -96.2880 47.7720 
0 5 12.4800 6.3080 -7.4400 -81.2580 
0 5 10.1250 7.5360 44.8100 -133.1600 
0 5 12.0060 4.4880 -72.2270 -43.5190 
0 5 12.5260 3.9750 -43.8710 -76.3540 
0 5 9.3830 3.6840 32.6440 42.6610 
0 5 12.1580 5.1340 2.4660 -45.0900 
0 5 15.5800 2.8570 -109.2510 172.5960 
0 5 8.4560 4.8550 149.6590 166.8900 
0 5 10.0910 4.4840 98.2760 62.3000 
0 5 14.8820 4.6780 -56.6630 -59.6890 
0 5 8.8890 5.6150 117.3930 10.4370 
0 5 9.5710 5.9010 97.1090 -33.6420 
0 5 7.3140 3.9290 -26.4520 -53.8500 
0 5 5.9020 3.2190 -23.4090 -75.7310 
0 5 8.2360 7.0020 50.1360 -133.6060 
0 5 13.8420 5.9050 -8.1280 -114.8010 
0 5 11.1130 4.8220 -4.5930 -66.1760 
0 5 11.8320 4.3990 -14.7990 -40.6420 
0 5 13.0090 7.5300 -15.3610 -127.2400 
0 6 7.5140 4.6510 106.7120 44.4960 
0 6 11.7560 5.0820 37.4740 16.4970 
0 6 13.3010 6.1520 64.6090 -54.7180 
0 6 13.0190 6.8220 44.6620 -122.2200 
0 6 11.9450 8.6950 10.5600 -146.4360 
0 6 10.5480 6.3100 78.8520 -72.7270 
0 6 12.8190 6.4730 30.3930 -49.9230 
0 6 9.7040 4.6820 100.4990 126.2520 
0 6 11.6160 5.8340 20.1660 -53.7220 
0 6 11.1290 4.8460 -17.7280 29.8900 
0 6 13.1020 6.3080 -23.8120 -71.5930 
0 6 10.6350 4.8620 49.0210 -40.3080 
0 6 10.3880 5.8640 32.3640 -12.5360 
0 6 9.6720 5.3430 66.2480 82.4530 
0 6 11.5500 5.4490 60.3340 -31.7800 
0 6 11.1140 4.2070 1.1910 44.2050 
0 6 11.5260 3.8600 -20.1700 20.8980 
0 6 8.8190 3.8520 6.0730 32.8930 
0 6 12.3190 7.0750 19.8790 -101.1620 
0 6 9.9240 5.3260 20.4560 -106.7610 
0 6 10.5490 5.7550 40.4490 -52.2390 
0 6 12.4470 5.3770 38.4600 -35.9690 
0 6 10.4720 4.2550 13.4350 2.9580 
0 6 14.5190 6.9210 -29.8240 -88.1570 
0 6 12.4320 6.8080 8.9150 -142.2890 
0 6 13.6200 8.0960 -3.6650 -134.3810 
0 6 13.9150 7.4650 -20.0520 -108.2700 
0 6 14.4120 5.6890 -30.2770 42.1150 
0 6 12.7560 6.9150 3.6740 -108.7130 
0 6 11.5760 6.0270 13.2530 -77.7490 
0 6 16.1070 4.4140 -37.7600 11.6220 
0 6 12.8690 5.2650 8.3980 -9.1760 
0 6 11.2020 5.0600 116.1340 98.3360 
0 6 9.1900 7.7730 91.9130 -80.4090 
0 6 9.3110 4.4070 53.8240 -50.6120 
0 6 11.3130 5.9490 71.6280 -84.1720 
0 6 13.5590 5.4890 24.1720 -48.3320 
0 6 14.4940 5.8010 18.1670 -26.2250 
0 6 7.2510 5.5870 98.7710 20.9210 
0 6 10.9720 5.3040 54.5930 -1.6630 
0 6 8.7370 4.1730 4.0850 -74.8100 
0 6 9.0790 6.4120 115.5120 5.3230 
0 6 5.3470 5.3750 181.2670 296.8260 
0 6 8.1590 5.6810 129.7320 145.2890 
0 6 8.9020 4.9070 108.4540 158.2900 
0 6 10.1620 6.1740 53.4920 -104.8840 
0 6 10.7940 5.6870 97.7790 22.1450 
0 6 13.8380 5.4590 -33.2850 -12.2960 
0 6 13.2830 7.9160 47.8530 -136.6170 
0 6 14.4620 5.7760 -21.6540 -59.9150 
0 6 9.2800 5.6460 64.0430 -52.3530 
0 6 7.9100 3.8840 27.6720 -51.1600 
0 6 11.0300 8.5640 46.5260 -146.2450 
0 6 8.0920 6.1840 121.5470 38.4520 
0 6 12.9700 5.8410 26.0840 -78.9880 
0 6 12.8190 5.1190 5.4090 -82.9030 
0 6 11.1430 5.5530 -15.2090 -115.9230 
0 6 10.4160 6.6290 71.1540 -59.4850 
0 6 10.4760 4.9970 11.5850 -59.8880 
0 6 15.3080 5.8750 -82.3340 38.0160 
0 6 11.4590 6.1840 -46.2500 -103.6760 
0 6 11.0040 6.7980 54.9890 -107.4180 
0 6 13.9870 4.9160 -5.5710 -29.4740 
0 6 14.6940 8.6190 -9.9240 -163.3900 
0 6 10.7990 4.2650 12.2500 20.7670 
0 6 11.1140 5.9550 35.7390 -75.8500 
0 6 12.0590 4.9120 67.3820 27.9550 
0 6 10.6930 4.6010 69.3230 -56.1810 
0 6 14.3910 6.0680 -71.7800 -52.2710 
0 6 11.2670 5.1080 -31.4180 -95.9610 
0 6 12.4480 6.9850 -22.3310 -118.3410 
0 6 10.3760 6.2970 72.5900 -16.6540 
0 6 12.4660 4.7090 85.3290 122.1380 
0 6 10.3960 10.3210 45.5140 -156.8240 
0 6 12.7550 5.3680 24.2700 -25.1480 
0 6 11.1820 4.4980 40.8600 -48.8810 
0 6 9.2450 4.5280 41.6800 -13.9300 
0 6 7.4140 7.3670 125.8360 48.7760 
0 6 8.8880 5.2000 33.7220 -88.5160 
0 6 12.3790 4.5140 87.4740 24.1430 
0 6 13.0130 5.7820 -4.2020 -115.8880 
0 6 10.9980 5.3360 25.9390 -111.1730 
0 6 10.8040 5.3020 62.6340 -26.1650 
0 6 12.8280 4.7160 -5.2890 -15.9670 
0 6 12.7880 4.4540 -17.2540 3.9410 
0 6 13.5160 6.0570 34.9450 -112.4230 
0 6 14.1170 6.3640 -19.0630 -125.6810 
0 6 7.4850 4.7740 56.4940 -56.5970 
0 6 11.4350 4.9220 101.9480 141.4780 
0 6 12.1450 5.4520 -81.9940 -97.3260 
0 6 11.1200 5.1540 40.4930 -10.2250 
0 6 11.9340 5.9120 -2.0290 -124.7520 
0 6 13.3800 7.9650 -13.1150 -134.5870 
0 6 14.8650 6.6750 -51.3820 -88.9520 
0 6 12.6950 5.5950 18.2310 -90.9770 
0 6 11.0260 7.2260 35.6380 -106.4870 
0 6 13.6550 5.0130 -22.6090 -76.7630 
0 6 12.0640 6.2540 53.7050 -90.7910 
0 6 9.3330 5.1050 101.4670 69.8960 
0 6 8.2690 5.4340 73.3050 -36.2060 
0 6 13.8180 6.4800 -4.7420 -109.4830 
0 6 8.8050 3.1490 51.7820 103.1650 
0 6 10.5730 4.5050 71.0650 -14.9500 
0 6 14.1120 4.7640 8.2760 -112.3660 
0 6 12.6600 6.7270 11.8370 -112.9450 
0 6 10.2370 5.5870 81.0580 -16.7510 
0 6 10.5390 6.7550 59.8530 -67.2400 
0 6 14.3610 5.4650 -19.3040 -76.9980 
0 6 12.1170 6.3220 24.7320 -90.0870 
0 6 8.4990 5.5390 42.8370 -131.3860 
0 6 9.3930 4.5900 104.4510 154.4990 
0 6 11.1490 3.4710 69.8650 57.7870 
0 6 10.8630 5.6440 57.7050 -38.0150 
0 6 9.3490 5.9360 109.5500 46.7330 
0 6 12.3320 4.7410 14.4920 55.0610 
0 6 11.3520 4.0820 -70.9950 93.0210 
0 6 11.4960 4.9540 70.2090 1.6530 
0 6 11.7500 5.0540 58.2660 37.2710 
0 6 12.0560 6.3370 73.2410 -29.5580 
0 6 8.1370 5.9750 103.2230 8.4250 
0 6 10.3160 6.8880 91.0050 -40.6060 
0 6 13.0820 4.4920 50.7700 67.6090 
0 6 15.2960 4.2330 -48.0000 -52.2080 
0 6 16.0350 4.7260 -15.6780 -74.5850 
0 6 9.1090 6.2480 67.7600 -23.9230 
0 6 12.7010 4.6900 28.3790 -42.4320 
0 6 8.9330 5.4300 118.7540 111.1290 
0 6 14.1430 7.7320 21.4380 -157.1710 
0 6 12.0560 6.1750 1.4880 -127.5750 
0 6 11.7310 6.3070 5.5810 -129.4540 
0 6 10.4780 7.1520 42.8210 -125.4730 
0 6 12.8710 4.5850 -35.0520 48.1900 
0 6 11.6150 5.1480 10.5570 3.2190 
0 6 10.0220 4.1410 64.7790 10.7250 
0 6 10.4350 6.4370 51.1500 -52.5700 
0 6 13.4260 3.5720 -35.8260 260.7220 
0 6 16.1610 3.0410 41.7220 54.0780 
0 6 17.2130 3.7520 18.6490 -50.5550 
0 6 16.3630 3.6960 6.0020 -12.8980 
0 6 9.3230 4.0350 22.6390 13.6970 
0 6 11.4080 4.6880 -19.8200 -15.8730 
0 6 10.8130 8.4010 48.4710 -144.7760 
0 6 11.9990 6.2270 -5.8610 -79.3890 
0 6 15.9590 4.9060 -83.6790 -40.7440 
0 6 11.9340 5.4460 -59.1090 -78.3930 
0 6 12.3070 5.9110 -33.7840 -77.5520 
0 6 8.6300 6.1490 75.0010 -42.8190 
0 6 12.5970 5.8470 14.7250 -88.7270 
0 6 13.5710 4.6690 -53.6380 566.0000 
0 6 11.5800 4.5800 -41.1760 -91.8700 
0 6 12.0030 6.2580 44.8970 -109.9040 
0 6 14.8850 7.4970 -10.3030 -131.2020 
0 6 13.2670 5.7680 2.2260 -53.8640 
0 6 10.3610 5.4700 57.6770 -33.3300 
0 6 15.1720 5.6010 -66.0360 -16.7520 
0 6 15.2100 6.0490 391.0000 -85.5340 
0 6 14.7540 4.2650 -48.6660 -7.7380 
0 6 14.8220 6.6500 -104.4980 6.7080 
0 6 11.9900 5.7520 50.8010 -20.5820 
0 6 10.5110 5.5200 20.6830 -71.1510 
0 6 10.8540 7.2130 60.3110 -67.7970 
0 6 11.5590 7.9790 47.8780 -103.5690 
0 6 10.2520 6.2160 91.0150 10.3450 
0 7 13.3920 6.2160 -17.1600 -113.3500 
0 7 12.5610 6.1920 27.3250 -52.0450 
0 7 15.3450 5.9560 -14.7280 -93.3800 
0 7 7.7590 4.8590 5.3990 -139.4210 
0 7 12.0800 2.7940 -130.6250 217.0010 
0 7 12.1180 11.0680 5.6540 -177.1640 
0 7 7.1500 3.6040 141.2910 271.1850 
0 7 14.4420 5.8330 15.7310 -80.3830 
0 7 8.8650 6.1290 89.1960 -5.1070 
0 7 16.1960 5.7730 -53.4600 -52.3460 
0 7 6.4260 5.5660 74.6620 -53.4920 
0 7 11.0060 5.3180 2.5090 -31.3450 
0 7 13.1890 7.0910 -17.5460 -101.5810 
0 7 10.2380 6.4200 23.3700 -113.4590 
0 7 11.8770 3.7570 132.6130 194.8030 
0 7 14.3340 6.1330 21.2790 -121.5780 
0 7 12.8480 5.9010 3.7850 -65.9590 
0 7 15.1900 8.9490 -11.5940 -153.3570 
0 7 17.4340 7.5370 -89.1470 -73.7900 
0 7 14.2190 7.0280 -9.9280 -110.8410 
0 7 8.6220 6.7390 106.5160 43.2470 
0 7 16.6450 7.2730 -59.9460 -93.6560 
0 7 18.1860 5.9870 -96.6010 8.8210 
0 7 16.7680 5.4670 -15.9910 -76.9190 
0 7 16.4410 9.3460 -57.6630 -136.3370 
0 7 17.4710 5.3660 -49.7240 -69.5040 
0 7 13.8160 3.1960 -32.0410 50.1280 
0 7 14.7440 5.6260 -57.4510 -22.2590 
0 7 12.4650 6.6330 3.2810 -85.4570 
0 7 14.2100 5.9940 -49.6360 -84.8500 
0 7 12.5770 5.7790 -698.0000 -42.5810 
0 7 10.6600 7.0060 47.2810 -113.8890 
0 7 13.2620 8.0600 -36.3390 -135.4980 
0 7 9.6550 6.0890 -1.5640 -136.3390 
0 7 14.3450 5.8620 -26.7630 -85.7420 
0 7 11.9110 7.2230 29.7670 -93.8310 
0 7 10.1100 6.6280 103.2020 -32.5310 
0 7 11.9820 5.1860 83.0640 -4.4710 
0 7 12.5560 6.4020 30.0990 -75.6450 
0 7 12.5970 7.3370 624.0000 -121.4160 
0 7 17.0360 9.2250 -56.6530 -121.1790 
0 7 18.6670 7.9410 -86.7380 -43.9710 
0 7 17.3180 8.9170 -68.4830 -93.4170 
0 7 12.0360 5.6110 14.4290 -66.4590 
0 7 10.8110 7.1660 42.1490 -83.9810 
0 7 12.9300 5.1880 60.0850 57.9540 
0 7 15.7730 6.4900 -102.1460 -14.9920 
0 7 14.9820 4.1040 -89.1930 196.1130 
0 7 12.2840 4.6020 16.4370 35.3330 
0 7 12.9370 5.9100 -29.9150 -86.4330 
0 7 19.1350 6.1370 -105.4930 40.0790 
0 7 15.5320 5.6180 -57.8660 -13.1690 
0 7 14.3030 7.4510 -61.1650 -85.4640 
0 7 14.9010 3.3980 -93.4500 280.2560 
0 7 11.0670 4.4000 87.1470 144.5150 
0 7 11.5460 3.5690 196.6120 561.9400 
0 7 14.1290 5.0550 22.6030 -95.1230 
0 7 12.9820 6.1480 -13.2990 -86.3000 
0 7 9.3830 5.5300 30.5050 -72.4520 
0 7 13.8000 5.9880 -753.0000 -66.3290 
0 7 10.1400 7.7620 47.4300 -89.2050 
0 7 12.9480 6.2160 -42.4290 -67.6760 
0 7 12.2760 3.4800 83.5550 72.8470 
0 7 11.9580 4.7310 56.5700 -12.4130 
0 7 9.8330 6.3640 15.2690 -102.5540 
0 7 11.5220 5.8600 -46.4520 -78.1700 
0 7 14.5830 7.7180 -5.0870 -112.0550 
0 7 15.2440 6.5800 -43.2340 -104.6080 
0 7 9.5610 6.3060 74.2960 -51.9770 
0 7 15.2690 7.2550 -17.1240 -99.2720 
0 7 13.0640 7.1700 -7.4230 -148.9650 
0 7 8.6320 3.6830 111.7730 242.5390 
0 7 11.9840 5.7110 5.9760 -79.2950 
0 7 14.4600 5.9300 -30.6570 -67.8680 
0 7 17.3700 5.8880 -3.4440 -130.3110 
0 7 11.9100 5.4710 -21.8610 -79.0210 
0 7 15.2660 7.7480 -27.8370 -159.1600 
0 7 12.7570 3.4440 -11.0050 104.9740 
0 7 10.6140 6.3060 79.9820 -28.1090 
0 7 10.8160 7.3340 8.0040 -144.9270 
0 7 15.0740 5.2220 5.0720 -49.5650 
0 7 13.1190 8.7720 -20.0470 -147.5980 
0 7 12.0630 5.3180 12.6840 -5.9150 
0 7 14.9670 7.8590 -45.0860 -78.1380 
0 7 12.0440 6.9570 22.6870 -150.7560 
0 7 16.1470 6.1420 -93.7610 -3.3970 
0 7 14.3970 7.5510 -45.8100 -122.5790 
0 7 14.8010 8.2800 2.1780 -157.6760 
0 7 13.3000 6.4350 -18.5870 -62.4400 
0 7 15.7200 4.9920 -55.9160 -42.7670 
0 7 12.7900 6.1230 16.9000 -68.1700 
0 7 14.0220 6.2300 14.5770 -78.7170 
0 7 16.8600 6.1140 -52.2960 -87.0820 
0 7 8.2720 7.0090 106.0260 -8.6870 
0 7 14.3220 6.5300 -68.8260 -89.6610 
0 7 12.9610 5.5130 -14.4970 -45.4460 
0 7 16.4980 4.4940 -87.1100 83.1160 
0 7 8.4860 5.7410 151.4100 136.9050 
0 7 16.4060 3.1630 59.1500 225.9500 
0 7 9.3760 5.3340 65.9780 -19.8080 
0 7 11.0410 5.4470 38.9230 -70.6230 
0 7 12.3350 5.9180 32.5890 -47.8990 
0 7 15.3830 6.2390 -68.0040 -24.0320 
0 7 12.9320 4.4230 86.6810 -11.1690 
0 7 17.0150 4.4770 -94.2490 32.1980 
0 7 10.7270 8.3030 39.5240 -133.4390 
0 7 12.4990 6.3490 86.9710 -33.8680 
0 7 10.3270 4.6650 32.3980 35.0670 
0 7 11.9770 8.7700 22.6200 -155.2150 
0 7 13.8560 8.3940 -28.5460 -133.4070 
0 7 8.1090 7.4920 67.0070 -83.6080 
0 7 9.8790 2.8030 278.2620 1.2190 
0 7 10.1460 2.8030 258.3330 1.0860 
0 7 10.4220 2.8740 247.0380 997.8790 
0 7 10.4530 2.8090 137.0500 288.6620 
0 7 13.2720 6.7930 8.5280 -99.6670 
0 7 11.5350 7.9110 48.0090 -116.1170 
0 7 17.5600 4.7800 -122.4510 153.0650 
0 7 18.0410 4.9200 -127.9590 128.0810 
0 7 19.8580 4.0720 -204.9200 332.9570 
0 7 14.2260 6.6670 -45.8380 -78.8920 
0 7 9.5210 6.1380 -28.0340 -107.0380 
0 7 14.5600 7.1890 -34.5730 -111.8330 
0 7 12.7130 6.5670 9.8180 -70.9140 
0 7 14.3880 5.4750 6.3270 -39.1250 
0 7 13.5470 4.9210 -68.1780 -68.8830 
0 7 10.3090 4.7810 54.3850 46.3400 
0 7 10.2980 3.8800 107.7370 349.6010 
0 7 10.1800 3.8670 99.7430 303.5740 
0 7 9.8450 3.4840 116.3470 405.0530 
0 7 11.6960 3.8920 74.1790 98.5750 
0 7 14.6360 5.7100 -714.0000 -97.2410 
0 7 9.2670 6.8380 95.2450 -29.7270 
0 7 9.9900 6.7510 72.6910 -74.5770 
0 7 12.3630 4.9300 18.4950 149.9490 
0 7 11.6220 4.7100 18.4610 191.3150 
0 7 11.0120 4.2690 11.7470 276.1450 
0 7 12.8240 2.5960 -77.1840 338.6450 
0 7 11.6160 5.1970 -27.6880 -78.8480 
0 7 12.0420 6.6970 33.9130 -125.5600 
0 7 14.4510 8.6280 -16.2440 -173.7220 
0 7 15.9660 6.0010 -64.7740 -38.7750 
0 7 11.9200 6.3880 2.8830 -47.3540 
0 7 7.4320 5.2300 168.5790 263.4880 
0 7 13.8660 5.1460 44.0060 -51.5420 
0 7 13.5930 7.2550 -13.0450 -134.6830 
0 7 12.9000 5.1700 5.9230 -84.9880 
0 7 10.5100 6.1300 84.9190 -66.2900 
0 7 12.7680 4.5500 10.0060 59.2690 
0 7 8.3270 3.5720 228.4370 588.1400 
0 7 15.2130 6.9200 -65.3770 -81.9210 
0 7 14.7590 5.3360 -98.6900 -8.0090 
0 7 14.3850 5.5360 -31.3210 -51.6830 
0 7 13.6160 5.1220 -8.9910 -117.7060 
0 7 15.4810 6.5990 -40.5110 -96.7700 
0 7 13.3590 7.7690 2.0670 -104.6820 
0 7 15.0200 5.4450 -5.2340 69.0610 
0 7 13.8940 6.6800 -4.8150 -111.3770 
0 7 14.0610 6.6730 -8.4200 -109.0140 
0 7 11.2070 7.0300 67.0390 -83.4210 
0 7 10.9840 7.2580 66.2840 -76.6380 
0 7 14.6760 7.9380 -12.4320 -135.2150 
0 7 13.8470 6.6110 -26.7640 -80.9030 
0 7 8.0840 7.5270 109.7060 -6.1630 
0 7 14.7220 7.2690 -30.5260 -117.9570 
0 7 13.4710 5.3460 36.2010 -21.2190 
0 7 10.0030 5.9550 75.3530 -21.9300 
0 7 18.4960 4.4110 -194.0250 395.7170 
0 7 12.4350 6.1130 94.0230 -22.8150 
0 7 11.7820 4.6210 98.7170 17.5360 
0 7 15.9250 4.4280 -23.0890 28.6270 
0 7 9.0080 7.4100 70.6650 -63.9980 
0 7 10.3040 4.1420 35.9510 159.2500 
0 7 8.8480 5.6280 36.3690 -82.8460 
0 7 14.9090 6.7980 3.4910 -119.3510 
0 7 12.7960 5.3720 72.3140 -16.0460 
0 7 10.6340 5.9520 68.8360 -28.2500 
0 7 18.8080 4.2140 -105.0050 75.2870 
0 7 13.5150 4.2160 8.9230 -11.7880 
0 7 14.5130 7.7970 -34.2680 -99.0150 
0 7 13.6080 3.3080 76.4140 258.3400 
0 7 13.1080 5.5060 26.0050 -41.1300 
0 7 16.3310 4.1570 -173.5410 234.1030 
0 7 20.0050 8.0770 -119.3020 -20.1650 
0 7 15.8430 5.6890 -28.2030 -43.5950 
0 7 11.8770 4.1090 92.8670 120.2650 
0 7 19.0040 9.6910 -108.0890 -59.6410 
0 7 13.3010 7.8110 -12.6520 -139.0750 
0 7 15.6210 4.8600 47.0010 16.9280 
0 7 11.2920 5.9990 -23.7750 -110.1240 
0 7 15.2280 6.1200 -57.8750 -68.2300 
0 7 14.0480 6.2770 16.0930 -92.7010 
0 7 12.9000 4.3800 -22.7680 31.6480 
0 7 14.6270 6.6570 15.4190 -118.6950 
0 7 15.3400 8.8160 -20.7260 -142.8660 
0 7 13.9230 6.2280 25.6210 -91.4710 
0 7 12.0650 3.1440 37.0110 581.0280 
0 7 12.0790 2.8450 56.9920 783.5980 
0 7 11.8550 2.5910 91.7950 1.1830 
0 7 10.6570 7.5920 58.1800 -88.0080 
0 7 12.9790 6.6770 22.4400 -99.4930 
0 7 11.1200 7.4250 62.5170 -100.0430 
0 7 13.6780 6.2620 23.5590 -73.5490 
0 7 6.4800 7.2920 128.7880 24.8780 
0 7 16.5600 7.6910 -61.3230 -112.5150 
0 7 10.7270 7.8180 52.7030 -92.4580 
0 7 11.5370 3.9200 -29.4510 46.9540 
0 7 10.9270 6.4540 54.7690 -121.7810 
0 7 7.4620 6.1160 64.2430 -79.3810 
0 7 15.5490 7.7230 -44.5230 -122.1220 
0 7 10.8170 5.7920 -23.0270 -91.9420 
0 7 10.6140 4.9630 128.8110 203.2710 
0 7 10.0170 5.0050 89.3120 188.0930 
0 7 11.1340 5.2940 42.6140 -94.0000 
0 7 16.2940 7.7150 -67.1040 -97.9500 
0 7 15.2120 7.6250 -24.3680 -122.5870 
0 7 13.8730 6.4120 -28.3410 -77.3370 
0 7 13.8340 7.5990 -11.5560 -105.7290 
0 7 12.9040 5.4850 349.0000 -86.2870 
0 7 11.7270 5.1290 25.3000 -66.8040 
0 7 11.1980 3.4360 42.3260 -25.8810 
0 7 15.1830 4.1240 -62.8800 237.2240 
0 7 8.2490 7.3230 111.5520 12.5990 
0 7 13.6180 4.6050 1.6370 15.7360 
0 7 14.6850 5.2630 957.0000 6.1850 
0 7 14.2050 7.5720 -29.1010 -108.7310 
0 7 18.5710 2.4920 -321.6920 1.1680 
0 7 17.0140 5.1430 -41.1220 -105.5330 
0 7 12.3170 5.4920 93.4400 39.3560 
0 7 13.2100 7.0330 -1.3810 -115.0570 
0 7 16.5990 4.9470 -50.3640 -17.6390 
0 7 12.1240 5.8940 86.6730 13.7640 
0 7 10.5110 4.6610 9.9610 -57.8580 
0 7 11.7420 5.7820 24.7650 -88.3340 
0 7 18.0820 6.2090 -113.0040 70.5490 
0 7 12.3490 7.5600 17.2060 -125.3720 
0 7 12.3950 5.4950 77.4560 -15.3440 
0 7 12.8760 4.0950 -80.5710 31.8820 
0 7 14.0590 3.9700 -35.3710 -48.4260 
0 7 17.0920 5.5230 -123.0550 53.6150 
0 7 11.0940 4.4730 45.5060 23.8920 
0 7 9.7310 5.9400 7.2780 -107.8470 
0 7 10.0370 3.8170 42.5360 263.4890 
0 7 9.9020 3.7700 51.2650 260.9970 
0 7 9.4860 5.3830 70.6910 -21.9890 
0 7 11.4740 4.8480 24.5270 -29.7520 
0 7 13.0570 4.4070 -20.2100 45.2420 
0 7 9.9150 6.2740 76.7680 -51.9480 
0 7 12.0950 5.2910 82.7540 -27.3680 
0 7 11.6450 6.3930 40.6740 -83.9330 
0 7 18.6180 8.3990 -81.2340 -90.3260 
0 7 12.4160 7.1190 23.6910 -93.5130 
0 7 14.5770 3.3870 -115.2310 117.0490 
0 7 14.4930 5.6440 -17.5030 -130.8040 
0 7 15.6050 5.4870 -74.5150 -14.9210 
0 7 17.2680 4.8410 -189.1910 325.8810 
0 7 16.2700 5.6210 -48.2340 -79.7890 
0 7 13.6400 6.1810 -58.6600 -52.4850 
0 7 14.7360 4.6140 -35.3670 -13.7300 
0 7 11.2310 5.0370 -46.0300 -112.8480 
0 7 9.0650 3.9450 97.3300 69.7520 
0 7 11.3890 6.9370 52.9610 -89.1260 
0 7 12.1120 8.0160 13.4610 -136.3380 
0 7 10.2600 7.3790 37.2590 -107.1490 
0 7 10.6420 6.5130 40.5180 -66.2810 
0 7 11.8720 7.5580 47.8410 -113.7070 
0 7 12.4450 7.6990 -6.1440 -142.8170 
0 7 13.1720 4.8010 -51.9120 -43.0070 
0 7 9.1640 7.0350 101.6220 -5.7970 
0 7 17.5840 7.1550 -106.8680 4.4220 
0 7 14.1590 5.2450 -74.4780 -17.6390 
0 7 9.9520 7.8840 44.9760 -123.4170 
0 7 12.1080 7.7900 25.1010 -121.0770 
0 7 10.0560 5.5540 27.4170 -86.7790 
0 7 15.2430 5.3910 -43.7790 -76.4900 
0 7 11.0680 7.8000 14.1770 -133.3450 
0 7 12.1780 6.9120 1.4010 -127.2130 
0 7 13.8860 5.6040 20.7480 -56.8300 
0 7 8.0940 6.4360 85.2620 27.2930 
0 7 12.7250 8.2060 35.0220 -142.3610 
0 7 18.5370 2.4850 -311.0680 956.5130 
0 7 14.9200 8.0250 -59.9300 -103.2700 
0 7 16.0950 6.7750 -103.8220 -13.2670 
0 7 8.8960 4.3590 91.1990 177.5680 
0 7 14.2620 5.6880 7.3920 -72.2400 
0 7 9.2380 6.1800 71.4340 -48.7010 
0 7 11.9420 5.8730 8.7550 -83.2920 
0 7 11.3250 7.2230 59.3480 -82.3930 
0 7 9.9600 7.0100 37.3530 -120.1270 
0 7 9.1490 5.4840 66.5660 -31.0270 
0 7 10.9140 5.9050 56.9440 -77.8890 
0 7 13.8000 3.4270 -162.2690 272.9630 
0 7 13.4230 6.0110 -25.6040 -127.9450 
0 7 8.6700 3.2570 27.3190 -5.3730 
0 7 8.3560 7.4090 84.5300 -55.6030 
0 7 14.1740 3.7740 -36.2310 200.9870 
0 7 13.5160 5.1590 -59.0200 -70.5340 
0 7 9.7420 5.9680 81.7980 -59.6960 
0 7 12.7560 7.6070 -2.6970 -119.8260 
0 7 11.2440 6.7930 57.7890 -115.7830 
0 7 10.6320 7.1380 21.8240 -137.6520 
0 7 15.6680 6.3810 -65.1400 -71.0850 
0 7 12.7830 6.8230 -3.7010 -149.8710 
0 7 12.0560 7.6700 21.5620 -131.7760 
0 7 10.2810 5.9870 22.4240 -78.9670 
0 7 11.7460 6.3420 67.5420 -89.7350 
0 7 12.1420 3.1000 -149.9920 206.8410 
0 7 12.1900 2.5750 -149.1980 236.2970 
0 7 14.7710 4.7230 -46.2520 60.0300 
0 7 11.7050 7.4150 35.5420 -130.7900 
0 7 18.0390 5.1350 -123.5460 123.0520 
0 7 6.5430 7.1060 129.3780 61.6920 
0 7 8.6720 6.5500 100.0350 1.5000 
0 7 7.9580 7.7320 96.5040 -21.9280 
0 7 7.9180 6.4700 91.2460 -15.9300 
0 7 11.2870 5.4650 -31.0070 -145.7710 
0 7 11.7270 6.6020 -6.2510 -118.4910 
0 7 17.5080 6.2740 -157.3720 113.7730 
0 7 10.7790 5.5900 38.0110 -78.5170 
0 7 11.8750 6.3170 41.7660 -72.1690 
0 7 13.6340 4.8150 -74.1480 28.9020 
0 7 10.2260 8.0760 56.4640 -109.8400 
0 7 6.1980 5.7010 156.1790 160.5620 
0 7 13.1880 5.2440 46.6230 49.1860 
0 7 11.9050 4.0290 28.7310 49.9800 
0 7 12.4820 6.9910 30.8640 -107.2000 
0 7 11.2870 4.2070 31.8370 -748.0000 
0 7 14.9400 5.8840 -506.0000 -84.2670 
0 7 9.6020 5.5740 69.2430 -53.4040 
0 7 15.2910 2.9410 -48.7310 396.1550 
0 7 14.2660 6.4100 -15.7870 -98.9150 
0 7 6.2780 7.0580 136.2030 72.9230 
0 7 9.1240 7.7700 85.4440 -64.1120 
0 7 11.2120 6.8440 37.6420 -72.5610 
0 7 19.4490 7.1280 -93.7290 -64.9850 
0 7 11.0650 8.3170 26.5750 -145.3230 
0 7 9.3370 4.8360 137.0460 116.3920 
0 7 14.1460 6.5380 -9.7860 -109.5870 
0 7 7.9440 4.4500 104.3210 157.6560 
0 7 15.7450 6.1080 -81.8360 -37.0250 
0 7 15.4670 7.3850 -27.7410 -113.5240 
0 7 12.1430 5.0570 8.0510 -24.1240 
0 7 10.8730 8.2740 47.6770 -132.0280 
0 7 18.4890 8.2480 -74.8130 -95.1270 
0 7 16.8560 6.1750 -24.3150 -115.4970 
0 7 11.1790 6.3740 90.2670 -21.2000 
0 7 10.8670 6.4310 95.3730 -11.4040 
0 7 9.7680 6.1480 98.0210 7.1440 
0 7 13.6770 5.5650 -54.6260 -37.8950 
0 7 15.5590 5.4010 -117.7250 95.3360 
0 7 8.5320 4.2740 217.8350 505.7100 
0 7 17.5820 3.9450 -191.0390 432.1950 
0 7 14.9630 6.4350 -53.6040 -86.9610 
0 7 15.3250 8.7550 -24.0950 -150.6340 
0 7 13.4070 6.5910 15.8410 -122.1200 
0 7 15.8820 8.0550 -13.0300 -152.7880 
0 7 8.7630 4.9700 105.1540 117.9040 
0 7 12.3370 3.5800 137.4160 332.8430 
0 7 7.7810 3.9670 116.9400 278.6260 
0 7 12.4960 3.8630 6.7380 162.2470 
0 7 15.1130 8.6360 -6.1880 -159.3170 
0 7 15.2890 7.1370 -64.7340 -72.9220 
0 7 13.0010 5.9580 818.0000 -52.2700 
0 7 12.2800 5.4920 42.8840 40.6950 
0 7 18.7450 5.3800 -98.2330 -28.8670 
0 7 13.0900 5.9790 -34.5540 -97.7860 
0 7 12.7980 5.3870 65.5380 -17.7240 
0 7 12.8620 6.5760 2.0350 -107.2110 
0 7 12.1650 5.1930 41.8900 73.0900 
0 7 14.7830 8.2560 -18.0410 -142.3400 
0 7 15.3190 6.1580 22.0780 -133.1010 
0 7 11.0460 7.3970 49.0780 -109.8010 
0 7 9.4910 3.2260 -2.9580 32.0510 
0 7 12.6590 6.5150 36.5650 -71.2050 
0 7 13.5370 5.7710 -2.4810 -126.0450 
0 7 7.0880 7.0600 90.7970 -7.4750 
0 7 9.1190 7.6070 71.9420 -71.4580 
0 7 9.6420 6.6680 63.4440 -48.8490 
0 7 8.9840 4.7530 -9.1090 -132.6480 
0 7 8.4540 6.9430 134.3720 60.8790 
0 7 9.7970 6.4120 129.7700 60.0880 
0 7 15.9290 6.1990 -78.7240 -49.0320 
0 7 17.3650 6.3010 -70.6960 -39.3650 
0 7 12.3720 4.4950 -6.3410 60.6290 
0 7 12.1820 4.7710 -25.8840 -46.4990 
0 7 11.5110 7.4710 62.6870 -70.5810 
0 7 12.5360 5.6960 32.8790 -90.6100 
0 7 7.5360 5.7770 173.6080 206.8820 
0 7 11.9650 5.8590 64.8840 -75.0150 
0 7 19.0060 4.7350 -181.7600 288.2760 
0 7 11.1390 5.4360 98.7040 57.9040 
0 7 13.4430 5.6490 -39.4520 -59.1070 
0 7 18.0480 4.1280 -136.3720 123.1690 
0 7 10.4360 6.4030 35.0630 -96.0980 
0 7 12.8870 6.6090 -16.8060 -146.1270 
0 7 9.2810 6.5940 52.3990 -90.1980 
0 7 14.1730 5.5940 -11.6340 -48.8530 
0 7 12.4220 5.4230 -33.3370 -71.1000 
0 7 11.0800 6.2670 12.5890 -115.5470 
0 8 8.8890 3.3940 112.0580 234.4480 
0 8 8.6090 2.9480 192.2330 466.8480 
0 8 8.9050 5.4560 84.7620 1.5920 
0 8 8.7390 6.1340 86.5220 -25.4420 
0 8 18.3270 5.2750 -75.2380 -59.6010 
0 8 11.9920 4.7440 63.0870 35.7980 
0 8 4.1810 4.2230 137.5110 319.8850 
0 8 11.6970 5.5920 6.7390 -76.9640 
0 8 9.2210 6.2080 112.4390 29.3250 
0 8 10.8950 7.0380 30.6160 -125.8020 
0 8 10.1770 5.3510 69.5610 28.8600 
0 8 18.4960 7.7150 -40.0430 -161.1620 
0 8 9.9400 3.8410 143.0000 245.5580 
0 8 10.5100 5.3100 95.7960 109.2900 
0 8 7.0910 4.9290 61.2670 -48.6300 
0 8 7.2330 6.0450 127.0180 104.9700 
0 8 14.4460 7.1650 -23.3230 -135.7210 
0 8 6.6270 4.2430 100.1460 88.1640 
0 8 13.3870 5.2940 -5.0030 -41.9230 
0 8 11.0840 2.9340 10.4110 42.4960 
0 8 10.4920 7.2230 15.3380 -104.0740 
0 8 9.3500 4.9990 32.9520 -51.7020 
0 8 9.1490 4.8830 -3.0640 -110.5640 
0 8 8.3350 4.7440 67.8430 5.7080 
0 8 10.7730 5.9510 85.1720 -27.6540 
0 8 10.3770 5.1790 96.5860 38.9770 
0 8 10.0550 4.6320 100.8350 69.1250 
0 8 15.5000 5.4310 -63.3810 -105.0210 
0 8 9.0180 5.6150 116.6320 72.2450 
0 8 13.3480 2.6440 94.5060 296.7420 
0 8 10.2610 2.7720 -20.4070 244.9740 
0 8 9.6400 6.0320 87.2220 -12.4170 
0 8 11.7460 3.9920 40.2330 -53.8550 
0 8 9.0690 5.1370 50.3830 -74.4920 
0 8 11.3030 4.8400 5.7060 -66.7070 
0 8 10.6360 6.6540 30.7910 -109.3270 
0 8 13.3330 4.2370 15.8890 -60.9120 
0 8 10.6890 6.7770 9.0000 -113.9830 
0 8 10.4410 4.7090 91.4740 130.1110 
0 8 10.0780 3.7640 58.4410 41.6930 
0 8 8.5150 5.1870 42.1190 -47.5450 
0 8 12.4000 4.7560 18.8040 -58.5310 
0 8 10.7880 5.1970 61.8540 -27.1120 
0 8 11.5260 3.4830 -64.1710 64.5930 
0 8 12.8470 3.8580 -8.3020 -15.5080 
0 8 11.4300 5.1600 83.0000 -85.1920 
0 8 7.0590 6.2520 85.5220 -64.6950 
0 8 13.9120 3.5740 -43.1580 51.2850 
0 8 21.0340 5.7810 -133.5250 56.7050 
0 8 6.2000 2.7100 142.5880 278.8940 
0 8 6.7510 3.0100 125.2110 176.6300 
0 8 10.7590 4.6160 48.7410 -6.4930 
0 8 13.7210 4.4140 -18.0440 -116.8580 
0 8 13.4710 4.6180 -17.3390 -106.0890 
0 8 14.1970 4.5990 -49.7060 -80.6180 
0 8 14.7080 4.3520 -71.9620 -27.3610 
0 8 7.7190 4.1810 127.7060 278.8630 
0 8 6.4450 3.7340 85.3310 84.0470 
0 8 12.6120 5.1840 21.9640 -54.3960 
0 8 12.3850 5.1610 27.6920 -47.8420 
0 8 12.9050 4.8530 39.6360 -6.6660 
0 8 13.7940 5.7740 43.4390 -73.8160 
0 8 23.1840 3.1030 -157.1950 193.9800 
0 8 8.7260 4.4200 35.0330 -12.5440 
0 8 10.4670 5.1700 38.3840 -62.8500 
0 8 9.0060 4.3010 77.0300 -44.1930 
0 8 10.4120 5.4120 15.7260 -75.6030 
0 8 10.0480 5.6170 43.1830 -67.3400 
0 8 11.5720 5.7180 3.4500 -100.4620 
0 8 10.2210 5.4400 55.6010 31.9090 
0 8 10.0710 5.2510 66.8550 26.9950 
0 8 10.3860 5.6240 83.3480 30.7640 
0 8 14.3260 5.4510 -17.5670 -102.0190 
0 8 5.2030 3.7960 156.1590 251.1860 
0 8 11.3190 4.6750 -18.0470 -45.1700 
0 8 7.7340 5.6250 67.4620 -50.2970 
0 8 7.1880 5.5620 84.2420 -12.0220 
0 8 7.1550 5.6000 71.4970 -52.9760 
0 8 11.2190 7.1610 105.6440 -29.8200 
0 8 13.4000 6.1990 -36.6600 -115.0110 
0 8 11.8480 5.6760 21.2920 -54.6000 
0 8 11.6230 4.3650 50.0000 -83.6720 
0 8 9.8260 3.1200 154.2480 557.8310 
0 8 9.8640 3.6030 200.1750 630.0100 
0 8 16.6870 6.4030 -142.1820 11.6130 
0 8 7.7570 5.2410 151.4730 228.1590 
0 8 13.4280 6.0700 -13.0990 -109.6490 
0 8 12.6430 4.0410 1.3280 -65.3690 
0 8 10.7940 3.8300 30.4190 2.5240 
0 8 10.7860 4.1860 76.6840 41.7350 
0 8 9.3670 4.3400 93.2730 61.4500 
0 8 10.7570 5.1190 67.5130 -35.4000 
0 8 7.0590 4.4860 134.3410 130.5690 
0 8 14.6940 3.2240 -153.0550 421.0190 
0 8 14.1290 7.5920 23.0800 -127.4720 
0 8 10.8430 4.6230 56.5850 -47.2950 
0 8 5.6700 3.4870 26.1090 -85.0800 
0 8 11.2240 4.2820 37.9850 97.0520 
0 8 14.0650 5.3060 -38.1750 -42.3760 
0 8 13.7320 5.5270 -38.4900 -56.6420 
0 8 13.4110 5.5830 -30.3480 -37.9740 
0 8 12.5990 4.3860 1.8870 25.1820 
0 8 16.6840 4.9740 -77.0120 33.5200 
0 8 14.8230 5.5480 -79.6310 -16.5920 
0 8 10.1170 4.5900 42.1700 -16.2130 
0 8 15.7860 5.4540 -52.6590 -35.3090 
0 8 12.7670 6.2540 -10.4100 -105.7970 
0 8 12.1310 5.7810 1.0980 -77.0720 
0 8 22.9440 6.7480 -249.5900 462.1740 
0 8 4.6180 3.2790 270.6110 1.2620 
0 8 7.2150 5.5660 96.9590 -7.0290 
0 8 14.4960 5.0470 -26.1830 -44.4500 
0 8 12.4800 5.5760 12.3910 -55.2900 
0 8 7.9510 6.2790 65.2950 -71.4700 
0 8 10.9330 5.3800 11.2970 -80.2280 
0 8 13.1420 7.4120 -29.6990 -140.7310 
0 8 8.4490 6.3650 62.2570 -91.3840 
0 8 9.4350 4.9660 51.3250 40.8070 
0 8 13.3320 3.0640 -50.3470 28.3080 
0 8 12.9430 2.8780 -34.2370 30.8710 
0 8 13.1570 3.4010 -34.6350 -7.7920 
0 8 9.4810 4.2430 2.0070 -107.5030 
0 8 9.9290 5.3650 94.0070 54.1440 
0 8 7.8890 4.7750 100.2210 47.9970 
0 8 10.8670 4.4060 42.5880 -20.9380 
0 8 14.4870 7.0750 3.1420 -126.2100 
0 8 12.0520 4.9330 46.2750 -49.3600 
0 8 12.7200 6.2970 57.8340 -75.0700 
0 8 11.8670 5.1980 -8.2580 -52.9350 
0 8 9.9800 4.7980 25.7390 -37.1510 
0 8 10.6440 4.5550 44.2540 54.3030 
0 8 10.2180 4.9540 44.6850 25.4080 
0 8 11.9870 5.5870 -19.6060 -79.7450 
0 8 12.2730 5.7510 19.2640 -61.5320 
0 8 12.2550 6.0840 24.3980 -77.9700 
0 8 15.5800 4.2610 -98.2400 50.8770 
0 8 12.2090 6.0970 25.4630 -79.3040 
0 8 15.7710 10.2210 -39.3890 -167.1810 
0 8 7.0700 5.1930 94.8840 82.4470 
0 8 11.5210 5.8570 28.9260 -86.1240 
0 8 10.7710 6.7080 27.7010 -131.4600 
0 8 7.5820 4.1080 169.6060 299.4750 
0 8 6.2100 4.9730 169.5090 302.2990 
0 8 6.2420 5.1320 137.4710 170.8550 
0 8 13.8170 2.8280 82.4650 249.8420 
0 8 8.5960 5.6700 113.3020 44.7320 
0 8 13.5910 4.5130 -37.0190 -80.3240 
0 8 13.3630 6.0320 24.7410 -86.1990 
0 8 8.4680 5.4420 34.7190 -68.1910 
0 8 8.7340 6.2660 101.7230 10.6170 
0 8 9.1550 6.8540 34.3500 -102.7980 
0 8 16.0700 3.2420 -96.2820 18.4760 
0 8 11.1510 5.3040 106.1440 75.2850 
0 8 13.5260 3.2990 11.1900 47.7310 
0 8 9.4590 6.1480 23.3670 -118.9920 
0 8 15.6400 5.2710 -94.8060 660.0000 
0 8 13.6500 5.3200 -42.1550 -99.7900 
0 8 9.8260 5.9190 66.7560 -30.1270 
0 8 9.9900 5.2690 23.0250 -145.9600 
0 8 14.8830 5.7530 -47.0700 -66.7080 
0 8 8.3150 7.0140 65.8860 -56.0470 
0 8 12.2370 4.6280 3.0530 -96.2520 
0 8 10.4010 6.2470 6.2100 -111.3030 
0 8 13.7740 7.3830 45.7400 -127.4520 
0 8 11.9230 3.3920 -55.4010 907.0000 
0 8 6.2000 4.1030 149.0940 200.3820 
0 8 7.6320 4.2110 156.3960 274.9660 
0 8 9.4050 5.0000 -31.9020 -90.0410 
0 8 11.8240 5.4200 -15.0040 -110.2720 
0 8 6.8180 3.1310 123.6300 260.1480 
0 8 12.1900 6.2610 81.9440 -55.0840 
0 8 9.3530 5.2350 55.1820 -19.8350 
0 8 15.3570 5.6440 -12.1260 -85.7390 
0 8 12.6680 5.4020 3.4450 -91.5050 
0 8 9.6790 3.6820 221.8360 672.3860 
0 8 8.3390 4.3820 119.9960 194.4220 
0 8 10.5560 6.2880 46.6730 -76.9350 
0 8 11.5870 6.6920 42.8220 -93.3790 
0 8 10.3470 6.1490 11.7580 -100.2330 
0 8 13.7670 6.5870 29.8200 -103.1750 
0 8 11.0480 6.5350 41.3670 -90.0130 
0 8 13.6230 4.2860 -30.1130 -24.7860 
0 8 7.5510 5.3130 98.5760 56.0830 
0 8 11.3680 6.7550 6.7210 -134.9540 
0 8 12.3680 4.4990 25.6940 -65.0730 
0 8 11.6970 5.2930 13.9840 -79.4110 
0 9 12.7810 5.8870 -11.3650 -135.0640 
0 9 18.5200 7.2250 -31.8320 -156.7590 
0 9 19.7950 6.5320 -117.8270 37.0430 
0 9 18.3970 7.5410 -80.8890 -59.0250 
0 9 17.8210 8.7950 -90.4390 -68.1270 
0 9 11.0880 6.2180 13.2640 -131.8690 
0 9 19.2930 6.8990 -96.9990 -25.7740 
0 9 17.5140 9.1220 -78.0560 -101.3300 
0 9 18.0600 8.3480 -86.2330 -70.1200 
0 9 19.3700 6.5990 -94.0470 -5.4010 
0 9 19.1500 7.1570 -99.3940 -16.5870 
0 9 17.8930 8.3250 -76.3230 -88.9360 
0 9 18.6100 7.8620 -102.1900 -18.1880 
0 9 18.3960 7.5140 -73.8750 -77.5710 
0 9 17.9410 8.5160 -84.1010 -76.7380 
0 9 17.2320 9.1690 -77.0830 -98.4610 
0 9 15.1180 6.7090 -24.8880 -82.2160 
0 9 19.6840 6.9370 -141.3290 118.1870 
0 9 19.2570 6.8670 -92.2830 -34.5560 
0 9 19.0980 6.7420 -71.0060 -92.9610 
0 9 16.4860 8.8170 -34.9560 -155.7880 
0 9 19.2040 7.0400 -94.2830 -29.5720 
0 9 19.9720 6.3220 -110.3130 29.8240 
0 9 17.1070 9.1060 -63.3900 -121.3950 
0 9 19.5150 6.5690 -115.1700 61.9700 
0 9 18.2910 7.9130 -87.8550 -52.1250 
0 9 17.0670 9.1100 -65.7900 -116.7150 
0 9 15.0260 9.7750 -23.7970 -168.0340 
0 9 13.7270 10.2950 -3.6260 -178.3650 
0 9 18.1520 7.6510 -72.5690 -68.8360 
0 9 20.1730 6.0710 -140.3870 160.8310 
0 9 19.4630 7.1900 -128.5430 57.5060 
0 9 19.0030 7.1920 -97.8590 -15.6400 
0 9 19.0080 7.5280 -111.0500 -1.3880 
0 9 18.7350 7.9310 -75.7100 -113.2340 
0 9 19.5200 7.2950 -133.7050 68.3350 
0 9 19.4230 6.6610 -107.2160 34.8960 
0 9 19.4260 6.9880 -111.4660 17.4700 
0 9 18.1730 8.5120 -91.7610 -68.7360 
0 9 13.8390 7.1250 32.3880 -142.7700 
0 9 10.9180 6.7430 80.7770 -67.8420 
0 9 20.8980 4.1550 -97.8850 124.6740 
0 9 20.1170 5.2150 -124.2410 185.4480 
0 9 20.3220 4.7740 -109.0370 133.2970 
0 9 20.5050 4.8230 -113.4020 137.1430 
0 9 15.3560 5.8150 -67.0590 -47.9750 
0 9 14.5570 4.9660 -43.9940 -61.1690 
0 9 15.6640 8.3700 -10.4100 -147.0490 
0 9 19.8670 6.1040 -100.2820 12.5810 
0 9 19.0730 7.2340 -91.9200 -47.2800 
0 9 17.3320 9.0090 -73.0190 -105.1310 
0 9 18.3280 7.6710 -87.1950 -47.6440 
0 9 12.8020 5.1030 -69.3700 -70.8350 
0 9 15.5270 4.4680 -76.8720 5.7410 
0 9 15.3760 4.4710 -74.4050 3.3820 
0 9 11.0520 4.1620 -9.9160 -86.7890 
0 9 12.7930 4.4040 -22.8570 -80.1900 
0 9 17.4810 8.5550 -63.3520 -99.8070 
0 9 21.9020 4.7290 -193.9360 378.8130 
0 9 10.6320 9.6270 22.5490 -159.5450 
0 9 12.2830 6.8260 -36.6120 -120.9830 
0 9 12.8090 6.1830 -56.9070 -95.7040 
0 9 19.3380 7.6970 -125.7260 29.5150 
0 9 15.4570 6.8680 3.8700 -139.9510 
0 9 17.6380 8.6880 -79.7870 -85.3500 
0 9 18.3900 8.4870 -100.1030 -44.8260 
0 9 18.7740 7.6790 -94.8410 -45.6030 
0 9 18.4490 8.1590 -69.9390 -124.9640 
0 9 19.2510 7.3460 -103.9080 -23.4530 
0 9 18.7520 7.5760 -98.7080 -27.8710 
0 9 18.6310 7.4570 -83.6690 -60.0700 
0 9 18.3400 8.2190 -98.5470 -39.2490 
0 9 16.7110 9.4470 -63.0720 -127.3460 
0 9 17.7160 8.5810 -75.3320 -93.9700 
0 9 10.5520 4.5920 -60.6980 -87.8140 
0 9 19.9290 6.5350 -133.9730 103.2760 
0 9 19.3490 7.1380 -116.9880 42.8950 
0 9 19.3850 7.1960 -120.2310 37.6540 
0 9 18.8690 7.7560 -110.9980 -2.9860 
0 9 8.2220 5.5210 40.5080 -109.1730 
0 9 18.5240 8.1280 -96.0110 -45.3250 
0 9 7.4500 4.9530 103.6090 117.1350 
0 9 10.7390 5.7450 71.6590 -62.6970 
0 9 12.1990 6.7840 -10.1300 -129.2280 
0 9 11.8780 5.7170 119.2950 38.3900 
0 9 15.9720 5.2710 -40.1600 -72.4320 
0 9 19.0260 3.9750 -29.8140 -53.2810 
0 9 12.9160 5.7220 3.1760 -85.1480 
0 9 19.7060 5.1110 -28.8430 -84.9690 
0 9 9.1150 4.9740 88.8710 15.3410 
0 9 10.2340 5.2170 121.2490 8.6400 
0 9 17.0120 8.8860 -47.6370 -143.4140 
0 9 11.0940 5.1970 55.5250 -94.2330 
0 9 14.3330 4.4650 -49.8400 13.1880 
0 9 17.9330 8.3730 -33.6740 -175.2750 
0 9 15.2830 7.5590 21.8630 -153.9070 
0 9 19.6150 6.8310 -82.7510 -72.3590 
0 9 22.1100 6.0930 -155.9850 85.9990 
0 9 22.4860 4.9330 -195.5450 353.5480 
0 9 21.3610 6.7490 -162.6310 144.3110 
0 9 20.3600 6.8660 -132.2980 63.8430 
0 9 9.6720 7.7900 82.6180 -58.7460 
0 9 12.2690 7.4300 50.7160 -89.7410 
0 9 11.3180 4.9170 -39.0300 -92.0220 
0 9 19.0750 7.5370 -121.2920 41.3380 
0 9 19.0010 7.6400 -104.1700 -18.7510 
0 9 19.5930 6.1750 -80.0030 -46.7490 
0 9 15.4730 8.0410 -20.0240 -135.4080 
0 9 20.2780 6.7260 -154.1150 155.4980 
0 9 11.1840 5.4340 53.8420 -19.8420 
0 9 19.7240 5.8200 -128.3230 93.8090 
0 9 19.4840 7.0980 -116.4930 22.3800 
0 9 18.6900 6.2220 -55.4140 -86.8570 
0 9 16.5280 7.0220 -22.7780 -133.8560 
0 9 16.9920 9.1960 -67.7860 -112.8730 
0 9 13.1950 5.8240 -18.6970 -97.5370 
0 9 15.0930 7.2770 -35.4130 -105.4040 
0 9 21.7390 4.6950 -145.8310 144.9800 
0 9 20.2480 6.9730 -147.2460 125.2280 
0 9 19.5790 8.0050 -118.5980 -5.5630 
0 9 9.4230 6.6500 29.1960 -80.0810 
0 9 7.3520 6.6290 37.0360 -139.5090 
0 9 15.5210 7.2460 -80.0710 -79.2600 
0 9 10.3850 6.3680 69.8620 -28.6960 
0 9 11.6030 4.1430 3.2130 -65.2230 
0 9 14.2020 2.5210 10.5990 2.1690 
0 9 14.0530 3.2450 -124.8310 165.6000 
0 9 13.4810 6.5400 37.5060 -98.0330 
0 9 9.2070 4.4080 4.6600 -73.6200 
0 9 10.5970 7.5410 62.3340 -91.5860 
0 9 19.4430 8.5060 -81.6580 -116.8080 
0 9 19.9500 6.8480 -141.0760 103.4790 
0 9 18.0570 4.3510 -33.9800 -28.3700 
0 9 18.4640 8.3510 -103.8640 -37.0130 
0 9 20.0050 6.6430 -130.7300 75.1490 
0 9 19.2430 7.3720 -118.9160 31.2680 
0 9 20.0510 6.1690 -166.7200 217.2380 
0 9 8.1170 8.9720 91.4530 -84.8460 
0 9 25.4230 376.4540 -552.6160 3.0070 
0 9 19.3360 5.0870 -65.5020 15.4790 
0 9 13.7580 5.8570 -22.1270 -39.8400 
0 9 15.9030 5.9420 -159.4600 162.4420 
0 9 15.2480 5.9640 3.2460 -90.7820 
0 9 13.4660 5.2950 -87.0670 -54.9490 
0 9 10.5250 2.5220 165.1500 1.0500 
0 9 12.4030 6.1900 51.4490 -110.5410 
0 9 9.4740 4.7720 64.9870 -14.1020 
0 9 16.7140 2.0990 -133.1460 477.0110 
0 9 17.6000 6.7160 -88.7930 -61.1780 
0 9 10.9870 5.5190 12.8260 -72.9810 
0 9 12.7940 5.3600 34.3080 -45.8340 
0 9 15.2870 4.7300 -12.3870 -53.7170 
0 9 14.1740 5.4630 2.4210 -118.8300 
0 9 14.8020 6.0360 -40.5660 -65.2260 
0 9 14.1400 5.9010 -15.5730 -71.2330 
0 9 18.2970 8.4410 -101.3860 -38.7000 
0 9 12.0140 1.2500 -252.9870 1.6640 
0 9 16.4840 5.3560 -99.6200 32.7450 
0 9 14.1780 6.3980 -15.6820 -95.1760 
0 9 12.7670 2.5090 76.7700 178.4350 
0 9 14.5160 6.2080 -23.8780 -82.1260 
0 9 17.2510 1.6280 37.8160 80.5070 
0 9 19.3780 1.7940 -9.8630 -1.2790 
0 9 13.4380 6.6120 -17.5280 -91.3980 
0 9 9.6350 6.0120 96.9280 -43.6490 
0 9 10.9690 3.7640 215.7870 458.4640 
0 9 19.8940 2.0880 -157.2030 674.7080 
0 9 12.9640 7.6160 -6.1650 -125.7060 
0 9 13.6300 5.5310 30.5170 -67.2810 
0 9 8.1410 6.7040 85.0590 -871.0000 
0 9 13.4090 4.1140 -42.0550 -49.0250 
0 9 12.3860 3.1340 37.8670 74.2000 
0 9 12.3310 6.6150 16.8120 -105.2000 
0 9 12.6100 6.8300 21.8530 -108.6740 
0 9 11.8360 7.6720 -19.4520 -155.6970 
0 9 13.1450 5.5350 -27.6640 -69.1800 
0 9 16.7810 6.5550 -118.1670 28.2430 
0 9 10.6370 8.6480 -15.8610 -165.0890 
0 9 12.5380 3.9690 -55.4620 -51.1400 
0 9 17.0300 4.9300 -30.7280 -26.7040 
0 9 11.4690 7.8870 37.8700 -129.2750 
0 9 11.4870 7.8910 33.5500 -130.4620 
0 9 11.3290 7.9230 38.0150 -128.2470 
0 9 21.2260 5.4150 -160.0130 196.9350 
0 9 6.9830 3.9520 29.7890 -6.9510 
0 9 7.9130 7.5200 106.0720 -31.9880 
0 9 9.5510 3.3570 118.8090 136.3880 
0 9 9.8260 3.1880 34.5640 67.8920 
0 9 7.2770 6.6490 84.0370 -19.1500 
0 9 7.4170 6.7150 70.2970 -48.6570 
0 9 12.0820 7.5960 31.9540 -123.4390 
0 9 13.2330 6.2770 -12.4760 -138.8370 
0 9 13.4970 7.4960 4.0420 -157.7360 
0 9 6.5330 4.2340 61.2430 -18.3700 
0 9 14.4060 7.1200 -17.7020 -142.9070 
0 9 5.8550 5.1870 153.8740 244.0410 
0 9 18.8180 4.4030 -40.8850 -84.3240 
0 9 10.5330 5.9950 54.2460 -36.0340 
0 9 13.8660 6.0710 -14.0540 -90.0460 
0 9 13.8760 2.8470 -7.6940 59.1840 
0 9 17.1120 3.5130 -148.2850 285.7380 
0 9 16.4430 9.7690 -62.6560 -129.9770 
0 9 11.6510 7.0230 34.1680 -92.4920 
0 9 11.3790 6.0510 38.8690 -64.5910 
0 9 7.9360 5.0260 82.1750 15.7150 
0 9 12.0480 5.1810 -16.4710 -43.9090 
0 9 16.6820 7.3790 -88.6300 -68.1390 
0 9 12.7530 5.9850 -22.2270 -70.8950 
0 9 9.7360 4.7460 58.0670 -55.5120 
0 9 11.4050 4.6260 52.6260 -44.7610 
0 9 11.1730 4.3140 -21.7200 7.0190 
0 9 12.9070 9.8630 -13.9480 -177.5910 
0 9 12.4210 8.5250 -14.7310 -117.5410 
0 9 8.4860 6.4500 59.0270 -125.5270 
0 9 8.5270 5.4540 24.0530 -125.8480 
0 9 16.6200 4.3230 -54.8770 -12.5660 
0 9 13.0740 3.4320 -120.4460 132.6010 
0 9 10.1680 6.7250 78.0370 -56.3060 
0 9 14.4130 4.7410 8.6320 -36.5040 
0 9 13.8690 5.9270 13.1950 -108.6880 
0 9 8.1020 4.6170 111.3760 47.7530 
0 9 6.4760 6.3970 63.1930 -79.9470 
0 9 10.4890 5.4890 96.6030 -49.5770 
0 9 5.1060 4.0160 158.8130 396.7820 
0 9 7.9930 2.8450 130.9700 96.1690 
0 9 14.5040 7.6050 18.7730 -171.0000 
0 10 12.5580 6.5980 -32.8560 -132.7000 
0 10 11.9830 5.6620 54.3180 -58.1520 
0 10 10.7120 6.3660 66.4710 -60.3890 
0 10 11.8660 4.3320 84.1240 18.5640 
0 10 13.2690 4.6530 -20.7740 -60.8100 
0 10 13.9660 5.5050 -11.8280 -85.9850 
0 10 11.6620 6.9940 18.6140 -107.3740 
0 10 11.6950 6.9560 30.8400 -91.6800 
0 10 8.1210 6.8600 105.6300 10.4550 
0 10 8.6910 6.8990 53.3680 -83.2980 
0 10 12.0110 6.5990 29.0880 -140.1960 
0 10 19.1780 6.8620 -105.5410 -50.1270 
0 10 11.3760 5.9550 39.7690 -27.1010 
0 10 17.6070 5.3170 -130.0270 31.1490 
0 10 9.1790 7.9070 741.0000 -147.2750 
0 10 13.6510 4.7320 -38.8500 -37.7970 
0 10 7.8060 6.4800 86.8810 -7.8740 
0 10 11.3230 5.0530 43.7690 -39.8520 
0 10 11.9660 6.0340 -2.1740 -121.9250 
0 10 13.0780 4.6500 -19.3740 6.6040 
0 10 12.1730 4.0830 -81.1070 55.4560 
0 10 15.2020 6.6540 -84.2290 3.2540 
0 10 9.8110 6.4230 -2.7080 -161.7310 
0 10 13.8080 6.3170 4.7130 -126.0350 
0 10 11.0030 4.2220 -42.9420 -24.4210 
0 10 17.5880 8.3900 -44.4560 -140.6960 
0 10 12.5090 7.9460 13.3020 -131.6720 
0 10 14.5760 7.6750 -32.3810 -119.0870 
0 10 6.3210 4.6850 154.2210 191.0830 
0 10 12.0710 4.7830 -13.9540 -140.3690 
0 10 7.9340 4.8290 126.7440 93.3010 
0 10 9.2930 7.3660 83.1310 -66.5250 
0 10 11.5130 6.3770 32.8480 -135.1850 
0 10 14.3100 5.5060 -48.1470 -126.9660 
0 10 10.6370 4.9330 61.7880 -70.9650 
0 10 12.7260 1.7800 -74.0810 -11.8780 
0 10 15.7990 4.1860 -93.6170 97.0250 
0 10 19.1450 6.9620 -128.9910 26.5020 
0 10 9.2840 6.3150 47.0510 -76.5890 
0 10 14.0570 5.2290 12.4270 -42.6680 
0 10 8.0540 3.2180 103.0590 98.0130 
0 10 8.1240 3.3250 114.3640 164.5510 
0 10 15.2220 5.2520 -92.3980 -36.9120 
0 10 13.1480 5.7130 -510.0000 -97.2290 
0 10 9.8470 6.5040 86.8420 -69.7010 
0 10 10.6730 6.9420 74.4470 -92.3440 
0 10 12.6900 7.1700 -17.2670 -119.9270 
0 10 12.8940 5.6980 1.4590 -96.7770 
0 10 13.2170 7.1610 13.0060 -153.2680 
0 10 10.1410 3.6660 25.1940 -115.7580 
0 10 12.0360 3.4140 182.6970 436.7130 
0 10 11.2070 8.1000 29.8370 -145.9540 
0 10 13.9660 7.6670 -6.5500 -131.6270 
0 10 10.9260 4.7290 16.8340 -116.4670 
0 10 10.1320 5.5540 68.2320 -21.1860 
0 10 13.8740 4.6870 36.4180 -38.6150 
0 10 10.1670 5.8300 75.2230 -13.2720 
0 10 10.7650 9.2260 10.1290 -169.3680 
0 10 10.2350 5.5600 69.5200 -18.0620 
0 10 10.0190 5.1960 57.2880 -28.7170 
0 10 12.6590 6.9190 -12.2420 -158.7650 
0 10 15.4310 3.9830 -52.2960 -77.9110 
0 10 12.8170 4.7920 -88.6000 -19.3930 
0 10 8.2020 6.8930 96.1890 -18.0880 
0 10 11.8620 7.2190 50.6870 -92.0180 
0 10 13.3940 6.9750 28.8040 -106.3660 
0 10 11.4690 4.7050 56.7450 -50.4250 
0 10 10.2410 7.8220 45.5610 -131.6820 
0 10 17.1810 4.9700 -61.6030 -111.5910 
0 10 7.4300 5.7980 54.2070 -115.0630 
0 10 9.1240 4.7090 -30.9540 -81.9300 
0 10 10.4990 5.1910 106.1960 24.1800 
0 10 14.7470 4.9500 34.8750 -66.4700 
0 10 15.6810 7.6910 -57.2800 -151.1770 
0 10 14.1730 5.6280 -6.1700 -120.3670 
0 10 14.5220 5.0110 -68.0420 -17.5440 
0 10 11.5710 6.0100 -8.6910 -111.2610 
0 10 9.1480 3.9880 -41.0480 25.9070 
0 10 12.6300 5.2050 -25.7650 -44.2490 
0 10 17.3060 6.2000 -72.0310 -41.0690 
0 10 17.2300 6.5320 -130.3910 54.4530 
0 10 7.6530 7.9830 79.9340 -68.0210 
0 10 9.0900 6.0180 39.0900 -90.1570 
0 10 15.9120 3.0440 -119.9080 387.4680 
0 10 11.5140 5.6350 -29.3330 -172.2100 
0 10 10.7750 7.0470 17.9890 -117.5980 
0 10 13.4930 6.5690 -32.2120 -123.1110 
0 10 11.0040 6.0790 -28.4770 -125.0490 
0 10 12.1870 8.0890 -2.7990 -162.8950 
0 10 10.0900 5.3230 53.8670 -33.7860 
0 10 11.3240 7.8260 55.2400 -94.2630 
0 10 8.8310 4.7010 50.0060 -10.2580 
0 10 12.7020 7.3150 -43.3640 -155.4580 
0 10 12.6220 7.2770 -41.9360 -155.7310 
0 10 12.3110 6.0280 33.7180 -110.3450 
0 10 13.1980 6.1500 26.0410 -130.1700 
0 10 14.8390 4.1150 -62.8170 5.9430 
0 10 8.3950 4.8950 58.9850 16.7280 
0 10 16.7990 2.9020 -88.4100 178.6190 
0 10 12.0920 7.4450 55.2780 -101.9320 
0 10 12.5000 5.1000 -17.8440 -50.3830 
0 10 14.9450 5.7030 -106.7420 -60.6480 
0 10 12.2380 7.3520 53.2650 -97.7300 
0 10 9.1900 5.9950 70.7100 -2.8510 
0 10 12.8190 3.9900 -30.3030 -36.9470 
0 10 9.5240 6.0720 -11.3100 -120.2220 
0 10 11.3910 6.5090 27.6090 -38.6450 
0 10 12.3920 7.6180 56.7610 -121.4650 
0 10 12.5800 5.2250 69.8140 3.3740 
0 10 10.9730 8.6900 18.1890 -146.2180 
0 10 9.9560 3.3350 45.0370 53.3350 
0 10 5.2120 3.9080 104.6690 13.5780 
0 10 13.2330 6.1860 201.0000 -138.6050 
0 10 11.3960 9.6410 11.5850 -178.6420 
0 10 6.8730 5.6000 144.5070 105.1580 
0 10 6.9200 4.7090 97.8600 96.2560 
0 10 17.6800 8.1870 -25.0660 -176.1760 
0 10 10.8970 6.4340 4.5670 -108.6700 
0 10 11.7550 6.5030 51.5250 -75.5680 
0 10 5.8820 5.2870 171.2860 421.4660 
0 10 6.3910 4.9400 86.2820 33.3460 
0 10 6.3410 4.9460 85.3110 29.7280 
0 10 6.2930 4.8930 80.6230 26.0830 
0 10 9.8930 7.2020 55.1170 -83.9490 
0 10 9.5060 4.1800 88.0520 132.9810 
0 10 17.3730 6.2990 -64.0100 -89.6440 
0 10 10.9680 6.5120 40.8010 -71.5700 
0 10 12.5500 6.1690 9.6030 -94.0550 
0 10 9.8140 8.5010 77.8720 -93.9840 
0 10 5.7870 4.1790 105.7930 128.4160 
0 10 9.2670 5.7840 88.7450 17.4900 
0 10 9.8110 7.6830 72.2690 -117.1960 
0 10 9.1050 6.4050 79.7590 -50.6420 
0 10 11.5740 7.9370 50.2920 -113.9010 
0 10 17.7090 7.8880 -40.6950 -149.5880 
0 10 10.5040 5.0050 54.8500 -82.9200 
0 10 10.8110 5.2100 44.7340 -116.3920 
0 10 10.1700 6.9130 55.7750 -56.0590 
0 10 5.7430 8.4350 129.9570 2.7460 
0 10 10.0320 5.9230 5.3410 -130.1760 
0 10 12.3520 3.6890 -17.7470 -80.1110 
0 10 13.4900 6.9540 -66.9360 -98.8840 
0 10 7.9520 4.7710 81.5030 79.3920 
0 10 14.0230 7.6160 -23.4870 -137.3900 
0 10 13.2330 4.0040 -23.1800 -82.0610 
0 10 9.8300 7.0070 87.2520 -53.4660 
0 10 11.2030 8.2620 56.3420 -119.6940 
0 10 11.2340 8.3250 75.4600 -85.8530 
0 10 8.2270 6.6200 63.4450 -75.2520 
0 10 14.1260 3.1760 -80.6680 115.0740 
0 10 11.0980 5.9740 61.6760 -34.2330 
0 10 12.2350 4.8230 -110.7780 87.6800 
0 10 11.6110 7.8510 65.9650 -119.6550 
0 10 15.8930 4.2140 -19.8800 -116.4300 
0 10 6.6990 5.4800 131.7470 54.1940 
0 10 16.2260 6.4960 -29.7080 -136.4240 
0 10 15.5830 7.5310 -961.0000 -155.7850 
0 10 9.8810 7.1180 90.5020 -29.4320 
0 10 7.2780 4.3780 68.1530 -16.4080 
0 10 10.6010 6.0980 21.3190 -93.1300 
0 10 14.5450 6.5330 -38.0430 -144.4590 
0 10 12.7980 5.6880 50.6250 -31.6530 
0 10 10.8040 5.1650 43.1330 -64.3750 
0 10 10.0390 7.4290 55.2440 -106.0090 
0 10 10.8170 5.7750 38.8800 -49.8830 
0 10 10.7050 7.0740 25.1310 -115.6120 
0 10 11.5670 5.1260 14.3670 26.5410 
0 10 12.2600 7.6950 -7.2290 -162.9190 
0 10 12.3870 7.4840 -4.6090 -157.8750 
0 10 11.5630 5.6740 25.1290 -6.5970 
0 10 11.7200 8.8190 9.5020 -169.1900 
0 10 11.2000 3.1730 -71.9750 138.0640 
0 10 20.0590 8.0010 -98.0830 -80.9040 
0 10 16.1950 6.8360 -99.9470 -36.1080 
0 10 12.7930 4.5620 -88.4330 -1.9320 
0 10 9.5230 5.8190 103.4600 58.9130 
0 10 8.0060 6.6860 134.9350 83.8030 
0 10 7.5390 6.6010 141.4090 103.9600 
0 10 5.5890 4.6690 166.7790 296.6200 
0 10 10.0710 8.1870 79.2240 -78.5280 
0 10 14.7500 8.8810 92.0000 -166.2460 
0 10 11.8750 7.4970 60.0860 -108.0640 
0 10 9.3660 4.9760 42.9180 -24.1450 
0 10 12.3480 6.5300 -79.4610 -84.6970 
0 10 14.2100 5.7030 -36.8580 -98.0680 
0 10 11.2790 5.6880 -22.9300 -88.5640 
0 10 13.2670 5.7420 -8.7090 -111.5140 
0 10 9.3310 7.1830 93.6640 -32.4680 
0 10 15.3730 8.0300 -2.9890 -150.6300 
0 10 13.2210 6.4170 -10.0600 -116.6500 
0 10 10.8380 6.6390 40.7720 -86.8380 
0 10 9.5750 7.6210 61.5430 -65.4640 
0 10 6.8420 7.1250 65.8870 -109.0790 
0 10 12.5380 4.2730 115.9850 210.0270 
0 10 13.3580 5.5020 -70.8140 -100.1920 
0 10 20.2060 6.2390 -83.8780 -63.0190 
0 10 19.9800 5.4240 -191.6480 282.1160 
0 10 11.0300 4.2750 -61.9270 -45.6890 
0 10 15.4200 5.2610 43.6890 -77.8870 
0 10 15.5290 3.7420 -100.3630 53.1370 
0 10 7.5380 4.4310 160.4990 346.7190 
0 10 11.9390 6.6940 -39.1360 -97.6500 
0 10 11.5050 7.7630 34.0500 -132.0070 
0 10 14.1830 6.3460 -23.7160 -95.4850 
0 10 12.2530 3.5000 127.8890 84.9740 
0 10 11.7040 5.3360 -53.8850 -110.3570 
0 10 10.8800 6.1870 60.0960 -69.1500 
0 11 12.8840 4.2280 11.6640 123.0250 
0 11 10.1340 4.6580 17.4700 -6.7730 
0 11 10.2730 5.7440 61.3050 -65.1580 
0 11 11.0680 5.6390 84.5390 -33.4930 
0 11 6.2500 4.2330 116.6560 107.9430 
0 11 17.5070 7.6520 -77.3720 -74.0690 
0 11 16.6540 6.9850 -6.0910 -130.8090 
0 11 11.7180 7.6510 15.9600 -132.9960 
0 11 8.9710 4.5530 85.0900 79.2270 
0 11 9.7610 5.3720 43.1510 -10.7920 
0 11 17.8980 6.4090 -79.6810 7.5880 
0 11 9.3130 2.7260 58.3510 431.1460 
0 11 11.7280 4.9300 32.7970 -38.5980 
0 11 10.4070 5.1370 64.9170 7.3660 
0 11 10.8480 6.6280 38.4590 -79.6530 
0 11 10.6260 5.0040 19.7340 -114.9310 
0 11 12.5680 5.1950 -446.0000 -106.2410 
0 11 9.7500 4.2910 103.9060 86.7400 
0 11 15.8220 3.7760 -28.1830 -20.2550 
0 11 15.8770 3.5940 -44.9820 9.1960 
0 11 16.4190 3.5510 -67.7840 33.3440 
0 11 15.7520 4.4150 -90.6560 -16.0180 
0 11 19.1420 6.3590 -93.6780 8.6250 
0 11 11.1270 4.1040 108.2960 176.1270 
0 11 9.8030 6.3250 55.3830 -65.0840 
0 11 14.2920 5.4960 16.0250 -110.5310 
0 11 13.2180 5.2950 -1.1870 -87.5290 
0 11 18.2320 6.9670 -80.0810 -32.1240 
0 11 13.2300 2.9530 -83.1600 28.7640 
0 11 12.1270 2.7110 -44.8270 -34.8410 
0 11 12.3540 6.3810 22.6510 -52.5890 
0 11 12.9240 6.7060 9.4550 -101.9610 
0 11 12.9720 5.3500 13.8720 -82.9440 
0 11 9.9750 4.8710 58.1450 -7.9600 
0 11 14.4190 4.8590 -51.5580 -9.5490 
0 11 14.1130 5.5190 4.2120 -15.6750 
0 11 11.0440 5.0170 -21.6680 -42.7230 
0 11 10.7790 5.0420 16.9110 -117.2250 
0 11 10.5710 6.6390 55.0520 -101.8640 
0 11 14.4460 5.2190 -8.8840 -68.7710 
0 11 13.0080 5.5920 6.4650 -77.2400 
0 11 8.4090 3.9570 70.8920 30.2810 
0 11 8.1140 3.5520 54.8790 -50.8910 
0 11 9.0820 5.6610 73.2230 -2.2720 
0 11 11.7450 5.3300 32.1260 -33.8950 
0 11 12.3850 5.3800 44.5880 -16.4020 
0 11 10.2110 5.6690 49.3840 -44.8070 
0 11 10.1280 5.2950 87.4140 53.4640 
0 11 10.4500 5.6130 18.8350 -90.3340 
0 11 10.7670 5.3130 72.6700 8.1180 
0 11 10.0400 6.9590 14.2350 -119.6110 
0 11 11.7150 5.5740 -23.1570 -77.6900 
0 11 9.8960 5.9840 32.6990 -60.3120 
0 11 7.1660 5.4990 55.9830 -126.6800 
0 11 9.4550 6.5570 45.6170 -71.7770 
0 11 12.7700 6.6940 30.0460 -133.7380 
0 11 16.0130 7.2890 -36.2890 -145.4370 
0 11 4.5190 3.6000 158.0430 339.1290 
0 11 9.6910 7.1740 29.2590 -115.5210 
0 11 11.0270 4.5470 42.4050 49.0380 
0 11 10.1560 5.1780 20.6670 -44.1980 
0 11 11.1380 4.5450 -31.2510 -52.4870 
0 11 8.3830 4.4900 66.6780 7.9620 
0 11 9.9390 4.8350 56.0400 30.0190 
0 11 9.1900 4.5530 94.4060 133.2240 
0 11 13.6510 7.1210 26.4360 -119.2270 
0 11 12.4470 5.9100 30.4170 -38.9320 
0 11 10.8790 3.8940 5.6720 -1.8060 
0 11 14.2710 4.9740 -6.3350 -24.6510 
0 11 18.3330 3.2270 -48.3480 177.9130 
0 11 14.1200 5.0530 -117.2900 87.6180 
0 11 11.9420 6.5390 -37.4200 -109.2550 
0 11 10.9690 7.3660 40.1970 -104.4350 
0 11 9.7420 6.6660 48.4800 -67.7920 
0 11 7.8330 3.5890 66.2260 39.8250 
0 11 10.3130 5.4700 19.8370 -100.4570 
0 11 7.9990 3.7960 73.6150 104.8400 
0 11 15.3170 8.5730 -46.4840 -140.0000 
0 11 12.4890 5.9660 -30.2930 -55.5640 
0 11 11.0710 5.5890 -4.8540 -49.3990 
0 11 12.5600 5.0100 27.9590 -18.6070 
0 11 9.4100 5.4970 79.0030 4.0560 
0 11 11.5880 3.4900 -97.0840 65.3720 
0 11 10.2100 6.8320 26.7190 -126.2500 
0 11 6.6010 4.6340 57.8580 -65.6430 
0 11 8.9660 4.8250 28.1550 -36.7050 
0 11 5.7650 4.1550 74.2660 -27.4620 
0 11 10.7580 5.8610 75.9110 -51.1620 
0 11 10.7650 4.9490 51.6840 -62.8520 
0 11 10.3080 6.1060 34.9700 -73.7350 
0 11 11.1880 5.0910 77.3640 17.1630 
0 11 10.4260 6.0940 57.2670 -65.6320 
0 11 15.8670 4.8530 20.6800 -64.1590 
0 11 9.1390 5.0270 70.4370 -6.2250 
0 11 11.1320 3.8540 3.5200 -1.7000 
0 11 9.9580 4.7330 80.4520 63.8060 
0 11 13.9240 6.6760 3.8270 -116.8260 
0 11 9.0570 6.5710 64.7390 -65.5170 
0 11 10.7690 5.6880 -28.3700 -80.6610 
0 11 10.4690 5.7450 -7.4690 -90.7450 
0 11 8.7220 6.3310 57.9640 -83.2950 
0 11 12.5940 4.9820 -34.8510 -44.2090 
0 11 11.9320 5.6400 -25.1760 -94.6540 
0 11 10.6090 6.3960 4.7460 -130.5520 
0 11 8.7470 6.3520 56.7320 -85.9720 
0 11 12.4340 5.1500 -33.7990 -53.3210 
0 11 11.9720 5.6210 -25.7900 -93.4340 
0 11 10.5680 6.4020 5.8550 -130.6940 
0 11 13.6410 5.0780 11.4380 -14.7570 
0 11 11.6830 5.5600 94.8290 10.9730 
0 11 11.0080 5.8850 95.9930 4.9470 
0 11 10.1960 3.4910 30.3330 1.8810 
0 11 13.0100 6.6160 31.2110 -80.5690 
0 11 11.4540 5.9810 -10.9670 -77.8650 
0 11 11.3290 5.9610 -9.2230 -77.2210 
0 11 6.9430 6.6150 132.8080 75.1230 
0 11 8.6460 5.9800 92.8690 29.2640 
0 11 8.3520 6.1670 107.7170 34.1520 
0 11 6.9590 6.8540 76.6300 -63.8750 
0 11 4.0400 2.5560 221.1790 1.1070 
0 11 11.3980 3.2690 -11.2230 145.0620 
0 11 10.2630 4.9630 64.2360 18.2480 
0 11 10.8180 4.6280 85.4900 76.2670 
0 11 10.5850 5.6990 60.6880 -76.3290 
0 11 12.5230 4.3450 2.2860 -62.8980 
0 11 12.1470 5.6420 26.1990 -89.1160 
0 11 12.5120 5.1080 17.6690 -74.1220 
0 11 18.1540 6.8960 -53.6580 -89.2970 
0 11 11.7330 4.8210 41.1510 -55.6610 
0 11 13.3220 6.5450 -5.2840 -88.1960 
0 11 15.7720 6.0140 -22.9590 -152.7040 
0 11 8.9520 5.8120 72.1360 -1.9020 
0 11 14.2400 4.9120 -65.0100 28.9680 
0 11 10.0220 5.4430 81.6950 29.4930 
0 11 8.3860 5.5100 50.2200 -35.3900 
0 11 12.2370 3.4610 55.4350 38.7160 
0 11 13.6780 6.5610 -14.3830 -105.5180 
0 11 8.8440 5.2670 64.8630 51.3800 
0 11 10.5890 5.0340 32.4050 -14.8840 
0 11 8.7220 5.2040 69.5410 48.9190 
0 11 16.5370 6.0530 -154.8910 148.9350 
0 11 14.6030 6.4820 31.8930 -125.7750 
0 11 11.0150 4.6790 21.0210 -1.1090 
0 11 9.1890 6.4060 55.0380 -43.4810 
0 11 12.2220 4.3680 37.9260 21.1580 
0 11 12.9870 4.4290 -6.3660 -36.3840 
0 11 11.0020 6.2040 39.6480 -95.1860 
0 11 12.4470 7.7120 55.8660 -110.0620 
0 11 12.9720 7.4670 43.4700 -117.8320 
0 11 13.9680 7.3590 32.8340 -128.3020 
0 11 13.3880 4.1000 -16.5940 -62.3180 
0 11 13.1770 4.1740 -11.7930 -71.8130 
0 11 10.3500 5.2390 82.3950 43.5520 
0 11 11.7330 5.7080 45.0270 -64.8500 
0 11 11.5620 4.6180 -14.4710 -45.7490 
0 11 11.0290 4.5060 53.8480 64.0290 
0 11 14.6490 8.5540 -45.1180 -161.0310 
0 11 11.8230 6.3620 -2.1850 -86.2200 
0 11 12.6590 4.8670 16.6740 -38.6860 
0 11 9.4160 4.2330 56.8240 34.1490 
0 11 12.3370 6.7040 -2.1150 -131.7280 
0 11 9.8500 6.9400 22.7470 -102.7000 
0 11 8.8690 3.9420 -22.6280 50.3580 
0 11 6.2830 3.9520 118.1870 82.8380 
0 11 11.8230 8.0990 39.8910 -115.5260 
0 11 14.7040 5.4540 -1.4040 -122.9810 
0 11 10.8460 5.0120 58.9260 -48.1790 
0 11 11.9160 4.8810 78.7390 93.2380 
0 11 10.9830 4.3950 75.9840 45.1270 
0 11 5.6270 3.4780 47.5220 -45.7730 
0 11 14.0570 4.3480 -45.4040 -18.0070 
0 11 11.4440 5.7220 57.2210 -14.2440 
0 11 11.8750 6.3410 31.7630 -131.1200 
0 11 18.7880 4.2900 -93.0850 -3.6190 
0 11 17.9060 4.2870 -66.2970 -63.3390 
0 11 14.8370 4.0820 -50.3170 -81.1310 
0 11 15.6800 3.4520 -84.4470 40.4320 
0 11 13.1910 8.7790 -19.5810 -174.2060 
0 11 10.3290 6.1810 -772.0000 -107.2670 
0 11 12.5050 5.3520 52.2840 47.9130 
0 11 10.8640 4.8320 109.0910 40.6570 
0 11 15.7040 8.3710 -49.7140 -119.8500 
0 11 19.4630 6.5700 -111.8780 3.6860 
0 11 13.0720 6.6820 -274.0000 -131.5160 
0 11 13.0060 6.6950 774.0000 -131.8780 
0 11 9.7920 4.8000 32.3080 -1.9360 
0 11 7.3340 4.7060 130.6560 69.1910 
0 11 9.4050 5.6790 29.3770 -68.9350 
0 11 12.8130 4.4820 77.7970 32.0050 
0 11 12.0040 3.5150 3.8900 69.0800 
0 11 7.2810 7.4060 65.0820 -93.3510 
0 11 10.9950 3.4800 -27.3070 5.6320 
0 11 6.8890 3.8620 124.0590 198.1250 
0 11 10.2200 9.3260 32.8490 -150.9230 
0 11 11.1620 3.6550 53.9230 -63.1420 
0 11 15.5220 2.9970 -57.9040 65.9590 
0 11 12.4930 6.9450 45.6660 -110.7040 
0 11 11.7070 8.3740 42.4040 -148.4250 
0 11 11.2270 4.1000 7.3420 -79.2300 
0 11 10.8960 4.0560 20.8120 -69.3110 
0 11 10.3420 3.9680 35.0130 -54.6130 
0 11 10.2450 3.8850 56.1900 9.8850 
0 11 10.9770 4.4940 -10.4150 4.7990 
0 11 11.3770 5.3390 24.5740 -80.1510 
0 11 14.0560 5.0240 -69.2910 -65.8800 
0 12 9.8970 5.3860 34.0120 17.8800 
0 12 11.4170 4.6950 -8.1010 40.3320 
0 12 10.2050 4.4830 30.3640 47.5980 
0 12 12.7850 4.8310 -69.2970 -67.3730 
0 12 13.1830 3.9750 -117.7500 76.4780 
0 12 12.5590 4.1610 -83.5610 9.3770 
0 12 13.7840 4.0280 17.0140 34.3120 
0 12 14.4370 3.9790 20.8010 36.9570 
0 12 12.0100 4.2300 54.6630 78.8080 
0 12 11.7830 5.3380 -52.7430 -4.8940 
0 12 12.6200 5.8250 -31.0650 -105.8100 
0 12 12.1180 5.8800 -25.5680 -104.7780 
0 12 12.2820 5.4180 17.8450 20.6490 
0 12 10.3960 5.7930 41.9800 -1.8340 
0 12 12.4600 7.7460 28.4620 -111.0700 
0 12 12.4280 5.3570 -16.9470 -109.0630 
0 12 13.0610 4.7930 -52.4490 -34.3550 
0 12 10.9320 5.1100 -2.3040 -100.7920 
0 12 9.9700 4.9030 464.0000 -97.5460 
0 12 11.1400 7.4320 -1.2510 -130.4360 
0 12 11.0700 7.7620 22.2860 -155.5140 
0 12 10.1810 5.8960 38.8930 -27.8330 
0 12 10.0620 6.1870 27.1700 -34.2900 
0 12 10.6120 6.3770 48.8290 -26.5440 
0 12 13.2140 6.1180 -40.7560 -9.2020 
0 12 12.2260 6.0710 -24.5210 -39.7030 
0 12 14.7560 4.4930 -115.4140 51.8350 
0 12 14.8150 4.5100 -126.7980 83.1880 
0 12 14.8880 4.4750 -132.7810 97.6440 
0 12 14.5470 4.6910 -126.4270 78.1330 
0 12 12.6660 4.8630 8.1080 -79.3070 
0 12 14.1250 5.0910 -24.8300 -90.2440 
0 12 12.9850 4.5760 5.3170 -54.0300 
0 12 13.3670 4.2740 -9.2370 -24.1300 
0 12 12.9480 7.0290 -49.6330 -116.4060 
0 12 11.1010 5.6110 47.2540 -34.9200 
0 12 12.5360 5.6710 -11.3270 -47.8650 
0 12 12.4000 6.0470 -27.8690 -61.5100 
0 12 12.9090 6.1480 -32.2230 -60.0620 
0 12 11.2870 5.5890 45.1800 -35.9080 
0 12 11.1330 6.2560 3.7240 -85.9160 
0 12 13.8670 6.1160 -15.6580 -77.8750 
0 12 13.3520 5.8360 -3.0460 -73.5990 
0 12 13.4640 5.4950 -4.1970 -64.7380 
0 12 13.3730 5.2820 -3.8600 -40.7370 
0 12 8.1310 4.8920 11.9130 -57.9110 
0 12 7.5030 5.1250 48.2140 -40.0920 
0 12 12.5010 4.6720 -19.4610 -6.3540 
0 12 14.0860 6.7420 -34.8790 -111.0230 
0 12 8.8560 6.5610 67.7120 -48.9300 
0 12 12.4760 4.8760 -17.0510 28.2240 
0 12 12.9080 4.6170 -29.1850 75.7670 
0 12 12.3860 4.5570 4.2640 46.9490 
0 12 12.2580 4.5160 -8.7430 49.7110 
0 12 10.4910 5.4870 -7.4160 5.1740 
0 12 10.1220 8.4310 6.1730 -150.3560 
0 12 11.4030 5.6930 17.9300 -91.4380 
0 12 13.5720 6.8110 -26.4070 -110.5870 
0 12 12.2160 3.4560 35.3740 32.9190 
0 12 12.3710 3.2160 72.3800 31.0270 
0 12 10.8120 5.1750 4.5950 -59.1330 
0 12 9.1120 7.8110 55.2170 -120.9710 
0 12 13.8600 6.7900 -42.4030 -76.5710 
0 12 12.4160 6.3620 -43.7630 -71.9100 
0 12 15.8260 7.1250 -91.7080 -41.7380 
0 12 15.5620 7.3760 -90.0110 -52.7560 
0 12 14.8330 6.3450 -69.1350 -44.5810 
0 12 10.0270 4.9530 94.9830 169.5640 
0 12 10.3660 4.3220 25.8710 144.0380 
0 12 10.9430 4.0280 -14.1370 140.3170 
0 12 10.5200 5.3330 67.1390 82.4960 
0 12 11.9580 5.5020 12.6070 31.3790 
0 12 13.2170 5.8390 25.0320 -88.6100 
0 12 18.2010 5.5980 -94.8060 -10.1120 
0 12 14.9060 6.0770 -7.8190 -112.4140 
0 12 9.7340 6.8760 53.3970 -86.3400 
0 12 12.2800 5.2640 19.6170 -8.4910 
0 12 10.3620 6.4960 -5.8390 -80.0480 
0 12 10.4020 5.3260 54.2380 -39.6740 
0 12 9.2460 4.9850 74.7780 4.3210 
0 12 7.1720 5.5400 81.1210 52.1120 
0 12 11.6520 6.7610 -24.9050 -108.3720 
0 12 13.2120 5.7900 -29.6220 -72.2000 
0 12 10.1990 5.6160 64.1610 8.3770 
0 12 9.6290 6.3370 54.8070 -57.1790 
0 12 11.8470 7.0130 28.5930 -91.0100 
0 12 7.7600 4.8260 82.3610 108.2850 
0 12 10.0650 3.9530 56.3890 59.3780 
0 12 14.4420 4.4620 -62.4600 95.5980 
0 12 14.5580 3.9360 26.7450 74.5250 
0 12 9.8920 7.3210 41.3140 -84.3560 
0 12 11.9480 7.1890 4.9900 -124.4000 
0 12 12.8030 5.9760 -22.1020 -5.9680 
0 12 12.4480 5.5550 -32.3780 -111.0920 
0 12 10.2960 6.3090 96.5350 17.9170 
0 12 9.5870 5.7970 117.1050 104.0620 
0 12 10.2580 6.0610 -4.3980 -105.4440 
0 12 10.8860 6.7340 36.6610 -134.5550 
0 12 11.2430 6.9680 16.1430 -152.3890 
0 12 13.4320 6.4160 -61.7770 -43.8730 
0 12 10.2680 6.6710 30.8310 -103.2150 
0 12 12.7450 5.3970 40.3720 -44.1700 
0 12 8.3480 5.4450 78.8770 -44.5510 
0 12 11.0090 7.9180 -201.0000 -125.4670 
0 12 10.2230 6.8740 26.0290 -79.6310 
0 12 8.7830 3.9450 77.1220 202.5540 
0 12 10.7710 5.2440 29.8390 4.9440 
0 12 10.8630 5.3120 32.5920 -2.0880 
0 12 11.1380 5.3480 35.8150 -10.8000 
0 12 13.7310 5.5560 -83.2430 -46.7150 
0 12 11.8180 6.1490 -32.5100 -65.4720 
0 12 12.2810 5.8140 -50.9530 -44.2940 
0 12 10.4660 7.3560 18.6740 -137.2120 
0 12 9.9160 4.9080 46.0200 -14.1640 
0 12 14.6230 6.1890 -6.0490 -99.3660 
0 12 9.6390 5.4120 105.5500 110.2920 
0 12 11.6150 5.5380 25.7630 -53.1040 
0 12 10.0640 3.4800 -26.3640 7.9570 
0 12 9.3920 7.2090 48.8240 -95.8630 
0 12 11.7960 6.0350 -32.7490 -98.2000 
0 12 5.4660 3.6130 91.1400 136.2540 
0 12 14.7310 5.6520 -34.6300 -64.5630 
0 12 10.6180 5.5080 42.6620 4.1340 
0 12 9.8550 7.5050 78.4480 -66.9660 
0 12 14.0170 4.9600 10.1420 -60.0600 
0 12 15.3460 6.4170 -63.2800 -25.0200 
0 12 12.7730 5.8300 38.7030 -77.8010 
0 12 13.7000 6.3560 22.2550 -106.0240 
0 12 9.7800 4.3130 -9.0030 -62.2370 
0 12 12.5890 5.7300 -6.6930 -96.5160 
0 12 12.2120 4.5450 18.3830 38.2140 
0 12 10.9620 8.1190 22.9520 -127.6440 
0 12 11.2150 6.7210 10.1930 -104.6320 
0 12 10.3600 5.4190 2.8270 -95.3760 
0 12 10.5150 5.5640 -1.2130 -102.8350 
0 12 10.5300 5.8190 3.6840 -107.0680 
0 12 9.5920 4.6940 106.6500 123.5220 
0 12 11.4510 7.9780 27.8520 -111.9910 
0 12 10.4300 4.5030 -42.8510 -87.8740 
0 12 9.7630 4.2520 -8.1790 -50.0310 
0 12 7.6050 7.4760 108.5780 -19.5650 
0 12 8.1170 7.2200 109.2170 -7.8940 
0 12 8.0730 7.0520 110.1200 5.4160 
0 12 12.4550 5.9450 7.8270 -44.2430 
0 12 11.3770 5.8620 18.6030 -22.4560 
0 12 11.7130 7.1530 19.7250 -114.0520 
0 12 7.7130 6.8060 128.4370 62.6750 
0 12 6.9520 5.5050 147.6820 220.6340 
0 12 12.5210 5.1610 20.6430 10.8770 
0 12 13.1750 5.3830 -34.1320 -50.7910 
0 12 13.5550 5.0850 -41.9100 -19.5630 
0 12 11.7970 6.5960 -24.5600 -107.8800 
0 12 12.7840 4.2280 -28.3140 52.4700 
0 12 11.5940 7.8120 52.3670 -124.1030 
0 12 10.6800 6.5330 15.3320 -76.2710 
0 12 16.0440 6.8180 -24.8140 -111.4910 
0 12 10.6790 5.8490 23.9270 -110.1420 
0 12 12.0440 5.6280 24.1130 -89.2380 
0 12 13.9010 5.0310 -22.7190 -57.0580 
0 12 13.2580 4.4660 -24.5140 -48.8790 
0 12 8.3500 3.1940 105.9630 224.8250 
0 12 9.9650 4.1540 71.6600 123.3960 
0 12 11.7130 4.4630 -58.1980 -24.5800 
0 12 7.2280 7.5420 85.5340 -83.9920 
0 12 10.9130 6.5190 -13.0490 -90.5300 
0 12 14.4050 3.3260 -21.9760 232.0190 
0 12 13.5200 3.7620 -108.8040 67.5520 
0 12 13.4090 3.9370 -104.7400 38.4850 
0 12 12.7130 4.0500 -59.7000 -43.0780 
0 12 15.3180 7.1590 -66.4670 -105.2480 
0 12 11.8240 4.9190 -14.5800 11.3720 
0 12 10.5340 5.1290 -12.6000 -92.5890 
0 12 8.4730 5.5710 39.0640 -121.4320 
0 12 11.9070 5.2800 -57.0030 -60.6050 
0 12 9.2540 4.0760 117.2560 96.9250 
0 12 11.6490 6.4180 -17.2770 -94.6140 
0 12 12.2110 5.5740 28.3030 -95.9230 
0 12 11.3380 5.0630 34.4920 -84.1550 
0 12 12.1120 5.5360 11.2780 -104.5120 
0 12 13.2690 4.2270 -8.0010 103.9430 
0 12 13.2420 4.1800 -8.0930 112.5210 
0 12 13.1160 5.6830 -29.8650 -100.6940 
0 12 11.6780 3.9960 -23.6540 31.1500 
0 12 12.3760 5.4900 5.4040 -103.0350 
0 12 15.0090 5.8410 -23.4360 -71.9390 
0 12 13.1300 5.9500 -2.6880 -66.5840 
0 12 14.2960 5.0780 -71.9020 21.0160 
0 12 13.6510 5.1140 -31.1060 -13.9290 
0 12 12.9710 7.8130 -34.4990 -145.5320 
0 12 12.7580 3.4800 144.2460 333.4400 
0 12 12.4690 2.7910 146.8380 467.6230 
0 12 11.4380 8.9240 21.2630 -153.8830 
0 12 11.6530 7.2980 5.2210 -99.4520 
0 12 11.0640 4.1140 -4.2070 6.9670 
0 12 13.9450 4.9110 -119.9490 143.4220 
0 12 13.2170 5.7860 -33.8470 -62.4410 
0 12 11.3470 6.7610 14.6230 -87.4400 
0 12 8.1570 5.6630 107.8030 5.3010 
0 12 11.8030 6.0010 -3.9300 -113.2170 
0 12 10.6120 4.2650 96.0790 -9.8510 
0 12 13.1890 7.1980 2.7400 -98.8180 
0 12 17.0350 4.8090 -46.3210 -90.8760 
0 12 12.4640 7.4160 -18.6930 -130.8730 
0 12 10.4320 6.1190 88.4600 9.5510 
0 12 12.8620 7.7690 1.6710 -140.0640 
0 12 8.7790 5.7540 68.0010 67.0490 
0 12 12.9060 5.0370 16.9170 -77.4750 
0 12 9.4920 5.1070 92.7860 14.3880 
0 12 10.4620 4.7130 26.9240 20.2040 
0 12 14.6920 2.6880 -84.5030 464.8970 
0 12 15.0100 5.8560 -60.9530 -20.6980 
0 12 13.1510 6.3060 -22.5430 -74.6570 
0 12 9.8440 6.2130 42.4140 -56.5920 
0 12 8.7240 5.5790 56.4940 -23.6490 
0 12 12.2230 4.2060 29.6110 100.0640 
0 12 11.7950 6.1490 38.8660 -100.4510 
0 12 11.4690 5.2180 11.8680 18.4780 
0 12 12.5140 5.2270 11.6610 -11.0040 
0 12 11.6910 7.0490 13.2070 -139.7220 
0 12 15.1240 4.6690 -7.8720 -83.6280 
0 12 15.0620 4.7960 -8.6080 -88.7910 
0 12 10.2490 5.8910 40.8880 -34.7480 
0 12 12.9190 3.8590 8.8520 5.4400 
0 12 13.3560 4.2930 31.9780 2.8330 
0 12 8.0820 5.6940 70.5360 13.2620 
0 12 14.1630 5.3500 -21.8350 -51.5380 
0 12 13.3120 4.4520 -81.1860 -12.3750 
0 12 12.4950 4.0620 -72.4690 5.6380 
0 12 10.4670 5.1260 7.0960 -35.7210 
0 12 9.8860 4.5620 -5.5910 -77.3830 
0 12 11.6020 7.5780 24.6860 -120.7870 
0 12 9.2750 6.2640 75.8530 -43.0320 
0 12 14.8630 6.0510 -44.0520 -108.9210 
0 12 9.7030 6.6360 44.0700 -121.8490 
0 12 15.0560 5.7620 -49.0120 -81.0240 
0 12 16.6180 5.3630 -26.5120 -80.6240 
0 12 9.6590 6.3230 65.3520 -107.8370 
0 12 14.8990 6.1100 22.3470 -116.9670 
0 12 9.9530 4.8720 36.7930 -25.7250 
0 12 11.4660 6.1150 64.8830 1.2410 
0 12 14.4220 5.3740 -102.6630 59.2120 
0 12 11.1130 6.7930 48.8240 -34.8740 
0 12 11.3640 5.4310 93.7810 -589.0000 
0 12 11.2800 7.2650 4.1950 -95.6510 
