
0.134
0.110
0.126
0.174
0.159
0.154
0.157
0.150
0.151
0.159
0.161
0.158
0.159
0.163
0.160
0.160
0.158
0.182
0.179
0.173
0.168
0.190
0.195
0.197
0.204
0.211
0.219
0.232
0.231
0.233
0.234
0.240
0.238
0.237
0.236
0.235
0.234
0.233
0.229
0.227
0.240
0.237
0.234
0.243
0.246
0.248
0.250
0.248
0.247
0.243
0.248
0.250
0.249
0.247
0.255
0.254
0.252
0.260
0.262
0.262
0.263
0.266
0.264
0.262
0.265
0.264
0.263
0.262
0.260
0.259
0.257
0.256
0.255
0.254
0.253
0.256
0.254
0.252
0.251
0.252
0.252
0.251
0.249
0.247
0.245
0.244
0.243
0.243
0.243
0.242
0.241
0.245
0.248
0.253
0.258
0.257
0.256
0.255
0.256
0.262
0.261
0.261
0.262
0.260
0.260
0.262
0.261
0.261
0.262
0.260
0.260
0.259
0.258
0.256
0.257
0.258
0.257
0.256
0.259
0.259
0.259
0.258
0.258
0.259
0.263
0.263
0.263
0.262
0.261
0.262
0.261
0.262
0.263
0.262
0.261
0.260
0.261
0.261
0.261
0.260
0.259
0.258
0.259
0.258
0.257
0.256
0.257
0.256
0.255
0.255
0.254
0.254
0.253
0.252
0.252
0.252
0.251
0.254
0.254
0.255
0.256
0.256
0.258
0.258
0.259
0.258
0.257
0.257
0.257
0.256
0.256
0.255
0.258
0.258
0.258
0.258
0.258
0.257
0.257
0.256
0.257
0.257
0.257
0.258
0.259
0.258
0.259
0.258
0.257
0.256
0.255
0.255
0.254
0.254
0.253
0.252
0.252
0.254
0.255
0.256
0.256
0.256
0.256
0.257
0.256
0.256
0.255
0.255
0.254
0.253
0.253
0.252
0.252
0.252
0.252
0.251
0.251
0.250
0.249
0.249
0.248
0.248
0.247
0.247
0.247
0.249
0.250
0.252
0.253
0.253
0.252
0.252
0.251
0.250
0.250
0.251
0.251
0.251
0.250
0.250
0.249
0.250
0.250
0.249
0.249
0.248
0.248
0.249
0.249
0.250
0.249
0.249
0.251
0.251
0.250
0.251
0.250
0.250
0.250
0.251
0.252
0.252
0.252
0.252
0.251
0.251
0.251
0.251
0.252
0.252
0.252
0.252
0.252
0.252
0.254
0.253
0.253
0.253
0.252
0.252
0.252
0.252
0.253
0.254
0.255
0.254
0.254
0.253
0.253
0.253
0.253
0.253
0.253
0.252
0.253
0.255
0.254
0.254
0.254
0.256
0.255
0.255
0.254
0.253
0.254
0.255
0.255
0.254
0.254
0.253
0.253
0.252
0.252
0.252
0.252
0.252
0.252
0.253
0.252
0.254
0.253
0.253
0.253
0.254
0.254
0.254
0.254
0.253
0.253
0.253
0.254
0.253
0.253
0.252
0.252
0.251
0.251
0.251
0.250
0.250
0.250
0.250
0.250
0.250
0.250
0.249
0.249
0.249
0.248
0.248
0.248
0.248
0.248
0.247
0.248
0.247
0.248
0.247
0.247
0.247
0.247
0.247
0.246
0.247
0.247
0.247
0.247
0.247
0.246
0.246
0.246
0.246
0.246
0.246
0.245
0.245
0.245
0.245
0.244
0.244
0.245
0.245
0.245
0.244
0.244
0.244
0.244
0.244
0.244
0.244
0.244
0.244
0.243
0.243
0.244
0.243
0.244
0.243
0.243
0.243
0.243
0.243
0.243
0.243
0.242
0.242
0.242
0.243
0.242
0.242
0.242
0.243
0.242
0.242
0.242
0.242
0.242
0.242
0.242
0.241
0.242
0.241
0.241
0.241
0.241
0.241
0.241
0.242
0.242
0.241
0.242
0.242
0.242
0.242
0.241
0.241
0.241
0.241
0.241
0.241
0.242
0.241
0.241
0.241
0.241
0.241
0.241
0.241
0.241
0.240
0.240
0.240
0.240
0.240
0.240
0.239
0.239
0.239
0.239
0.239
0.240
0.239
0.239
0.239
0.239
0.239
0.240
0.240
0.239
0.240
0.240
0.239
0.239
0.239
0.239
0.240
0.239
0.239
0.239
0.239
0.239
0.239
0.239
0.239
0.239
0.239
0.239
0.239
0.239
0.240
0.240
0.240
0.240
0.240
0.240
0.239
0.239
0.239
0.239
0.239
0.239
0.238
0.238
0.238
0.238
0.238
0.238
0.238
0.238
0.238
0.238
0.238
0.238
0.238
0.238
0.238
0.238
0.238
0.238
0.237
0.238
0.238
0.238
0.237
0.237
0.237
0.237
0.237
0.237
0.237
0.237
0.237
0.237
0.237
0.237
0.236
0.236
0.236
0.237
0.237
0.237
0.237
0.236
0.236
0.236
0.236
0.236
0.236
0.236
0.236
0.236
0.236
0.236
0.236
0.236
0.236
0.236
0.236
0.236
0.236
0.236
0.236
0.236
0.236
0.236
0.236
0.236
0.236
0.236
0.236
0.236
0.236
0.236
0.236
0.235
0.236
0.235
0.235
0.235
0.235
0.235
0.235
0.235
0.235
0.235
0.234
0.234
0.234
0.234
0.234
0.234
0.234
0.234
0.234
0.234
0.234
0.234
0.234
0.234
0.233
0.233
0.234
0.233
0.233
0.233
0.233
0.233
0.233
0.233
0.233
0.233
0.233
0.233
0.233
0.233
0.233
0.233
0.233
0.233
0.233
0.233
0.233
0.233
0.233
0.233
0.233
0.233
0.233
0.233
0.233
0.233
0.233
0.233
0.233
0.233
0.233
0.233
0.233
0.233
0.233
0.233
0.233
0.232
0.232
0.232
0.232
0.232
0.232
0.232
0.232
0.232
0.232
0.232
0.232
0.232
0.232
0.232
0.232
0.232
0.232
0.232
0.232
0.232
0.232
0.232
0.232
0.232
0.232
0.232
0.232
0.231
0.231
0.231
0.231
0.231
0.231
0.231
0.231
0.231
0.231
0.231
0.231
0.231
0.231
0.231
0.231
0.231
0.231
0.231
0.231
0.231
0.231
0.231
0.231
0.231
0.231
0.231
0.231
0.231
0.231
0.231
0.231
0.231
0.231
0.231
0.231
0.231
0.231
0.231
0.231
0.231
0.231
0.231
0.231
0.231
0.231
0.231
0.231
0.231
0.231
0.231
0.231
0.231
0.231
0.231
0.231
0.231
0.231
0.231
0.231
0.231
0.231
0.231
0.231
0.231
0.231
0.231
0.231
0.231
0.231
0.231
0.231
0.231
0.231
0.231
0.231
0.231
0.231
0.231
0.231
0.231
0.231
0.231
0.231
0.231
0.231
0.231
0.231
0.231
0.231
0.231
0.231
0.231
0.231
0.231
0.231
0.231
0.231
0.231
0.231
0.231
0.231
0.231
0.231
0.231
0.231
0.231
0.231
0.231
0.231
0.231
0.231
0.231
0.231
0.231
0.231
0.231
0.231
0.231
0.231
0.231
0.231
0.231
0.231
0.231
0.231
0.231
0.231
0.231
0.231
0.231
0.231
0.231
0.231
0.231
0.231
0.231
0.231
0.231
0.231
0.231
0.231
0.231
0.231
0.231
0.231
0.231
0.231
0.231
0.231
0.231
0.231
0.231
0.231
0.231
0.231
0.232
0.232
0.232
0.232
0.232
0.232
0.232
0.232
0.232
0.232
0.232
0.232
0.232
0.232
0.232
0.232
0.233
0.233
0.233
0.233
0.233
0.233
0.233
0.233
0.233
0.233
0.233
0.233
0.233
0.233
0.233
0.233
0.234
0.234
0.234
0.234
0.234
0.234
0.234
0.234
0.234
0.234
0.234
0.234
0.234
0.234
0.234
0.234
0.234
0.234
0.234
0.234
0.234
0.234
0.234
0.234
0.234
0.234
0.234
0.234
0.235
0.235
0.235
0.235
0.235
0.235
0.235
0.235
0.235
0.235
0.235
0.235
0.235
0.235
0.235
0.235
0.235
0.235
0.235
0.235
0.235
0.235
0.235
0.235
0.235
0.235
0.235
0.235
0.235
0.235
0.235
0.235
0.235
0.235
0.235
0.235
0.235
0.235
0.235
0.235
0.235
0.235
0.235
0.235
0.235
0.235
0.235
0.235
0.235
0.235
0.235
0.235
0.235
0.235
0.235
0.235
0.235
0.235
0.234
0.234
0.234
0.234
0.234
0.234
0.234
0.234
0.234
0.234
0.234
0.234
0.234
0.234
0.234
0.234
0.234
0.234
0.234
0.234
0.234
0.234
0.235
0.234
0.234
0.234
0.234
0.234
0.234
0.234
0.234
0.234
0.234
0.234
0.234
0.234
0.234
0.234
0.234
0.235
0.234
0.234
0.235
0.235
0.235
0.234
0.234
0.235
0.235
0.235
0.235
0.235
0.235
0.235
0.235
0.235
0.235
0.235
0.235
0.234
0.234
0.234
0.234
0.234
0.234
0.234
0.234
0.234
0.234
0.234
0.234
0.234
0.235
0.235
0.235
0.234
0.235
0.235
0.235
0.235
0.235
0.235
0.235
0.235
0.235
0.235
0.235
0.235
0.235
0.235
0.235
0.235
0.235
0.235
0.235
0.235
0.235
0.235
0.235
0.235
0.235
0.235
0.235
0.235
0.235
0.235
0.235
0.235
0.235
0.235
0.235
0.235
0.234
0.234
0.234
0.235
0.235
0.235
0.235
0.235
0.235
0.235
0.235
0.235
0.235
0.235
0.235
0.235
0.235
0.234
0.234
0.234
0.234
0.234
0.234
0.234
0.234
0.234
0.234
0.234
0.234
0.234
0.234
0.234
0.234
0.234
0.234
0.234
0.234
0.234
0.234
0.234
0.234
0.234
0.234
0.234
0.234
0.234
0.234
0.234
0.234
0.234
0.234
0.234
0.234
0.234
0.234
0.234
0.234
0.234
0.234
0.234
0.234
0.234
0.234
0.234
0.234
0.234
0.234
0.234
0.234
0.234
0.234
0.234
0.234
0.234
0.234
0.234
0.234
0.234
0.234
0.234
0.234
0.234
0.234
0.234
0.234
0.234
0.234
0.234
0.234
0.234
0.234
0.234
0.234
0.234
0.234
0.234
0.234
0.234
0.234
0.234
0.234
0.234
0.234
0.234
0.234
0.234
0.234
0.234
0.234
0.234
0.234
0.234
0.234
0.234
0.234
0.234
0.234
0.234
0.234
0.234
0.234
0.234
0.233
0.233
0.233
0.233
0.233
0.233
0.233
0.233
0.233
0.233
0.233
0.233
0.233
0.233
0.233
0.233
0.233
0.233
0.233
0.233
0.233
0.233
0.233
0.233
0.233
0.233
0.233
0.233
0.233
0.233
0.233
0.233
0.233
0.233
0.233
0.233
0.233
0.233
0.233
0.233
0.233
0.233
0.233
0.233
0.232
0.232
0.232
0.232
0.232
0.232
0.232
0.232
0.233
0.232
0.233
0.233
0.232
0.232
0.232
0.232
0.232
0.232
0.232
0.232
0.232
0.232
0.232
0.232
0.232
0.232
0.232
0.232
0.232
0.232
0.232
0.232
0.232
0.232
0.232
0.232
0.232
0.232
0.232
0.232
0.232
0.232
0.232
0.231
0.232
0.232
0.232
0.232
0.232
0.232
0.232
0.232
0.231
0.232
0.232
0.232
0.231
0.232
0.232
0.232
0.232
0.232
0.231
0.231
0.231
0.231
0.231
0.231
0.231
0.231
0.231
0.231
0.231
0.231
0.231
0.232
0.232
0.232
0.232
0.231
0.231
0.231
0.231
0.232
0.232
0.231
0.231
0.231
0.231
0.231
0.232
0.232
0.232
0.232
0.232
0.232
0.232
0.232
0.232
0.232
0.232
0.232
0.232
0.232
0.232
0.232
0.232
0.232
0.232
0.232
0.232
0.232
0.232
0.232
0.232
0.232
0.232
0.232
0.232
0.232
0.232
0.232
0.232
0.232
0.232
0.232
0.232
0.232
0.232
0.232
0.232
0.232
0.232
0.232
0.232
0.232
0.232
0.232
0.232
0.232
0.232
0.232
0.232
0.232
0.232
0.232
0.232
0.232
0.232
0.232
0.232
0.232
0.232
0.232
0.232
0.232
0.232
0.232
0.232
0.231
0.231
0.231
0.231
0.231
0.231
0.231
0.231
0.231
0.231
0.231
0.231
0.231
0.231
0.231
0.231
0.231
0.231
0.231
0.231
0.231
0.231
0.231
0.231
0.231
0.231
0.231
0.231
0.231
0.231
0.230
0.230
0.231
0.230
0.230
0.230
0.230
0.230
0.230
0.231
0.231
0.230
0.231
0.230
0.231
0.231
0.231
0.231
0.231
0.231
0.231
0.231
0.231
0.231
0.231
0.231
0.231
0.231
0.231
0.230
0.230
0.230
0.230
0.230
0.231
0.231
0.231
0.231
0.230
0.230
0.231
0.230
0.230
0.230
0.230
0.230
0.230
0.230
0.230
0.230
0.230
0.230
0.230
0.230
0.230
0.230
0.230
0.230
0.230
0.230
0.230
0.230
0.230
0.230
0.230
0.230
0.230
0.230
0.230
0.230
0.230
0.230
0.230
0.230
0.230
0.230
0.230
0.230
0.230
0.230
0.230
0.230
0.230
0.230
0.230
0.230
0.230
0.230
0.230
0.230
0.230
0.230
0.230
0.230
0.230
0.230
0.230
0.230
0.230
0.230
0.230
0.230
0.230
0.230
0.230
0.230
0.230
0.230
0.230
0.229
0.229
0.230
0.230
0.230
0.230
0.230
0.230
0.230
0.230
0.230
0.230
0.230
0.230
0.230
0.230
0.230
0.230
0.230
0.230
0.230
0.230
0.230
0.230
0.230
0.230
0.230
0.230
0.230
0.230
0.230
0.230
0.230
0.230
0.230
0.230
0.230
0.230
0.230
0.230
0.230
0.230
0.230
0.230
0.230
0.230
0.230
0.230
0.230
0.230
0.230
0.230
0.230
0.230
0.230
0.229
0.230
0.230
0.230
0.230
0.229
0.230
0.230
0.230
0.230
0.230
0.230
0.230
0.230
0.230
0.230
0.230
0.230
0.230
0.230
0.230
0.230
0.230
0.230
0.230
0.230
0.230
0.230
0.230
0.230
0.230
0.230
0.230
0.230
0.230
0.230
0.230
0.230
0.230
0.230
0.230
0.230
0.230
0.230
0.230
0.230
0.230
0.230
0.230
0.230
0.230
0.230
0.230
0.230
0.230
0.230
0.230
0.230
0.230
0.230
0.230
0.230
0.230
0.230
0.230
0.230
0.230
0.230
0.230
0.230
0.230
0.230
0.230
0.230
0.230
0.230
0.230
0.230
0.230
0.230
0.230
0.230
0.230
0.230
0.230
0.230
0.230
0.230
0.230
0.230
0.230
0.230
0.230
0.230
0.230
0.230
0.230
0.230
0.230
0.230
0.230
0.230
0.230
0.230
0.230
0.230
0.230
0.230
0.230
0.230
0.230
0.230
0.230
0.230
0.230
0.230
0.230
0.230
0.230
0.230
0.230
0.230
0.230
0.230
0.230
0.230
0.230
0.230
0.230
0.230
0.230
0.230
0.230
0.230
0.230
0.230
0.230
0.230
0.230
0.230
0.230
0.230
0.230
0.230
0.230
0.230
0.230
0.230
0.230
0.230
0.230
0.230
0.230
0.230
0.230
0.230
0.230
0.230
0.230
0.230
0.230
0.230
0.230
0.230
0.230
0.230
0.230
0.230
0.230
0.230
0.230
0.230
0.230
0.230
0.230
0.230
0.230
0.230
0.230
0.230
0.230
0.230
0.230
0.230
0.230
0.230
0.230
0.230
0.230
0.230
0.230
0.231
0.231
0.231
0.231
0.231
0.231
0.231
0.231
0.231
0.232
0.232
0.232
0.232
0.232
0.232
0.232
0.232
0.232
0.232
0.232
0.233
0.233
0.233
0.233
0.233
0.233
0.233
0.233
0.233
0.233
0.233
0.233
0.234
0.234
0.234
0.234
0.234
0.234
0.234
0.234
0.234
0.234
0.234
0.234
0.234
0.234
0.234
0.234
0.234
0.234
0.234
0.234
0.234
0.234
0.234
0.234
0.234
0.234
0.234
0.234
0.234
0.235
0.235
0.235
0.235
0.235
0.235
0.236
0.236
0.236
0.236
0.236
0.236
0.236
0.236
0.236
0.236
0.236
0.236
0.236
0.236
0.236
0.236
0.236
0.236
0.236
0.236
0.236
0.236
0.236
0.236
0.236
0.236
0.236
0.236
0.236
0.236
0.236
0.236
0.236
0.236
0.236
0.236
0.236
0.237
0.236
0.236
0.237
0.237
0.237
0.237
0.237
0.237
0.237
0.237
0.237
0.237
0.237
0.237
0.237
0.237
0.237
0.237
0.237
0.237
0.237
0.237
0.237
0.237
0.237
0.237
0.237
0.237
0.237
0.237
0.237
0.237
0.237
0.237
0.237
0.237
0.237
0.237
0.237
0.237
0.237
0.237
0.237
0.237
0.237
0.237
0.237
0.237
0.237
0.237
0.237
0.237
0.237
0.237
0.237
0.237
0.237
0.237
0.237
0.237
0.237
0.237
0.237
0.236
0.236
0.236
0.236
0.237
0.236
0.236
0.236
0.236
0.236
0.236
0.236
0.236
0.236
0.236
0.236
0.236
0.236
0.236
0.236
0.236
0.236
0.236
0.236
0.236
0.236
0.236
0.235
0.235
0.236
0.235
0.235
0.235
0.235
0.235
0.235
0.235
0.235
0.235
0.235
0.235
0.235
0.235
0.235
0.235
0.235
0.235
0.235
0.235
0.235
0.235
0.235
0.234
0.234
0.234
0.234
0.234
0.234
0.234
0.234
0.234
0.234
0.234
0.234
0.234
0.234
0.234
0.234
0.234
0.234
0.234
0.234
0.234
0.234
0.234
0.234
0.234
0.234
0.234
0.234
0.233
0.233
0.233
0.233
0.233
0.233
0.233
0.233
0.233
0.233
0.233
0.233
0.233
0.233
0.233
0.233
0.233
0.233
0.233
0.233
0.233
0.233
0.233
0.233
0.233
0.233
0.233
0.233
0.233
0.233
0.233
0.233
0.233
0.233
0.233
0.232
0.232
0.232
0.232
0.232
0.232
0.232
0.232
0.232
0.232
0.232
0.232
0.232
0.232
0.232
0.232
0.232
0.232
0.232
0.232
0.232
0.232
0.232
0.232
0.232
0.232
0.232
0.232
0.232
0.232
0.232
0.232
0.232
0.232
0.231
0.231
0.231
0.231
0.231
0.231
0.231
0.231
0.231
0.231
0.231
0.231
0.231
0.231
0.231
0.231
0.231
0.231
0.231
0.231
0.231
0.231
0.231
0.231
0.231
0.231
0.231
0.231
0.231
0.231
0.231
0.231
0.231
0.231
0.231
0.231
0.231
0.231
0.230
0.230
0.231
0.230
0.230
0.230
0.230
0.230
0.230
0.230
0.230
0.230
0.230
0.230
0.230
0.230
0.230
0.230
0.230
0.230
0.230
0.230
0.230
0.230
0.230
0.230
0.230
0.230
0.230
0.230
0.230
0.230
0.230
0.230
0.230
0.230
0.230
0.230
0.230
0.230
0.229
0.229
0.229
0.229
0.229
0.229
0.229
0.229
0.229
0.229
0.229
0.229
0.229
0.229
0.229
0.229
0.229
0.229
0.229
0.229
0.229
0.229
0.229
0.229
0.229
0.229
0.229
0.229
0.229
0.229
0.229
0.229
0.229
0.229
0.229
0.229
0.229
0.228
0.228
0.228
0.228
0.228
0.228
0.228
0.228
0.228
0.228
0.228
0.228
0.228
0.228
0.228
0.228
0.228
0.228
0.228
0.228
0.228
0.228
0.228
0.228
0.228
0.228
0.228
0.228
0.228
0.228
0.228
0.228
0.228
0.228
0.228
0.228
0.228
0.228
0.228
0.228
0.228
0.228
0.228
0.228
0.228
0.228
0.228
0.227
0.227
0.227
0.227
0.227
0.227
0.227
0.227
0.227
0.227
0.227
0.227
0.227
0.227
0.227
0.227
0.227
0.227
0.227
0.227
0.227
0.227
0.227
0.227
0.227
0.227
0.227
0.227
0.227
0.227
0.227
0.227
0.227
0.227
0.227
0.227
0.227
0.227
0.227
0.227
0.227
0.227
0.227
0.227
0.227
0.227
0.227
0.227
0.227
0.227
0.227
0.227
0.227
0.227
0.227
0.227
0.227
0.227
0.227
0.227
0.227
0.227
0.226
0.227
0.227
0.226
0.226
0.226
0.226
0.226
0.226
0.226
0.226
0.226
0.226
0.226
0.226
0.226
0.226
0.226
0.226
0.226
0.226
0.226
0.226
0.226
0.226
0.226
0.226
0.226
0.226
0.226
0.226
0.226
0.226
0.226
0.226
0.226
0.226
0.226
0.226
0.226
0.226
0.226
0.226
0.226
0.226
0.226
0.226
0.226
0.226
0.226
0.226
0.226
0.226
0.226
0.225
0.225
0.226
0.226
0.226
0.225
0.225
0.225
0.225
0.225
0.225
0.225
0.225
0.225
0.225
0.225
0.225
0.225
0.225
0.225
0.225
0.225
0.225
0.225
0.225
0.225
0.225
0.225
0.225
0.225
0.225
0.225
0.225
0.225
0.225
0.225
0.225
0.225
0.225
0.225
0.225
0.225
0.225
0.225
0.225
0.225
0.225
0.225
0.225
0.225
0.225
0.225
0.225
0.225
0.225
0.225
0.225
0.225
0.225
0.225
0.225
0.225
0.225
0.225
0.225
0.225
0.225
0.225
0.225
0.225
0.225
0.225
0.225
0.225
0.225
0.225
0.225
0.225
0.225
0.225
0.225
0.225
0.225
0.225
0.225
0.225
0.225
0.225
0.225
0.225
0.225
0.225
0.225
0.225
0.225
0.225
0.225
0.225
0.225
0.225
0.225
0.225
0.225
0.225
0.225
0.225
0.225
0.225
0.225
0.225
0.225
0.225
0.225
0.225
0.225
0.225
0.225
0.224
0.224
0.224
0.224
0.224
0.224
0.224
0.224
0.224
0.224
0.224
0.224
0.224
0.224
0.224
0.224
0.224
0.224
0.224
0.224
0.224
0.224
0.224
0.224
0.224
0.224
0.224
0.224
0.224
0.224
0.224
0.224
0.224
0.224
0.224
0.224
0.224
0.224
0.224
0.224
0.224
0.224
0.224
0.224
0.224
0.224
0.224
0.224
0.224
0.224
0.224
0.224
0.224
0.224
0.224
0.224
0.224
0.224
0.224
0.224
0.224
0.224
0.224
0.224
0.224
0.224
0.224
0.224
0.224
0.224
0.224
0.224
0.224
0.224
0.224
0.224
0.224
0.224
0.224
0.224
0.224
0.224
0.223
0.223
0.224
0.223
0.223
0.223
0.223
0.223
0.223
0.223
0.223
0.223
0.223
0.223
0.223
0.223
0.223
0.223
0.223
0.223
0.223
0.223
0.223
0.223
0.223
0.223
0.223
0.223
0.223
0.223
0.223
0.223
0.223
0.223
0.223
0.223
0.223
0.223
0.223
0.223
0.223
0.223
0.223
0.223
0.223
0.223
0.223
0.223
0.223
0.223
0.223
0.223
0.223
0.223
0.223
0.223
0.223
0.223
0.223
0.223
0.223
0.223
0.223
0.223
0.223
0.223
0.223
0.223
0.223
0.223
0.223
0.223
0.223
0.223
0.223
0.223
0.223
0.223
0.223
0.223
0.223
0.223
0.223
0.223