Precisão média por imagem
0.625
0.573
0.524
0.516
0.515
0.524
0.536
0.539
0.547
0.543
0.543
0.544
0.539
0.537
0.536
0.533
0.529
0.533
0.528
0.526
0.529
0.532
0.535
0.534
0.534
0.532
0.533
0.532
0.527
0.529
0.526
0.527
0.527
0.528
0.532
0.532
0.532
0.531
0.531
0.530
0.527
0.527
0.527
0.526
0.524
0.523
0.524
0.522
0.522
0.521
0.521
0.519
0.518
0.517
0.518
0.517
0.516
0.515
0.516
0.516
0.515
0.515
0.515
0.516
0.517
0.517
0.517
0.517
0.517
0.519
0.519
0.520
0.519
0.519
0.520
0.520
0.520
0.521
0.520
0.520
0.519
0.518
0.517
0.517
0.517
0.516
0.516
0.516
0.515
0.515
0.516
0.516
0.516
0.516
0.516
0.515
0.515
0.515
0.515
0.515
0.515
0.515
0.514
0.514
0.514
0.514
0.515
0.516
0.516
0.515
0.515
0.514
0.515
0.515
0.516
0.516
0.516
0.516
0.516
0.516
0.516
0.516
0.516
0.515
0.515
0.515
0.515
0.516
0.516
0.516
0.516
0.517
0.517
0.516
0.517
0.516
0.516
0.517
0.516
0.517
0.516
0.517
0.517
0.517
0.517
0.517
0.517
0.517
0.516
0.516
0.516
0.516
0.516
0.516
0.517
0.517
0.517
0.517
0.517
0.517
0.517
0.516
0.516
0.516
0.515
0.515
0.515
0.516
0.516
0.515
0.515
0.515
0.514
0.514
0.514
0.513
0.513
0.512
0.512
0.512
0.512
0.512
0.512
0.512
0.513
0.513
0.513
0.513
0.514
0.514
0.515
0.515
0.514
0.514
0.514
0.514
0.514
0.514
0.513
0.514
0.514
0.514
0.514
0.513
0.513
0.513
0.512
0.512
0.512
0.512
0.512
0.512
0.512
0.512
0.512
0.512
0.512
0.512
0.512
0.512
0.511
0.512
0.512
0.512
0.512
0.511
0.511
0.511
0.511
0.510
0.510
0.510
0.510
0.510
0.510
0.511
0.511
0.511
0.511
0.511
0.511
0.511
0.511
0.511
0.511
0.511
0.511
0.511
0.511
0.511
0.511
0.511
0.511
0.511
0.511
0.511
0.511
0.511
0.511
0.512
0.512
0.512
0.512
0.512
0.512
0.512
0.512
0.512
0.512
0.512
0.512
0.512
0.512
0.512
0.512
0.513
0.513
0.513
0.513
0.513
0.514
0.514
0.513
0.513
0.513
0.513
0.513
0.514
0.514
0.514
0.514
0.514
0.514
0.514
0.514
0.514
0.514
0.514
0.514
0.514
0.514
0.514
0.514
0.513
0.513
0.513
0.514
0.514
0.514
0.514
0.514
0.514
0.514
0.514
0.514
0.514
0.514
0.514
0.515
0.515
0.515
0.515
0.515
0.515
0.515
0.515
0.515
0.515
0.515
0.515
0.515
0.515
0.515
0.515
0.515
0.515
0.515
0.515
0.515
0.515
0.515
0.515
0.515
0.515
0.516
0.515
0.516
0.515
0.515
0.515
0.515
0.515
0.515
0.515
0.515
0.515
0.515
0.515
0.514
0.514
0.514
0.514
0.514
0.514
0.514
0.514
0.514
0.514
0.514
0.514
0.514
0.514
0.514
0.514
0.514
0.514
0.514
0.514
0.514
0.514
0.514
0.514
0.514
0.514
0.514
0.514
0.514
0.514
0.514
0.514
0.514
0.514
0.514
0.514
0.514
0.514
0.514
0.514
0.514
0.514
0.514
0.514
0.514
0.515
0.515
0.515
0.515
0.515
0.515
0.515
0.515
0.515
0.516
0.516
0.516
0.516
0.516
0.516
0.516
0.516
0.516
0.516
0.516
0.516
0.516
0.516
0.516
0.516
0.516
0.516
0.516
0.516
0.516
0.516
0.516
0.516
0.516
0.516
0.516
0.516
0.516
0.516
0.516
0.516
0.516
0.515
0.515
0.515
0.515
0.515
0.515
0.515
0.515
0.515
0.515
0.515
0.515
0.515
0.515
0.515
0.515
0.515
0.515
0.515
0.515
0.515
0.514
0.515
0.515
0.514
0.514
0.515
0.515
0.515
0.515
0.515
0.515
0.515
0.515
0.515
0.515
0.515
0.515
0.515
0.515
0.515
0.515
0.515
0.515
0.515
0.515
0.515
0.515
0.515
0.515
0.515
0.515
0.515
0.515
0.515
0.515
0.515
0.515
0.515
0.515
0.515
0.515
0.515
0.515
0.515
0.515
0.515
0.515
0.515
0.515
0.515
0.515
0.515
0.515
0.516
0.516
0.515
0.515
0.515
0.515
0.516
0.516
0.516
0.516
0.516
0.516
0.516
0.515
0.516
0.516
0.516
0.516
0.516
0.516
0.516
0.516
0.516
0.516
0.516
0.516
0.516
0.516
0.516
0.516
0.516
0.516
0.517
0.516
0.516
0.516
0.517
0.517
0.517
0.517
0.517
0.517
0.517
0.517
0.517
0.517
0.517
0.517
0.517
0.518
0.517
0.517
0.517
0.517
0.517
0.517
0.517
0.517
0.517
0.517
0.517
0.517
0.517
0.517
0.517
0.517
0.517
0.517
0.517
0.517
0.517
0.517
0.518
0.518
0.518
0.518
0.518
0.517
0.517
0.517
0.517
0.517
0.517
0.517
0.517
0.517
0.517
0.517
0.517
0.517
0.517
0.517
0.517
0.517
0.517
0.517
0.517
0.517
0.517
0.517
0.517
0.518
0.518
0.518
0.518
0.518
0.518
0.518
0.518
0.518
0.518
0.518
0.518
0.518
0.518
0.518
0.518
0.518
0.518
0.518
0.518
0.518
0.518
0.518
0.518
0.518
0.518
0.518
0.518
0.518
0.518
0.518
0.518
0.518
0.518
0.518
0.518
0.518
0.518
0.518
0.518
0.518
0.518
0.518
0.518
0.518
0.518
0.518
0.518
0.518
0.518
0.518
0.518
0.518
0.518
0.518
0.518
0.518
0.518
0.519
0.519
0.519
0.519
0.519
0.519
0.519
0.519
0.519
0.519
0.519
0.519
0.519
0.519
0.519
0.519
0.519
0.519
0.519
0.519
0.519
0.519
0.519
0.519
0.519
0.519
0.519
0.519
0.519
0.519
0.519
0.519
0.519
0.519
0.519
0.519
0.519
0.519
0.519
0.520
0.520
0.520
0.520
0.520
0.520
0.520
0.520
0.520
0.520
0.520
0.519
0.519
0.519
0.519
0.519
0.519
0.519
0.520
0.520
0.520
0.520
0.520
0.520
0.520
0.520
0.520
0.520
0.520
0.520
0.520
0.520
0.520
0.520
0.520
0.520
0.520
0.520
0.520
0.520
0.520
0.520
0.520
0.520
0.520
0.520
0.520
0.520
0.520
0.520
0.520
0.520
0.520
0.520
0.520
0.520
0.520
0.520
0.520
0.520
0.520
0.520
0.520
0.520
0.520
0.520
0.521
0.520
0.520
0.520
0.520
0.520
0.520
0.520
0.520
0.520
0.520
0.520
0.520
0.520
0.520
0.520
0.520
0.520
0.520
0.520
0.520
0.520
0.520
0.520
0.520
0.520
0.520
0.520
0.520
0.520
0.520
0.520
0.520
0.520
0.520
0.520
0.520
0.520
0.520
0.520
0.520
0.520
0.520
0.520
0.520
0.520
0.520
0.520
0.520
0.520
0.520
0.520
0.520
0.520
0.520
0.520
0.520
0.520
0.520
0.520
0.520
0.520
0.520
0.520
0.520
0.520
0.520
0.520
0.520
0.520
0.520
0.520
0.520
0.520
0.520
0.520
0.520
0.520
0.520
0.520
0.520
0.520
0.520
0.520
0.520
0.520
0.520
0.520
0.520
0.520
0.520
0.520
0.520
0.520
0.520
0.520
0.520
0.520
0.520
0.520
0.520
0.520
0.521
0.521
0.521
0.521
0.521
0.521
0.521
0.521
0.521
0.521
0.521
0.521
0.521
0.521
0.521
0.521
0.521
0.521
0.521
0.521
0.521
0.521
0.521
0.521
0.521
0.521
0.521
0.521
0.521
0.521
0.521
0.521
0.521
0.521
0.521
0.521
0.521
0.521
0.520
0.520
0.520
0.520
0.521
0.521
0.521
0.521
0.521
0.521
0.521
0.521
0.521
0.521
0.521
0.521
0.521
0.521
0.521
0.521
0.521
0.521
0.521
0.521
0.521
0.521
0.521
0.521
0.521
0.521
0.521
0.521
0.521
0.521
0.521
0.521
0.521
0.521
0.521
0.521
0.521
0.521
0.521
0.521
0.521
0.521
0.521
0.521
0.521
0.521
0.521
0.521
0.521
0.521
0.521
0.521
0.521
0.521
0.521
0.521
0.521
0.521
0.521
0.521
0.521
0.521
0.521
0.521
0.521
0.521
0.521
0.521
0.521
0.521
0.521
0.521
0.521
0.521
0.521
0.521
0.521
0.521
0.521
0.521
0.521
0.521
0.521
0.521
0.521
0.521
0.521
0.521
0.521
0.521
0.521
0.521
0.521
0.521
0.521
0.521
0.521
0.521
0.521
0.521
0.521
0.521
0.521
0.521
0.521
0.521
0.521
0.521
0.521
0.521
0.521
0.521
0.521
0.521
0.521
0.521
0.521
0.521
0.521
0.521
0.521
0.521
0.521
0.521
0.521
0.521
0.521
0.521
0.521
0.521
0.521
0.521
0.521
0.521
0.521
0.521
0.521
0.521
0.520
0.520
0.520
0.520
0.520
0.520
0.520
0.520
0.520
0.520
0.520
0.520
0.520
0.520
0.520
0.520
0.520
0.520
0.520
0.520
0.520
0.520
0.520
0.520
0.520
0.520
0.520
0.520
0.520
0.520
0.520
0.520
0.520
0.520
0.520
0.520
0.520
0.520
0.520
0.520
0.520
0.520
0.520
0.520
0.520
0.520
0.520
0.520
0.520
0.520
0.520
0.520
0.520
0.520
0.520
0.520
0.520
0.520
0.520
0.520
0.520
0.520
0.520
0.520
0.520
0.520
0.520
0.520
0.520
0.520
0.520
0.520
0.520
0.520
0.520
0.520
0.520
0.520
0.520
0.520
0.520
0.520
0.520
0.520
0.520
0.520
0.520
0.520
0.520
0.520
0.520
0.520
0.520
0.520
0.520
0.520
0.520
0.520
0.520
0.520
0.520
0.520
0.520
0.520
0.520
0.520
0.520
0.520
0.520
0.521
0.521
0.521
0.521
0.521
0.521
0.521
0.521
0.521
0.521
0.521
0.521
0.521
0.521
0.521
0.521
0.521
0.521
0.521
0.521
0.521
0.521
0.521
0.521
0.521
0.521
0.521
0.521
0.521
0.521
0.521
0.521
0.521
0.521
0.521
0.521
0.521
0.521
0.521
0.521
0.521
0.521
0.521
0.521
0.521
0.521
0.521
0.521
0.521
0.521
0.521
0.521
0.521
0.521
0.521
0.521
0.521
0.521
0.521
0.521
0.521
0.521
0.521
0.521
0.521
0.521
0.521
0.521
0.521
0.521
0.521
0.521
0.521
0.521
0.521
0.521
0.521
0.521
0.521
0.521
0.521
0.521
0.521
0.521
0.521
0.521
0.521
0.521
0.521
0.521
0.521
0.521
0.521
0.521
0.521
0.521
0.521
0.521
0.521
0.521
0.521
0.521
0.521
0.521
0.521
0.521
0.521
0.521
0.521
0.521
0.521
0.521
0.521
0.521
0.521
0.521
0.521
0.521
0.521
0.521
0.521
0.521
0.521
0.521
0.521
0.521
0.521
0.521
0.521
0.521
0.521
0.521
0.521
0.521
0.521
0.521
0.521
0.521
0.521
0.521
0.521
0.521
0.521
0.521