20586908 2 0.0140 0.0127 0.0046 0.0025 0.0017 0.0014 0.0013 0.0014 0.0015 0.0018 0.0023 0.0034 0.0066 0.0036 0.0024 0.0019 0.0016 0.0014 0.0013 0.0014 0.0017 0.0024 0.0045 0.0138 0.6361 0.2728 
20586934 5 0.0110 0.0096 0.0047 0.0029 0.0021 0.0018 0.0016 0.0017 0.0019 0.0022 0.0027 0.0040 0.0076 0.0043 0.0029 0.0024 0.0020 0.0018 0.0017 0.0018 0.0021 0.0028 0.0044 0.0104 0.6907 0.2187 
20586960 2 0.0161 0.0142 0.0054 0.0030 0.0020 0.0016 0.0015 0.0016 0.0017 0.0020 0.0025 0.0038 0.0069 0.0040 0.0027 0.0021 0.0017 0.0016 0.0015 0.0016 0.0020 0.0028 0.0051 0.0154 0.5937 0.3033 
20586986 5 0.0135 0.0120 0.0048 0.0028 0.0019 0.0015 0.0013 0.0014 0.0015 0.0018 0.0022 0.0035 0.0066 0.0039 0.0024 0.0019 0.0016 0.0015 0.0014 0.0015 0.0019 0.0027 0.0047 0.0134 0.6519 0.2564 
20587054 4 0.0119 0.0102 0.0044 0.0026 0.0018 0.0015 0.0014 0.0014 0.0014 0.0016 0.0020 0.0034 0.0073 0.0036 0.0022 0.0018 0.0015 0.0014 0.0014 0.0016 0.0019 0.0026 0.0044 0.0108 0.6978 0.2179 
20587080 4 0.0176 0.0150 0.0061 0.0036 0.0024 0.0019 0.0016 0.0016 0.0016 0.0019 0.0023 0.0035 0.0079 0.0038 0.0025 0.0020 0.0018 0.0017 0.0017 0.0019 0.0024 0.0033 0.0057 0.0157 0.5794 0.3110 
20587148 2 0.0072 0.0063 0.0025 0.0015 0.0010 0.0008 0.0007 0.0007 0.0007 0.0008 0.0011 0.0022 0.0051 0.0023 0.0011 0.0009 0.0007 0.0007 0.0007 0.0008 0.0009 0.0014 0.0024 0.0066 0.8218 0.1293 
20587174 2 0.0063 0.0051 0.0028 0.0018 0.0013 0.0010 0.0009 0.0009 0.0009 0.0011 0.0015 0.0032 0.0072 0.0033 0.0018 0.0012 0.0010 0.0010 0.0009 0.0011 0.0014 0.0018 0.0028 0.0057 0.8311 0.1127 
20587200 2 0.0126 0.0109 0.0041 0.0023 0.0015 0.0011 0.0010 0.0009 0.0010 0.0012 0.0015 0.0027 0.0059 0.0028 0.0016 0.0012 0.0010 0.0010 0.0010 0.0012 0.0015 0.0022 0.0040 0.0118 0.7017 0.2224 
20587226 2 0.0109 0.0093 0.0037 0.0021 0.0014 0.0010 0.0009 0.0008 0.0009 0.0010 0.0012 0.0024 0.0057 0.0025 0.0013 0.0010 0.0009 0.0009 0.0009 0.0011 0.0014 0.0019 0.0035 0.0100 0.7441 0.1892 
20587294 2 0.0170 0.0149 0.0047 0.0023 0.0014 0.0010 0.0008 0.0008 0.0008 0.0009 0.0011 0.0022 0.0061 0.0023 0.0010 0.0007 0.0006 0.0006 0.0006 0.0008 0.0011 0.0018 0.0042 0.0158 0.6303 0.2862 
20587320 2 0.0174 0.0150 0.0056 0.0029 0.0018 0.0013 0.0011 0.0010 0.0011 0.0012 0.0014 0.0025 0.0069 0.0026 0.0013 0.0011 0.0010 0.0009 0.0010 0.0012 0.0017 0.0027 0.0055 0.0168 0.5948 0.3103 
20587346 2 0.0203 0.0176 0.0058 0.0030 0.0019 0.0014 0.0011 0.0011 0.0011 0.0013 0.0016 0.0030 0.0066 0.0031 0.0016 0.0012 0.0010 0.0010 0.0010 0.0012 0.0016 0.0025 0.0052 0.0187 0.5506 0.3456 
20587372 2 0.0230 0.0201 0.0061 0.0030 0.0018 0.0013 0.0011 0.0010 0.0010 0.0011 0.0014 0.0027 0.0064 0.0027 0.0014 0.0011 0.0009 0.0009 0.0009 0.0011 0.0015 0.0025 0.0056 0.0218 0.4965 0.3930 
20587466 2 0.0051 0.0043 0.0022 0.0014 0.0011 0.0010 0.0009 0.0010 0.0011 0.0014 0.0019 0.0036 0.0083 0.0039 0.0022 0.0016 0.0013 0.0012 0.0010 0.0011 0.0012 0.0015 0.0024 0.0045 0.8380 0.1067 
20587492 2 0.0071 0.0061 0.0024 0.0014 0.0009 0.0008 0.0007 0.0008 0.0009 0.0011 0.0014 0.0027 0.0062 0.0031 0.0016 0.0011 0.0009 0.0008 0.0008 0.0008 0.0010 0.0014 0.0024 0.0062 0.8144 0.1332 
20587518 2 0.0086 0.0075 0.0029 0.0017 0.0011 0.0010 0.0009 0.0009 0.0010 0.0013 0.0018 0.0035 0.0068 0.0039 0.0020 0.0015 0.0011 0.0010 0.0010 0.0011 0.0013 0.0018 0.0030 0.0078 0.7733 0.1624 
20587544 2 0.0052 0.0045 0.0018 0.0011 0.0007 0.0006 0.0006 0.0006 0.0007 0.0009 0.0013 0.0028 0.0064 0.0029 0.0015 0.0010 0.0008 0.0007 0.0006 0.0007 0.0008 0.0011 0.0018 0.0046 0.8563 0.1001 
20587612 5 0.0154 0.0136 0.0044 0.0022 0.0013 0.0009 0.0008 0.0007 0.0008 0.0009 0.0012 0.0024 0.0058 0.0024 0.0012 0.0009 0.0007 0.0007 0.0007 0.0008 0.0012 0.0019 0.0041 0.0149 0.6517 0.2685 
20587638 2 0.0139 0.0120 0.0055 0.0030 0.0019 0.0014 0.0011 0.0011 0.0011 0.0013 0.0016 0.0028 0.0066 0.0030 0.0017 0.0013 0.0011 0.0011 0.0011 0.0013 0.0018 0.0028 0.0053 0.0137 0.6543 0.2584 
20587664 5 0.0177 0.0156 0.0048 0.0022 0.0013 0.0009 0.0007 0.0007 0.0008 0.0009 0.0011 0.0022 0.0049 0.0023 0.0011 0.0009 0.0007 0.0007 0.0007 0.0008 0.0012 0.0020 0.0045 0.0170 0.6107 0.3036 
20587690 2 0.0178 0.0157 0.0050 0.0024 0.0014 0.0010 0.0009 0.0009 0.0009 0.0011 0.0015 0.0030 0.0073 0.0035 0.0016 0.0011 0.0009 0.0008 0.0008 0.0010 0.0014 0.0022 0.0049 0.0174 0.5951 0.3100 
20587758 3 0.0134 0.0118 0.0051 0.0031 0.0021 0.0017 0.0015 0.0016 0.0017 0.0021 0.0026 0.0046 0.0101 0.0048 0.0028 0.0022 0.0018 0.0017 0.0016 0.0018 0.0023 0.0032 0.0050 0.0124 0.6454 0.2536 
20587784 3 0.0154 0.0134 0.0054 0.0032 0.0022 0.0017 0.0015 0.0016 0.0017 0.0021 0.0026 0.0043 0.0081 0.0045 0.0028 0.0023 0.0019 0.0018 0.0019 0.0020 0.0024 0.0032 0.0052 0.0138 0.6118 0.2830 
20587810 3 0.0174 0.0151 0.0063 0.0037 0.0025 0.0020 0.0018 0.0018 0.0020 0.0024 0.0031 0.0051 0.0096 0.0054 0.0034 0.0027 0.0022 0.0021 0.0021 0.0023 0.0027 0.0037 0.0060 0.0158 0.5567 0.3223 
20587836 3 0.0114 0.0102 0.0041 0.0023 0.0016 0.0012 0.0011 0.0011 0.0013 0.0016 0.0021 0.0037 0.0083 0.0037 0.0021 0.0016 0.0013 0.0012 0.0012 0.0014 0.0017 0.0024 0.0040 0.0105 0.7031 0.2160 
20587902 3 0.0090 0.0081 0.0027 0.0014 0.0009 0.0007 0.0006 0.0007 0.0008 0.0010 0.0014 0.0032 0.0072 0.0032 0.0015 0.0011 0.0008 0.0007 0.0007 0.0008 0.0011 0.0016 0.0028 0.0082 0.7764 0.1633 
20587928 3 0.0121 0.0103 0.0045 0.0030 0.0022 0.0018 0.0017 0.0017 0.0019 0.0022 0.0028 0.0044 0.0085 0.0047 0.0030 0.0025 0.0021 0.0020 0.0019 0.0021 0.0024 0.0031 0.0045 0.0106 0.6848 0.2195 
20587994 6 0.0148 0.0129 0.0049 0.0027 0.0018 0.0014 0.0012 0.0012 0.0012 0.0014 0.0018 0.0038 0.0095 0.0039 0.0019 0.0015 0.0012 0.0012 0.0012 0.0013 0.0018 0.0026 0.0046 0.0137 0.6388 0.2676 
20588020 2 0.0149 0.0123 0.0063 0.0038 0.0026 0.0020 0.0018 0.0017 0.0018 0.0021 0.0025 0.0046 0.0112 0.0048 0.0028 0.0023 0.0020 0.0019 0.0020 0.0022 0.0027 0.0038 0.0061 0.0131 0.6200 0.2687 
20588046 6 0.0204 0.0175 0.0068 0.0038 0.0024 0.0018 0.0015 0.0015 0.0016 0.0019 0.0024 0.0045 0.0088 0.0046 0.0025 0.0020 0.0017 0.0016 0.0016 0.0019 0.0024 0.0035 0.0063 0.0183 0.5247 0.3542 
20588072 2 0.0197 0.0171 0.0065 0.0036 0.0023 0.0017 0.0015 0.0014 0.0014 0.0016 0.0020 0.0036 0.0083 0.0037 0.0020 0.0017 0.0015 0.0015 0.0016 0.0019 0.0024 0.0035 0.0061 0.0178 0.5420 0.3436 
20588138 1 0.0179 0.0150 0.0059 0.0034 0.0023 0.0018 0.0015 0.0014 0.0015 0.0016 0.0020 0.0034 0.0070 0.0035 0.0021 0.0018 0.0017 0.0016 0.0017 0.0020 0.0025 0.0035 0.0059 0.0156 0.5837 0.3095 
20588164 1 0.0127 0.0108 0.0045 0.0028 0.0020 0.0015 0.0013 0.0013 0.0013 0.0015 0.0019 0.0036 0.0081 0.0037 0.0021 0.0017 0.0014 0.0014 0.0014 0.0016 0.0020 0.0028 0.0044 0.0111 0.6868 0.2264 
20588190 4 0.0112 0.0093 0.0046 0.0030 0.0022 0.0018 0.0016 0.0015 0.0016 0.0019 0.0023 0.0040 0.0092 0.0042 0.0024 0.0020 0.0017 0.0016 0.0016 0.0019 0.0023 0.0031 0.0047 0.0096 0.7060 0.2046 
20588216 4 0.0177 0.0149 0.0057 0.0033 0.0023 0.0017 0.0014 0.0014 0.0014 0.0016 0.0019 0.0030 0.0069 0.0032 0.0019 0.0017 0.0015 0.0015 0.0015 0.0018 0.0023 0.0033 0.0055 0.0155 0.5898 0.3073 
20588308 3 0.0094 0.0082 0.0033 0.0021 0.0016 0.0013 0.0012 0.0012 0.0014 0.0017 0.0023 0.0039 0.0074 0.0041 0.0025 0.0019 0.0015 0.0014 0.0013 0.0014 0.0016 0.0020 0.0032 0.0085 0.7437 0.1819 
20588334 3 0.0064 0.0057 0.0022 0.0014 0.0010 0.0008 0.0008 0.0008 0.0009 0.0012 0.0017 0.0032 0.0065 0.0032 0.0018 0.0013 0.0010 0.0009 0.0008 0.0009 0.0011 0.0014 0.0021 0.0057 0.8224 0.1248 
20588458 2 0.0128 0.0114 0.0049 0.0029 0.0020 0.0016 0.0015 0.0016 0.0018 0.0022 0.0028 0.0048 0.0094 0.0050 0.0030 0.0023 0.0018 0.0017 0.0016 0.0017 0.0020 0.0028 0.0046 0.0119 0.6553 0.2467 
20588510 2 0.0187 0.0164 0.0065 0.0037 0.0025 0.0020 0.0018 0.0019 0.0020 0.0024 0.0030 0.0046 0.0082 0.0048 0.0031 0.0026 0.0022 0.0020 0.0020 0.0021 0.0025 0.0034 0.0059 0.0169 0.5314 0.3474 
20588536 5 0.0177 0.0151 0.0073 0.0047 0.0033 0.0027 0.0025 0.0026 0.0029 0.0033 0.0041 0.0061 0.0113 0.0065 0.0045 0.0036 0.0030 0.0028 0.0027 0.0029 0.0033 0.0044 0.0066 0.0157 0.5303 0.3301 
20588562 5 0.0158 0.0132 0.0067 0.0045 0.0034 0.0029 0.0027 0.0028 0.0030 0.0035 0.0044 0.0063 0.0114 0.0067 0.0048 0.0040 0.0033 0.0030 0.0028 0.0030 0.0034 0.0042 0.0061 0.0136 0.5696 0.2947 
20588654 2 0.0123 0.0111 0.0043 0.0026 0.0018 0.0014 0.0012 0.0013 0.0015 0.0019 0.0024 0.0041 0.0072 0.0042 0.0026 0.0020 0.0015 0.0014 0.0012 0.0014 0.0016 0.0023 0.0040 0.0120 0.6688 0.2441 
20588680 3 0.0138 0.0125 0.0047 0.0027 0.0018 0.0014 0.0013 0.0013 0.0016 0.0020 0.0027 0.0044 0.0079 0.0046 0.0028 0.0021 0.0016 0.0014 0.0013 0.0014 0.0017 0.0024 0.0043 0.0137 0.6299 0.2749 
22427682 2 0.0143 0.0128 0.0040 0.0020 0.0012 0.0009 0.0008 0.0008 0.0008 0.0009 0.0011 0.0020 0.0043 0.0020 0.0011 0.0009 0.0007 0.0007 0.0007 0.0008 0.0011 0.0018 0.0038 0.0134 0.6713 0.2559 
22427704 5 0.0101 0.0088 0.0042 0.0024 0.0017 0.0013 0.0012 0.0012 0.0012 0.0015 0.0018 0.0027 0.0050 0.0027 0.0018 0.0014 0.0013 0.0012 0.0012 0.0014 0.0017 0.0024 0.0040 0.0091 0.7359 0.1926 
22427728 2 0.0192 0.0171 0.0047 0.0022 0.0013 0.0010 0.0008 0.0008 0.0009 0.0011 0.0014 0.0025 0.0047 0.0026 0.0014 0.0011 0.0009 0.0008 0.0008 0.0010 0.0013 0.0021 0.0046 0.0179 0.5750 0.3328 
22427752 5 0.0161 0.0142 0.0043 0.0022 0.0013 0.0010 0.0008 0.0008 0.0009 0.0010 0.0013 0.0020 0.0041 0.0022 0.0013 0.0011 0.0009 0.0008 0.0008 0.0010 0.0013 0.0021 0.0042 0.0152 0.6362 0.2828 
22427840 5 0.0077 0.0070 0.0022 0.0011 0.0008 0.0006 0.0006 0.0006 0.0007 0.0009 0.0011 0.0021 0.0049 0.0021 0.0011 0.0008 0.0007 0.0006 0.0005 0.0006 0.0007 0.0011 0.0021 0.0072 0.8051 0.1470 
22427864 2 0.0115 0.0103 0.0032 0.0017 0.0011 0.0009 0.0009 0.0009 0.0009 0.0010 0.0013 0.0023 0.0050 0.0023 0.0012 0.0010 0.0008 0.0008 0.0008 0.0008 0.0010 0.0016 0.0031 0.0106 0.7174 0.2175 
22579730 5 0.0134 0.0117 0.0037 0.0020 0.0013 0.0011 0.0010 0.0010 0.0011 0.0012 0.0016 0.0028 0.0060 0.0028 0.0015 0.0012 0.0010 0.0009 0.0009 0.0010 0.0012 0.0018 0.0037 0.0124 0.6858 0.2381 
22579754 2 0.0148 0.0131 0.0042 0.0023 0.0015 0.0012 0.0011 0.0012 0.0013 0.0016 0.0020 0.0034 0.0071 0.0035 0.0019 0.0015 0.0012 0.0011 0.0011 0.0012 0.0014 0.0021 0.0041 0.0139 0.6375 0.2746 
22579848 2 0.0108 0.0098 0.0030 0.0015 0.0010 0.0008 0.0007 0.0007 0.0009 0.0011 0.0015 0.0030 0.0061 0.0030 0.0016 0.0012 0.0009 0.0008 0.0008 0.0009 0.0011 0.0017 0.0032 0.0098 0.7282 0.2058 
22579870 4 0.0092 0.0077 0.0038 0.0023 0.0017 0.0014 0.0013 0.0014 0.0015 0.0018 0.0024 0.0038 0.0084 0.0039 0.0026 0.0021 0.0017 0.0016 0.0015 0.0017 0.0019 0.0026 0.0042 0.0079 0.7411 0.1805 
22579892 2 0.0157 0.0138 0.0045 0.0024 0.0016 0.0012 0.0011 0.0011 0.0013 0.0015 0.0021 0.0037 0.0068 0.0038 0.0022 0.0017 0.0013 0.0013 0.0012 0.0014 0.0018 0.0026 0.0048 0.0139 0.6216 0.2856 
22579916 4 0.0139 0.0122 0.0041 0.0022 0.0015 0.0012 0.0010 0.0011 0.0012 0.0015 0.0021 0.0041 0.0079 0.0043 0.0024 0.0017 0.0014 0.0013 0.0012 0.0014 0.0017 0.0025 0.0045 0.0125 0.6546 0.2565 
22580016 2 0.0137 0.0122 0.0036 0.0017 0.0010 0.0008 0.0007 0.0006 0.0007 0.0008 0.0010 0.0020 0.0046 0.0019 0.0010 0.0007 0.0006 0.0006 0.0006 0.0007 0.0009 0.0015 0.0034 0.0134 0.6925 0.2392 
22580038 5 0.0121 0.0106 0.0047 0.0027 0.0017 0.0014 0.0012 0.0012 0.0013 0.0016 0.0021 0.0040 0.0075 0.0041 0.0023 0.0017 0.0014 0.0013 0.0013 0.0015 0.0018 0.0026 0.0045 0.0118 0.6785 0.2349 
22580068 2 0.0165 0.0144 0.0047 0.0025 0.0015 0.0011 0.0010 0.0010 0.0010 0.0012 0.0015 0.0028 0.0052 0.0031 0.0016 0.0012 0.0010 0.0010 0.0009 0.0011 0.0015 0.0024 0.0047 0.0155 0.6247 0.2869 
22580098 5 0.0170 0.0148 0.0049 0.0026 0.0016 0.0012 0.0011 0.0011 0.0013 0.0015 0.0021 0.0034 0.0055 0.0037 0.0022 0.0016 0.0013 0.0012 0.0011 0.0012 0.0016 0.0024 0.0048 0.0157 0.6026 0.3025 
22580192 3 0.0162 0.0146 0.0038 0.0017 0.0009 0.0006 0.0005 0.0005 0.0006 0.0007 0.0010 0.0025 0.0060 0.0024 0.0010 0.0006 0.0005 0.0005 0.0004 0.0006 0.0008 0.0014 0.0035 0.0152 0.6469 0.2765 
22580218 1 0.0158 0.0143 0.0039 0.0017 0.0009 0.0007 0.0006 0.0006 0.0006 0.0008 0.0011 0.0025 0.0059 0.0024 0.0010 0.0007 0.0005 0.0005 0.0005 0.0006 0.0008 0.0014 0.0034 0.0149 0.6536 0.2704 
22580244 3 0.0205 0.0184 0.0051 0.0023 0.0013 0.0009 0.0008 0.0008 0.0008 0.0010 0.0013 0.0029 0.0069 0.0030 0.0012 0.0009 0.0007 0.0007 0.0007 0.0008 0.0011 0.0020 0.0045 0.0191 0.5540 0.3484 
22580270 1 0.0190 0.0171 0.0052 0.0025 0.0014 0.0010 0.0009 0.0009 0.0010 0.0012 0.0016 0.0033 0.0074 0.0033 0.0016 0.0012 0.0009 0.0009 0.0008 0.0010 0.0013 0.0021 0.0045 0.0178 0.5677 0.3344 
22580340 2 0.0088 0.0081 0.0030 0.0016 0.0010 0.0008 0.0007 0.0007 0.0008 0.0010 0.0014 0.0028 0.0071 0.0029 0.0014 0.0011 0.0009 0.0008 0.0008 0.0009 0.0011 0.0016 0.0029 0.0081 0.7735 0.1659 
22580368 2 0.0088 0.0078 0.0035 0.0020 0.0014 0.0011 0.0010 0.0010 0.0011 0.0013 0.0017 0.0030 0.0084 0.0031 0.0018 0.0014 0.0012 0.0011 0.0011 0.0012 0.0015 0.0020 0.0033 0.0081 0.7630 0.1692 
22580392 2 0.0115 0.0102 0.0039 0.0022 0.0015 0.0011 0.0010 0.0010 0.0011 0.0013 0.0017 0.0031 0.0065 0.0031 0.0019 0.0015 0.0012 0.0012 0.0011 0.0013 0.0016 0.0023 0.0038 0.0105 0.7118 0.2125 
22580420 2 0.0130 0.0113 0.0045 0.0024 0.0016 0.0013 0.0011 0.0011 0.0012 0.0014 0.0016 0.0027 0.0062 0.0029 0.0018 0.0015 0.0013 0.0013 0.0012 0.0014 0.0017 0.0024 0.0042 0.0118 0.6840 0.2352 
22580492 2 0.0092 0.0079 0.0035 0.0022 0.0016 0.0014 0.0013 0.0013 0.0015 0.0019 0.0025 0.0047 0.0089 0.0047 0.0026 0.0019 0.0016 0.0014 0.0014 0.0015 0.0018 0.0024 0.0035 0.0079 0.7478 0.1737 
22580520 5 0.0085 0.0066 0.0041 0.0031 0.0025 0.0022 0.0021 0.0023 0.0026 0.0031 0.0040 0.0067 0.0129 0.0069 0.0044 0.0035 0.0029 0.0026 0.0024 0.0025 0.0026 0.0032 0.0041 0.0068 0.7390 0.1583 
22580548 2 0.0138 0.0115 0.0050 0.0032 0.0024 0.0021 0.0019 0.0020 0.0022 0.0026 0.0033 0.0055 0.0101 0.0057 0.0036 0.0028 0.0023 0.0022 0.0021 0.0022 0.0025 0.0033 0.0050 0.0117 0.6372 0.2540 
22580576 5 0.0136 0.0112 0.0052 0.0035 0.0027 0.0023 0.0021 0.0022 0.0024 0.0029 0.0036 0.0059 0.0103 0.0062 0.0039 0.0031 0.0026 0.0025 0.0024 0.0026 0.0028 0.0035 0.0052 0.0116 0.6356 0.2502 
22580654 5 0.0095 0.0083 0.0030 0.0017 0.0012 0.0010 0.0009 0.0009 0.0011 0.0013 0.0017 0.0032 0.0070 0.0034 0.0018 0.0014 0.0011 0.0010 0.0010 0.0011 0.0012 0.0017 0.0029 0.0085 0.7601 0.1739 
22580680 2 0.0075 0.0065 0.0027 0.0015 0.0010 0.0007 0.0007 0.0007 0.0007 0.0008 0.0010 0.0021 0.0043 0.0021 0.0011 0.0008 0.0007 0.0006 0.0007 0.0008 0.0010 0.0015 0.0026 0.0068 0.8100 0.1410 
22580706 5 0.0152 0.0135 0.0050 0.0028 0.0019 0.0015 0.0014 0.0014 0.0017 0.0021 0.0028 0.0050 0.0095 0.0055 0.0032 0.0024 0.0018 0.0016 0.0015 0.0017 0.0020 0.0029 0.0052 0.0143 0.5996 0.2948 
22580732 2 0.0122 0.0107 0.0031 0.0015 0.0009 0.0006 0.0006 0.0006 0.0007 0.0009 0.0013 0.0025 0.0048 0.0026 0.0013 0.0009 0.0006 0.0006 0.0005 0.0006 0.0008 0.0014 0.0030 0.0111 0.7261 0.2102 
22613624 2 0.0099 0.0088 0.0030 0.0016 0.0010 0.0008 0.0007 0.0007 0.0007 0.0008 0.0010 0.0017 0.0038 0.0017 0.0010 0.0008 0.0007 0.0006 0.0006 0.0007 0.0009 0.0014 0.0027 0.0091 0.7641 0.1812 
22613650 6 0.0080 0.0067 0.0033 0.0022 0.0016 0.0013 0.0012 0.0012 0.0012 0.0015 0.0018 0.0030 0.0054 0.0031 0.0019 0.0015 0.0012 0.0012 0.0011 0.0013 0.0015 0.0020 0.0032 0.0071 0.7868 0.1499 
22613676 2 0.0122 0.0105 0.0041 0.0022 0.0014 0.0011 0.0009 0.0009 0.0010 0.0012 0.0016 0.0026 0.0049 0.0027 0.0016 0.0012 0.0010 0.0009 0.0009 0.0011 0.0013 0.0021 0.0039 0.0111 0.7121 0.2153 
22613702 6 0.0103 0.0088 0.0036 0.0020 0.0014 0.0010 0.0009 0.0010 0.0011 0.0013 0.0018 0.0030 0.0052 0.0031 0.0019 0.0014 0.0011 0.0010 0.0010 0.0011 0.0013 0.0020 0.0034 0.0091 0.7481 0.1842 
22613770 5 0.0093 0.0082 0.0031 0.0017 0.0011 0.0009 0.0008 0.0008 0.0009 0.0011 0.0014 0.0023 0.0043 0.0024 0.0014 0.0011 0.0009 0.0008 0.0008 0.0008 0.0010 0.0015 0.0027 0.0088 0.7712 0.1707 
22613796 2 0.0103 0.0096 0.0032 0.0016 0.0009 0.0007 0.0006 0.0006 0.0007 0.0008 0.0011 0.0019 0.0042 0.0018 0.0010 0.0007 0.0006 0.0005 0.0005 0.0006 0.0008 0.0013 0.0029 0.0102 0.7470 0.1959 
22613822 5 0.0108 0.0095 0.0035 0.0019 0.0012 0.0009 0.0008 0.0009 0.0010 0.0011 0.0014 0.0025 0.0042 0.0025 0.0014 0.0011 0.0009 0.0008 0.0008 0.0009 0.0011 0.0016 0.0031 0.0100 0.7392 0.1966 
22613848 1 0.0126 0.0113 0.0030 0.0013 0.0007 0.0005 0.0004 0.0004 0.0005 0.0006 0.0008 0.0015 0.0032 0.0015 0.0008 0.0005 0.0004 0.0004 0.0003 0.0004 0.0006 0.0010 0.0026 0.0120 0.7239 0.2187 
22613918 4 0.0102 0.0090 0.0028 0.0014 0.0008 0.0006 0.0005 0.0005 0.0006 0.0007 0.0009 0.0020 0.0043 0.0020 0.0009 0.0007 0.0006 0.0006 0.0006 0.0006 0.0008 0.0013 0.0027 0.0092 0.7664 0.1791 
22613944 1 0.0099 0.0088 0.0026 0.0012 0.0007 0.0005 0.0004 0.0004 0.0004 0.0005 0.0007 0.0018 0.0040 0.0018 0.0008 0.0006 0.0004 0.0004 0.0004 0.0005 0.0007 0.0012 0.0025 0.0089 0.7800 0.1698 
22613970 4 0.0145 0.0127 0.0038 0.0018 0.0011 0.0008 0.0006 0.0006 0.0006 0.0007 0.0009 0.0020 0.0039 0.0021 0.0010 0.0008 0.0007 0.0007 0.0007 0.0009 0.0012 0.0018 0.0037 0.0131 0.6829 0.2463 
22613996 1 0.0125 0.0110 0.0033 0.0016 0.0009 0.0007 0.0006 0.0006 0.0006 0.0007 0.0010 0.0022 0.0039 0.0023 0.0010 0.0008 0.0006 0.0006 0.0006 0.0007 0.0010 0.0015 0.0031 0.0113 0.7224 0.2144 
22614074 5 0.0206 0.0184 0.0059 0.0030 0.0019 0.0015 0.0013 0.0013 0.0014 0.0016 0.0021 0.0037 0.0074 0.0040 0.0022 0.0017 0.0014 0.0013 0.0012 0.0014 0.0018 0.0028 0.0057 0.0201 0.5077 0.3788 
22614096 2 0.0182 0.0161 0.0077 0.0046 0.0032 0.0027 0.0025 0.0025 0.0028 0.0033 0.0040 0.0060 0.0106 0.0065 0.0042 0.0034 0.0028 0.0026 0.0025 0.0028 0.0033 0.0046 0.0079 0.0186 0.4786 0.3776 
22614128 5 0.0218 0.0192 0.0063 0.0032 0.0020 0.0016 0.0014 0.0013 0.0014 0.0017 0.0020 0.0035 0.0069 0.0036 0.0020 0.0016 0.0013 0.0013 0.0012 0.0014 0.0018 0.0029 0.0058 0.0202 0.4954 0.3892 
22614150 2 0.0193 0.0172 0.0057 0.0029 0.0019 0.0015 0.0013 0.0014 0.0015 0.0018 0.0023 0.0038 0.0066 0.0039 0.0022 0.0017 0.0014 0.0013 0.0012 0.0014 0.0018 0.0027 0.0055 0.0185 0.5325 0.3589 
22614236 5 0.0106 0.0091 0.0042 0.0024 0.0016 0.0013 0.0012 0.0012 0.0012 0.0014 0.0016 0.0027 0.0062 0.0029 0.0017 0.0014 0.0012 0.0012 0.0012 0.0013 0.0016 0.0023 0.0040 0.0099 0.7234 0.2032 
22614266 5 0.0172 0.0151 0.0048 0.0024 0.0015 0.0011 0.0010 0.0009 0.0010 0.0011 0.0014 0.0024 0.0049 0.0025 0.0014 0.0011 0.0009 0.0009 0.0009 0.0011 0.0014 0.0022 0.0045 0.0159 0.6125 0.2998 
22614352 2 0.0148 0.0129 0.0046 0.0024 0.0014 0.0011 0.0009 0.0009 0.0009 0.0009 0.0012 0.0026 0.0069 0.0028 0.0012 0.0009 0.0008 0.0008 0.0008 0.0010 0.0014 0.0022 0.0043 0.0137 0.6628 0.2562 
22614380 5 0.0152 0.0125 0.0063 0.0038 0.0026 0.0020 0.0017 0.0017 0.0017 0.0019 0.0024 0.0039 0.0088 0.0040 0.0025 0.0020 0.0018 0.0017 0.0017 0.0020 0.0025 0.0037 0.0060 0.0137 0.6207 0.2731 
22614404 2 0.0197 0.0170 0.0063 0.0034 0.0021 0.0016 0.0013 0.0012 0.0013 0.0014 0.0018 0.0031 0.0068 0.0033 0.0018 0.0015 0.0013 0.0013 0.0013 0.0016 0.0021 0.0033 0.0061 0.0184 0.5482 0.3428 
22614432 5 0.0207 0.0177 0.0066 0.0036 0.0022 0.0016 0.0013 0.0013 0.0014 0.0016 0.0019 0.0030 0.0064 0.0032 0.0020 0.0016 0.0014 0.0014 0.0014 0.0017 0.0022 0.0034 0.0062 0.0187 0.5298 0.3576 
22614500 2 0.0133 0.0119 0.0041 0.0023 0.0015 0.0012 0.0011 0.0012 0.0013 0.0016 0.0020 0.0036 0.0075 0.0037 0.0021 0.0017 0.0013 0.0012 0.0012 0.0013 0.0015 0.0022 0.0039 0.0124 0.6600 0.2550 
22614522 4 0.0132 0.0113 0.0057 0.0036 0.0027 0.0023 0.0022 0.0023 0.0026 0.0032 0.0040 0.0063 0.0121 0.0066 0.0045 0.0035 0.0029 0.0027 0.0024 0.0025 0.0028 0.0035 0.0054 0.0118 0.6101 0.2698 
22614544 2 0.0172 0.0152 0.0058 0.0034 0.0023 0.0018 0.0016 0.0017 0.0018 0.0021 0.0026 0.0042 0.0087 0.0046 0.0028 0.0023 0.0020 0.0019 0.0018 0.0019 0.0023 0.0032 0.0054 0.0159 0.5627 0.3249 
22614568 4 0.0172 0.0155 0.0060 0.0034 0.0024 0.0019 0.0018 0.0019 0.0021 0.0025 0.0032 0.0051 0.0092 0.0052 0.0033 0.0026 0.0022 0.0020 0.0019 0.0021 0.0025 0.0033 0.0056 0.0160 0.5444 0.3366 
22670094 6 0.0128 0.0113 0.0031 0.0015 0.0009 0.0006 0.0005 0.0005 0.0005 0.0005 0.0006 0.0013 0.0036 0.0013 0.0006 0.0005 0.0004 0.0004 0.0004 0.0005 0.0007 0.0012 0.0029 0.0120 0.7219 0.2196 
22670124 2 0.0120 0.0102 0.0045 0.0026 0.0017 0.0013 0.0011 0.0011 0.0010 0.0011 0.0013 0.0020 0.0046 0.0020 0.0013 0.0011 0.0010 0.0010 0.0010 0.0012 0.0015 0.0023 0.0043 0.0113 0.7041 0.2231 
22670148 6 0.0136 0.0121 0.0036 0.0017 0.0010 0.0007 0.0006 0.0006 0.0006 0.0007 0.0010 0.0021 0.0045 0.0022 0.0010 0.0007 0.0005 0.0005 0.0005 0.0006 0.0009 0.0015 0.0034 0.0127 0.6975 0.2353 
22670176 2 0.0145 0.0128 0.0039 0.0019 0.0011 0.0008 0.0006 0.0006 0.0006 0.0007 0.0009 0.0016 0.0039 0.0017 0.0009 0.0006 0.0005 0.0005 0.0005 0.0007 0.0010 0.0016 0.0036 0.0135 0.6828 0.2482 
22670278 4 0.0127 0.0112 0.0036 0.0018 0.0010 0.0008 0.0007 0.0006 0.0007 0.0008 0.0011 0.0021 0.0043 0.0021 0.0011 0.0008 0.0007 0.0006 0.0006 0.0007 0.0009 0.0016 0.0033 0.0119 0.7140 0.2203 
22670300 2 0.0110 0.0096 0.0038 0.0019 0.0012 0.0009 0.0007 0.0007 0.0007 0.0008 0.0010 0.0020 0.0044 0.0020 0.0011 0.0008 0.0007 0.0007 0.0007 0.0008 0.0010 0.0017 0.0034 0.0102 0.7389 0.1995 
22670324 4 0.0150 0.0129 0.0041 0.0020 0.0012 0.0009 0.0007 0.0007 0.0007 0.0008 0.0011 0.0019 0.0035 0.0019 0.0010 0.0008 0.0006 0.0007 0.0006 0.0008 0.0011 0.0018 0.0039 0.0138 0.6748 0.2524 
22670348 2 0.0142 0.0122 0.0040 0.0020 0.0012 0.0008 0.0007 0.0007 0.0007 0.0008 0.0010 0.0018 0.0036 0.0018 0.0010 0.0008 0.0006 0.0007 0.0006 0.0008 0.0010 0.0018 0.0037 0.0128 0.6923 0.2384 
22670442 1 0.0080 0.0070 0.0024 0.0013 0.0009 0.0007 0.0006 0.0006 0.0007 0.0008 0.0010 0.0020 0.0045 0.0019 0.0011 0.0008 0.0007 0.0007 0.0006 0.0008 0.0009 0.0014 0.0025 0.0071 0.8039 0.1470 
22670464 5 0.0097 0.0080 0.0040 0.0025 0.0018 0.0015 0.0013 0.0014 0.0015 0.0018 0.0024 0.0042 0.0083 0.0043 0.0026 0.0021 0.0017 0.0016 0.0015 0.0016 0.0018 0.0024 0.0038 0.0084 0.7339 0.1860 
22670488 1 0.0140 0.0122 0.0045 0.0026 0.0018 0.0014 0.0012 0.0012 0.0013 0.0016 0.0020 0.0032 0.0063 0.0033 0.0020 0.0017 0.0014 0.0013 0.0013 0.0014 0.0017 0.0024 0.0043 0.0125 0.6564 0.2569 
22670512 5 0.0159 0.0136 0.0050 0.0029 0.0020 0.0015 0.0013 0.0013 0.0014 0.0017 0.0021 0.0034 0.0066 0.0037 0.0023 0.0018 0.0015 0.0015 0.0014 0.0016 0.0019 0.0027 0.0048 0.0145 0.6179 0.2858 
22670620 2 0.0131 0.0118 0.0031 0.0013 0.0008 0.0005 0.0005 0.0005 0.0006 0.0007 0.0009 0.0021 0.0056 0.0020 0.0009 0.0006 0.0005 0.0004 0.0004 0.0005 0.0007 0.0012 0.0029 0.0123 0.7052 0.2309 
22670644 1 0.0115 0.0105 0.0036 0.0018 0.0011 0.0008 0.0007 0.0007 0.0008 0.0010 0.0013 0.0025 0.0056 0.0027 0.0013 0.0010 0.0008 0.0007 0.0007 0.0008 0.0011 0.0017 0.0035 0.0113 0.7078 0.2247 
22670672 2 0.0166 0.0149 0.0040 0.0018 0.0010 0.0008 0.0007 0.0007 0.0008 0.0010 0.0014 0.0028 0.0059 0.0029 0.0013 0.0010 0.0007 0.0007 0.0006 0.0008 0.0010 0.0017 0.0037 0.0156 0.6285 0.2895 
22670704 1 0.0161 0.0145 0.0041 0.0020 0.0012 0.0009 0.0008 0.0008 0.0009 0.0011 0.0016 0.0030 0.0061 0.0031 0.0015 0.0011 0.0008 0.0008 0.0007 0.0009 0.0011 0.0018 0.0040 0.0155 0.6277 0.2880 
22670808 4 0.0088 0.0079 0.0022 0.0010 0.0006 0.0004 0.0004 0.0004 0.0004 0.0004 0.0006 0.0011 0.0029 0.0012 0.0005 0.0004 0.0003 0.0003 0.0003 0.0004 0.0005 0.0008 0.0021 0.0087 0.8045 0.1530 
22670832 2 0.0100 0.0088 0.0034 0.0017 0.0010 0.0008 0.0006 0.0006 0.0006 0.0007 0.0008 0.0015 0.0034 0.0015 0.0008 0.0006 0.0005 0.0005 0.0005 0.0006 0.0009 0.0014 0.0031 0.0093 0.7671 0.1793 
22670856 5 0.0131 0.0116 0.0032 0.0014 0.0008 0.0006 0.0004 0.0004 0.0004 0.0005 0.0006 0.0011 0.0026 0.0012 0.0006 0.0005 0.0004 0.0004 0.0004 0.0005 0.0007 0.0013 0.0031 0.0127 0.7218 0.2196 
22670878 2 0.0116 0.0101 0.0030 0.0014 0.0008 0.0005 0.0005 0.0004 0.0004 0.0005 0.0006 0.0012 0.0024 0.0012 0.0006 0.0004 0.0004 0.0004 0.0004 0.0005 0.0007 0.0011 0.0027 0.0108 0.7542 0.1932 
22670978 4 0.0091 0.0082 0.0022 0.0010 0.0006 0.0005 0.0005 0.0006 0.0007 0.0009 0.0014 0.0028 0.0055 0.0027 0.0014 0.0009 0.0007 0.0006 0.0005 0.0005 0.0006 0.0010 0.0022 0.0084 0.7778 0.1685 
22671004 4 0.0108 0.0098 0.0028 0.0014 0.0009 0.0007 0.0006 0.0007 0.0008 0.0011 0.0016 0.0030 0.0055 0.0032 0.0017 0.0012 0.0009 0.0008 0.0007 0.0008 0.0009 0.0014 0.0027 0.0099 0.7360 0.2004 
22678448 2 0.0110 0.0099 0.0031 0.0015 0.0009 0.0006 0.0005 0.0006 0.0007 0.0008 0.0011 0.0024 0.0055 0.0024 0.0010 0.0006 0.0005 0.0004 0.0004 0.0005 0.0007 0.0012 0.0027 0.0107 0.7490 0.1913 
22678472 2 0.0077 0.0067 0.0031 0.0019 0.0013 0.0011 0.0010 0.0010 0.0011 0.0013 0.0016 0.0032 0.0066 0.0033 0.0017 0.0013 0.0011 0.0010 0.0009 0.0010 0.0013 0.0017 0.0029 0.0073 0.7907 0.1483 
22678496 2 0.0164 0.0144 0.0045 0.0022 0.0013 0.0009 0.0008 0.0008 0.0008 0.0010 0.0013 0.0025 0.0053 0.0027 0.0013 0.0009 0.0008 0.0007 0.0007 0.0008 0.0011 0.0018 0.0041 0.0157 0.6383 0.2790 
22678518 2 0.0127 0.0113 0.0039 0.0019 0.0012 0.0009 0.0008 0.0009 0.0010 0.0012 0.0017 0.0032 0.0061 0.0034 0.0017 0.0012 0.0009 0.0008 0.0008 0.0009 0.0011 0.0017 0.0035 0.0119 0.6969 0.2283 
22678622 1 0.0043 0.0039 0.0013 0.0008 0.0005 0.0005 0.0004 0.0004 0.0005 0.0006 0.0010 0.0021 0.0038 0.0020 0.0010 0.0007 0.0005 0.0005 0.0005 0.0005 0.0006 0.0008 0.0014 0.0037 0.8862 0.0815 
22678646 3 0.0052 0.0047 0.0016 0.0009 0.0006 0.0005 0.0005 0.0005 0.0006 0.0007 0.0011 0.0021 0.0037 0.0020 0.0011 0.0008 0.0006 0.0006 0.0005 0.0006 0.0007 0.0010 0.0017 0.0046 0.8649 0.0984 
22678670 1 0.0078 0.0069 0.0021 0.0011 0.0008 0.0006 0.0006 0.0006 0.0006 0.0008 0.0012 0.0022 0.0034 0.0022 0.0012 0.0009 0.0007 0.0007 0.0007 0.0007 0.0009 0.0012 0.0021 0.0068 0.8119 0.1413 
22678694 3 0.0073 0.0065 0.0021 0.0011 0.0008 0.0007 0.0006 0.0006 0.0007 0.0009 0.0013 0.0024 0.0037 0.0024 0.0014 0.0010 0.0008 0.0007 0.0007 0.0008 0.0009 0.0012 0.0021 0.0064 0.8162 0.1368 
22678788 2 0.0141 0.0126 0.0043 0.0023 0.0015 0.0012 0.0011 0.0012 0.0013 0.0016 0.0022 0.0043 0.0088 0.0045 0.0024 0.0018 0.0014 0.0013 0.0012 0.0013 0.0016 0.0024 0.0043 0.0131 0.6405 0.2674 
22678810 2 0.0093 0.0075 0.0040 0.0027 0.0020 0.0018 0.0016 0.0017 0.0019 0.0023 0.0030 0.0049 0.0084 0.0053 0.0033 0.0025 0.0020 0.0019 0.0018 0.0019 0.0022 0.0028 0.0040 0.0079 0.7422 0.1710 
22678832 2 0.0170 0.0147 0.0054 0.0030 0.0020 0.0016 0.0014 0.0015 0.0017 0.0022 0.0030 0.0053 0.0095 0.0055 0.0031 0.0023 0.0018 0.0017 0.0016 0.0018 0.0022 0.0032 0.0055 0.0153 0.5792 0.3089 
22678856 2 0.0137 0.0116 0.0046 0.0028 0.0019 0.0015 0.0013 0.0013 0.0015 0.0018 0.0025 0.0045 0.0075 0.0050 0.0027 0.0019 0.0016 0.0015 0.0014 0.0016 0.0019 0.0027 0.0047 0.0124 0.6590 0.2472 
22678952 4 0.0086 0.0078 0.0031 0.0019 0.0013 0.0011 0.0010 0.0011 0.0012 0.0015 0.0019 0.0031 0.0064 0.0030 0.0019 0.0015 0.0013 0.0012 0.0011 0.0012 0.0014 0.0019 0.0031 0.0082 0.7615 0.1728 
22678980 2 0.0098 0.0087 0.0040 0.0024 0.0017 0.0014 0.0014 0.0015 0.0016 0.0020 0.0024 0.0037 0.0079 0.0037 0.0025 0.0021 0.0017 0.0016 0.0015 0.0016 0.0019 0.0025 0.0040 0.0091 0.7259 0.1932 
22679008 4 0.0138 0.0123 0.0048 0.0027 0.0019 0.0015 0.0014 0.0014 0.0016 0.0019 0.0024 0.0038 0.0072 0.0040 0.0025 0.0020 0.0017 0.0016 0.0015 0.0017 0.0020 0.0028 0.0048 0.0129 0.6451 0.2605 
22679036 2 0.0138 0.0124 0.0046 0.0025 0.0016 0.0013 0.0012 0.0012 0.0013 0.0016 0.0020 0.0032 0.0065 0.0034 0.0021 0.0017 0.0014 0.0013 0.0013 0.0014 0.0018 0.0026 0.0046 0.0136 0.6490 0.2624 
24054996 1 0.0090 0.0080 0.0022 0.0010 0.0006 0.0004 0.0004 0.0004 0.0005 0.0006 0.0010 0.0022 0.0045 0.0021 0.0010 0.0007 0.0005 0.0005 0.0004 0.0005 0.0006 0.0010 0.0022 0.0082 0.7895 0.1620 
24055024 2 0.0077 0.0070 0.0018 0.0008 0.0004 0.0003 0.0003 0.0003 0.0003 0.0004 0.0005 0.0013 0.0032 0.0012 0.0005 0.0004 0.0003 0.0003 0.0003 0.0003 0.0004 0.0007 0.0017 0.0072 0.8259 0.1367 
24055052 1 0.0064 0.0058 0.0016 0.0007 0.0004 0.0003 0.0003 0.0003 0.0004 0.0005 0.0008 0.0018 0.0036 0.0017 0.0008 0.0005 0.0003 0.0003 0.0003 0.0003 0.0004 0.0007 0.0014 0.0059 0.8487 0.1160 
24055078 2 0.0061 0.0056 0.0013 0.0005 0.0003 0.0002 0.0002 0.0002 0.0002 0.0003 0.0005 0.0013 0.0027 0.0012 0.0005 0.0003 0.0002 0.0002 0.0002 0.0002 0.0003 0.0005 0.0012 0.0057 0.8617 0.1084 
24055148 5 0.0140 0.0116 0.0052 0.0033 0.0024 0.0020 0.0018 0.0019 0.0021 0.0024 0.0029 0.0045 0.0090 0.0049 0.0033 0.0027 0.0023 0.0022 0.0020 0.0022 0.0026 0.0034 0.0052 0.0124 0.6379 0.2560 
24055176 2 0.0120 0.0102 0.0041 0.0024 0.0017 0.0013 0.0012 0.0012 0.0013 0.0016 0.0019 0.0031 0.0065 0.0033 0.0021 0.0017 0.0015 0.0014 0.0014 0.0015 0.0018 0.0024 0.0040 0.0105 0.7030 0.2169 
24055204 5 0.0105 0.0089 0.0036 0.0021 0.0014 0.0012 0.0011 0.0011 0.0012 0.0015 0.0018 0.0029 0.0067 0.0029 0.0019 0.0016 0.0014 0.0013 0.0012 0.0013 0.0016 0.0022 0.0038 0.0096 0.7286 0.1986 
24055274 5 0.0154 0.0136 0.0048 0.0025 0.0016 0.0012 0.0010 0.0010 0.0011 0.0012 0.0015 0.0026 0.0055 0.0026 0.0015 0.0012 0.0010 0.0010 0.0010 0.0012 0.0015 0.0024 0.0046 0.0149 0.6404 0.2738 
24055328 3 0.0163 0.0144 0.0044 0.0022 0.0013 0.0010 0.0008 0.0009 0.0009 0.0010 0.0013 0.0023 0.0054 0.0023 0.0012 0.0009 0.0008 0.0008 0.0008 0.0009 0.0013 0.0021 0.0044 0.0157 0.6328 0.2838 
24055356 5 0.0147 0.0130 0.0044 0.0022 0.0013 0.0010 0.0008 0.0008 0.0009 0.0011 0.0014 0.0026 0.0060 0.0027 0.0013 0.0010 0.0008 0.0008 0.0008 0.0009 0.0013 0.0020 0.0041 0.0137 0.6630 0.2573 
24055382 3 0.0137 0.0120 0.0039 0.0020 0.0012 0.0009 0.0008 0.0008 0.0008 0.0010 0.0012 0.0022 0.0055 0.0022 0.0012 0.0008 0.0007 0.0007 0.0007 0.0008 0.0011 0.0019 0.0038 0.0132 0.6873 0.2396 
24055444 4 0.0151 0.0135 0.0057 0.0032 0.0020 0.0015 0.0013 0.0013 0.0014 0.0016 0.0020 0.0031 0.0047 0.0049 0.0036 0.0031 0.0022 0.0021 0.0018 0.0022 0.0027 0.0041 0.0071 0.0181 0.5794 0.3122 
24055464 4 0.0176 0.0152 0.0068 0.0038 0.0024 0.0018 0.0015 0.0015 0.0016 0.0018 0.0023 0.0038 0.0078 0.0053 0.0028 0.0021 0.0017 0.0017 0.0016 0.0020 0.0025 0.0039 0.0071 0.0175 0.5454 0.3384 
24055484 4 0.0141 0.0127 0.0053 0.0029 0.0019 0.0014 0.0012 0.0012 0.0013 0.0016 0.0020 0.0036 0.0076 0.0062 0.0034 0.0027 0.0019 0.0017 0.0015 0.0018 0.0022 0.0036 0.0066 0.0169 0.6010 0.2933 
24055502 4 0.0129 0.0114 0.0052 0.0028 0.0018 0.0013 0.0011 0.0011 0.0012 0.0014 0.0018 0.0032 0.0081 0.0040 0.0021 0.0017 0.0013 0.0012 0.0012 0.0015 0.0019 0.0030 0.0056 0.0132 0.6568 0.2530 
24055572 2 0.0125 0.0109 0.0045 0.0026 0.0018 0.0014 0.0012 0.0012 0.0013 0.0016 0.0019 0.0031 0.0058 0.0032 0.0020 0.0017 0.0014 0.0014 0.0014 0.0016 0.0019 0.0026 0.0044 0.0119 0.6853 0.2314 
24055600 4 0.0119 0.0105 0.0041 0.0023 0.0015 0.0012 0.0010 0.0010 0.0011 0.0014 0.0017 0.0027 0.0058 0.0028 0.0018 0.0014 0.0012 0.0012 0.0012 0.0013 0.0016 0.0023 0.0039 0.0111 0.7040 0.2201 
24055628 2 0.0091 0.0080 0.0032 0.0018 0.0013 0.0010 0.0010 0.0009 0.0010 0.0012 0.0015 0.0026 0.0058 0.0026 0.0016 0.0013 0.0011 0.0010 0.0010 0.0011 0.0013 0.0018 0.0030 0.0083 0.7657 0.1720 
24055654 4 0.0090 0.0080 0.0033 0.0019 0.0013 0.0010 0.0009 0.0009 0.0010 0.0011 0.0014 0.0025 0.0058 0.0025 0.0015 0.0012 0.0010 0.0010 0.0010 0.0011 0.0013 0.0018 0.0030 0.0083 0.7671 0.1712 
24055724 2 0.0171 0.0147 0.0061 0.0036 0.0025 0.0020 0.0018 0.0018 0.0020 0.0023 0.0029 0.0048 0.0088 0.0049 0.0031 0.0025 0.0021 0.0020 0.0019 0.0022 0.0025 0.0035 0.0058 0.0152 0.5711 0.3129 
24055752 2 0.0159 0.0138 0.0056 0.0033 0.0024 0.0020 0.0019 0.0020 0.0022 0.0026 0.0033 0.0054 0.0093 0.0056 0.0035 0.0028 0.0023 0.0022 0.0021 0.0022 0.0026 0.0035 0.0057 0.0141 0.5833 0.3002 
24055780 2 0.0128 0.0111 0.0048 0.0028 0.0020 0.0017 0.0016 0.0017 0.0019 0.0022 0.0030 0.0051 0.0101 0.0052 0.0031 0.0024 0.0019 0.0018 0.0017 0.0018 0.0020 0.0028 0.0047 0.0116 0.6553 0.2451 
24055806 2 0.0087 0.0076 0.0033 0.0020 0.0015 0.0012 0.0012 0.0013 0.0015 0.0018 0.0025 0.0046 0.0088 0.0046 0.0027 0.0020 0.0016 0.0014 0.0013 0.0014 0.0016 0.0021 0.0033 0.0077 0.7532 0.1710 
24055876 2 0.0190 0.0170 0.0050 0.0022 0.0012 0.0009 0.0007 0.0008 0.0008 0.0010 0.0013 0.0025 0.0053 0.0026 0.0013 0.0009 0.0007 0.0007 0.0006 0.0008 0.0011 0.0020 0.0048 0.0192 0.5772 0.3302 
24055904 2 0.0198 0.0176 0.0053 0.0025 0.0014 0.0010 0.0009 0.0009 0.0009 0.0011 0.0014 0.0024 0.0055 0.0025 0.0014 0.0010 0.0008 0.0008 0.0008 0.0009 0.0013 0.0022 0.0051 0.0198 0.5572 0.3454 
24055932 2 0.0191 0.0172 0.0045 0.0019 0.0010 0.0007 0.0006 0.0006 0.0006 0.0007 0.0009 0.0018 0.0049 0.0018 0.0008 0.0006 0.0005 0.0004 0.0004 0.0005 0.0008 0.0016 0.0040 0.0182 0.5960 0.3199 
24055958 2 0.0182 0.0163 0.0045 0.0020 0.0011 0.0008 0.0006 0.0006 0.0007 0.0008 0.0010 0.0018 0.0054 0.0020 0.0009 0.0007 0.0005 0.0005 0.0005 0.0006 0.0009 0.0017 0.0043 0.0183 0.6017 0.3133 
24058660 2 0.0154 0.0139 0.0052 0.0027 0.0016 0.0012 0.0011 0.0011 0.0013 0.0015 0.0020 0.0036 0.0077 0.0039 0.0020 0.0015 0.0012 0.0011 0.0011 0.0012 0.0016 0.0025 0.0047 0.0147 0.6237 0.2825 
24058686 4 0.0144 0.0124 0.0065 0.0039 0.0026 0.0020 0.0018 0.0018 0.0019 0.0023 0.0029 0.0048 0.0099 0.0051 0.0032 0.0025 0.0021 0.0020 0.0020 0.0022 0.0027 0.0037 0.0061 0.0132 0.6152 0.2729 
24058712 2 0.0175 0.0157 0.0055 0.0028 0.0017 0.0012 0.0011 0.0011 0.0012 0.0014 0.0018 0.0032 0.0068 0.0033 0.0018 0.0014 0.0011 0.0011 0.0011 0.0013 0.0017 0.0027 0.0051 0.0169 0.5831 0.3184 
24058738 4 0.0173 0.0157 0.0059 0.0032 0.0020 0.0015 0.0013 0.0014 0.0015 0.0019 0.0024 0.0038 0.0074 0.0041 0.0025 0.0019 0.0016 0.0015 0.0015 0.0017 0.0022 0.0031 0.0057 0.0173 0.5688 0.3228 
24065252 5 0.0096 0.0079 0.0044 0.0031 0.0023 0.0020 0.0017 0.0019 0.0020 0.0024 0.0029 0.0041 0.0059 0.0060 0.0043 0.0036 0.0028 0.0027 0.0024 0.0027 0.0030 0.0041 0.0056 0.0112 0.7096 0.1918 
24065270 1 0.0116 0.0094 0.0050 0.0032 0.0022 0.0018 0.0015 0.0015 0.0015 0.0018 0.0021 0.0032 0.0062 0.0037 0.0025 0.0021 0.0018 0.0017 0.0017 0.0020 0.0024 0.0034 0.0053 0.0110 0.6994 0.2120 
24065288 5 0.0073 0.0058 0.0036 0.0026 0.0019 0.0016 0.0014 0.0015 0.0016 0.0019 0.0024 0.0037 0.0057 0.0052 0.0035 0.0029 0.0022 0.0021 0.0019 0.0021 0.0022 0.0029 0.0040 0.0073 0.7812 0.1414 
24065308 1 0.0100 0.0084 0.0045 0.0029 0.0020 0.0017 0.0014 0.0015 0.0015 0.0018 0.0021 0.0036 0.0077 0.0042 0.0026 0.0022 0.0018 0.0018 0.0016 0.0019 0.0023 0.0032 0.0051 0.0102 0.7215 0.1927 
24065380 2 0.0167 0.0150 0.0058 0.0033 0.0022 0.0018 0.0015 0.0016 0.0018 0.0022 0.0029 0.0048 0.0096 0.0054 0.0031 0.0024 0.0019 0.0017 0.0016 0.0018 0.0023 0.0033 0.0058 0.0167 0.5621 0.3228 
24065408 4 0.0161 0.0142 0.0061 0.0037 0.0025 0.0019 0.0017 0.0019 0.0021 0.0025 0.0032 0.0055 0.0098 0.0061 0.0036 0.0027 0.0023 0.0020 0.0019 0.0021 0.0026 0.0036 0.0059 0.0153 0.5720 0.3085 
24065434 2 0.0136 0.0124 0.0046 0.0026 0.0017 0.0014 0.0012 0.0013 0.0014 0.0017 0.0021 0.0036 0.0082 0.0038 0.0022 0.0017 0.0014 0.0013 0.0012 0.0014 0.0017 0.0024 0.0044 0.0132 0.6445 0.2653 
24065460 4 0.0130 0.0116 0.0049 0.0030 0.0021 0.0017 0.0016 0.0016 0.0018 0.0021 0.0027 0.0044 0.0093 0.0050 0.0030 0.0024 0.0019 0.0017 0.0017 0.0018 0.0021 0.0028 0.0047 0.0122 0.6444 0.2565 
24065530 4 0.0129 0.0111 0.0048 0.0031 0.0024 0.0022 0.0022 0.0024 0.0027 0.0033 0.0044 0.0071 0.0119 0.0075 0.0046 0.0035 0.0029 0.0026 0.0024 0.0025 0.0028 0.0034 0.0048 0.0114 0.6307 0.2503 
24065556 2 0.0127 0.0107 0.0048 0.0032 0.0025 0.0022 0.0022 0.0023 0.0025 0.0030 0.0037 0.0055 0.0097 0.0058 0.0039 0.0031 0.0027 0.0024 0.0023 0.0024 0.0025 0.0032 0.0048 0.0109 0.6449 0.2460 
24065584 4 0.0078 0.0068 0.0029 0.0020 0.0016 0.0015 0.0014 0.0016 0.0018 0.0021 0.0027 0.0050 0.0093 0.0052 0.0030 0.0023 0.0019 0.0017 0.0016 0.0016 0.0018 0.0022 0.0031 0.0070 0.7698 0.1525 
24065612 2 0.0097 0.0082 0.0036 0.0024 0.0019 0.0017 0.0017 0.0017 0.0019 0.0023 0.0029 0.0048 0.0090 0.0048 0.0030 0.0024 0.0020 0.0018 0.0016 0.0016 0.0018 0.0023 0.0035 0.0084 0.7258 0.1891 
24065680 2 0.0095 0.0084 0.0030 0.0016 0.0010 0.0007 0.0006 0.0006 0.0006 0.0008 0.0010 0.0016 0.0039 0.0018 0.0010 0.0008 0.0007 0.0007 0.0006 0.0008 0.0010 0.0015 0.0030 0.0094 0.7744 0.1709 
24065708 5 0.0091 0.0082 0.0029 0.0015 0.0009 0.0007 0.0006 0.0006 0.0007 0.0008 0.0010 0.0017 0.0038 0.0018 0.0010 0.0008 0.0007 0.0007 0.0006 0.0008 0.0010 0.0015 0.0028 0.0089 0.7815 0.1655 
24065734 2 0.0065 0.0058 0.0022 0.0011 0.0007 0.0005 0.0005 0.0005 0.0005 0.0005 0.0006 0.0012 0.0031 0.0011 0.0006 0.0005 0.0004 0.0004 0.0004 0.0005 0.0007 0.0010 0.0019 0.0061 0.8449 0.1176 
24065760 5 0.0065 0.0058 0.0021 0.0011 0.0007 0.0005 0.0005 0.0005 0.0005 0.0005 0.0006 0.0012 0.0032 0.0011 0.0006 0.0005 0.0004 0.0004 0.0004 0.0005 0.0006 0.0010 0.0019 0.0059 0.8476 0.1155 
24065832 2 0.0154 0.0136 0.0059 0.0038 0.0029 0.0025 0.0024 0.0026 0.0029 0.0033 0.0042 0.0058 0.0108 0.0060 0.0043 0.0035 0.0029 0.0027 0.0025 0.0027 0.0030 0.0038 0.0059 0.0142 0.5677 0.3047 
24065860 2 0.0164 0.0145 0.0059 0.0036 0.0026 0.0022 0.0020 0.0021 0.0023 0.0027 0.0035 0.0056 0.0113 0.0060 0.0037 0.0029 0.0025 0.0024 0.0022 0.0024 0.0027 0.0037 0.0059 0.0148 0.5558 0.3200 
24065888 2 0.0112 0.0102 0.0041 0.0025 0.0018 0.0016 0.0016 0.0017 0.0019 0.0023 0.0029 0.0044 0.0087 0.0044 0.0030 0.0024 0.0020 0.0018 0.0016 0.0017 0.0019 0.0025 0.0041 0.0104 0.6778 0.2315 
24065914 2 0.0113 0.0099 0.0045 0.0029 0.0022 0.0019 0.0018 0.0019 0.0022 0.0026 0.0033 0.0054 0.0116 0.0055 0.0034 0.0027 0.0022 0.0021 0.0019 0.0021 0.0024 0.0031 0.0047 0.0100 0.6743 0.2239 
26933772 2 0.0047 0.0040 0.0018 0.0012 0.0009 0.0007 0.0007 0.0007 0.0008 0.0009 0.0012 0.0021 0.0047 0.0022 0.0012 0.0009 0.0007 0.0007 0.0007 0.0007 0.0008 0.0011 0.0017 0.0041 0.8747 0.0863 
26933800 4 0.0055 0.0043 0.0025 0.0018 0.0014 0.0011 0.0010 0.0011 0.0011 0.0013 0.0016 0.0028 0.0060 0.0029 0.0017 0.0014 0.0012 0.0011 0.0010 0.0011 0.0013 0.0016 0.0023 0.0044 0.8533 0.0951 
26933830 2 0.0086 0.0071 0.0034 0.0022 0.0016 0.0013 0.0012 0.0012 0.0014 0.0016 0.0020 0.0034 0.0064 0.0037 0.0022 0.0018 0.0015 0.0014 0.0013 0.0015 0.0017 0.0022 0.0032 0.0075 0.7777 0.1528 
26933860 4 0.0094 0.0077 0.0035 0.0022 0.0015 0.0012 0.0011 0.0011 0.0012 0.0014 0.0017 0.0027 0.0057 0.0029 0.0018 0.0015 0.0013 0.0012 0.0012 0.0013 0.0016 0.0021 0.0034 0.0081 0.7682 0.1649 
27829134 5 0.0104 0.0093 0.0030 0.0016 0.0010 0.0008 0.0007 0.0007 0.0007 0.0008 0.0011 0.0019 0.0049 0.0021 0.0011 0.0009 0.0007 0.0007 0.0007 0.0008 0.0010 0.0015 0.0029 0.0097 0.7507 0.1906 
27829160 1 0.0098 0.0084 0.0038 0.0022 0.0015 0.0012 0.0011 0.0010 0.0011 0.0013 0.0016 0.0027 0.0062 0.0027 0.0016 0.0013 0.0011 0.0010 0.0010 0.0012 0.0015 0.0021 0.0036 0.0089 0.7462 0.1858 
27829188 5 0.0161 0.0140 0.0043 0.0023 0.0015 0.0011 0.0010 0.0010 0.0011 0.0013 0.0016 0.0027 0.0061 0.0030 0.0017 0.0014 0.0011 0.0011 0.0011 0.0012 0.0015 0.0023 0.0043 0.0145 0.6313 0.2813 
27829216 1 0.0160 0.0140 0.0041 0.0020 0.0012 0.0009 0.0008 0.0008 0.0008 0.0010 0.0013 0.0023 0.0051 0.0024 0.0013 0.0010 0.0008 0.0008 0.0008 0.0010 0.0013 0.0020 0.0040 0.0147 0.6417 0.2775 
30011484 2 0.0077 0.0067 0.0019 0.0009 0.0006 0.0004 0.0003 0.0003 0.0004 0.0005 0.0008 0.0018 0.0043 0.0019 0.0008 0.0005 0.0004 0.0004 0.0004 0.0004 0.0006 0.0009 0.0019 0.0069 0.8279 0.1304 
30011508 4 0.0062 0.0052 0.0023 0.0013 0.0009 0.0007 0.0006 0.0006 0.0006 0.0008 0.0011 0.0023 0.0049 0.0024 0.0011 0.0008 0.0007 0.0006 0.0006 0.0007 0.0009 0.0013 0.0023 0.0055 0.8450 0.1107 
30011530 2 0.0137 0.0119 0.0035 0.0017 0.0010 0.0007 0.0006 0.0006 0.0006 0.0007 0.0010 0.0022 0.0045 0.0025 0.0010 0.0008 0.0006 0.0006 0.0006 0.0008 0.0010 0.0016 0.0034 0.0121 0.7037 0.2287 
30011552 4 0.0137 0.0119 0.0035 0.0017 0.0010 0.0007 0.0006 0.0005 0.0006 0.0007 0.0009 0.0018 0.0042 0.0021 0.0010 0.0007 0.0006 0.0006 0.0006 0.0008 0.0010 0.0016 0.0033 0.0122 0.7057 0.2280 
30011648 2 0.0131 0.0112 0.0044 0.0025 0.0016 0.0013 0.0011 0.0011 0.0011 0.0013 0.0015 0.0030 0.0065 0.0032 0.0016 0.0013 0.0011 0.0011 0.0011 0.0012 0.0015 0.0022 0.0041 0.0120 0.6893 0.2305 
30011674 5 0.0129 0.0107 0.0052 0.0032 0.0023 0.0018 0.0017 0.0017 0.0017 0.0020 0.0024 0.0040 0.0089 0.0042 0.0026 0.0022 0.0018 0.0018 0.0017 0.0019 0.0024 0.0032 0.0051 0.0117 0.6707 0.2323 
30011700 2 0.0174 0.0147 0.0056 0.0032 0.0021 0.0016 0.0014 0.0013 0.0013 0.0015 0.0017 0.0030 0.0057 0.0031 0.0018 0.0015 0.0013 0.0013 0.0014 0.0016 0.0020 0.0029 0.0052 0.0155 0.6043 0.2974 
30011728 5 0.0176 0.0150 0.0058 0.0033 0.0021 0.0017 0.0014 0.0014 0.0015 0.0016 0.0020 0.0031 0.0063 0.0032 0.0019 0.0017 0.0014 0.0014 0.0014 0.0016 0.0020 0.0030 0.0054 0.0161 0.5915 0.3065 
30011798 2 0.0092 0.0080 0.0030 0.0017 0.0010 0.0008 0.0007 0.0007 0.0008 0.0010 0.0014 0.0027 0.0055 0.0027 0.0014 0.0010 0.0008 0.0007 0.0007 0.0009 0.0011 0.0016 0.0029 0.0083 0.7768 0.1644 
30011824 4 0.0101 0.0085 0.0047 0.0030 0.0021 0.0017 0.0015 0.0015 0.0017 0.0020 0.0025 0.0040 0.0078 0.0042 0.0029 0.0024 0.0020 0.0019 0.0019 0.0021 0.0025 0.0033 0.0047 0.0090 0.7213 0.1907 
30011850 2 0.0119 0.0102 0.0043 0.0025 0.0016 0.0012 0.0011 0.0011 0.0011 0.0013 0.0016 0.0028 0.0055 0.0030 0.0018 0.0014 0.0012 0.0012 0.0012 0.0014 0.0018 0.0024 0.0040 0.0107 0.7126 0.2112 
30318068 4 0.0147 0.0125 0.0050 0.0029 0.0019 0.0015 0.0013 0.0014 0.0015 0.0018 0.0023 0.0039 0.0073 0.0043 0.0025 0.0019 0.0016 0.0016 0.0016 0.0018 0.0021 0.0030 0.0050 0.0136 0.6375 0.2656 
50993400 2 0.0195 0.0171 0.0056 0.0028 0.0017 0.0013 0.0011 0.0010 0.0011 0.0013 0.0017 0.0031 0.0069 0.0032 0.0017 0.0014 0.0011 0.0011 0.0011 0.0013 0.0017 0.0026 0.0053 0.0184 0.5546 0.3423 
50993424 2 0.0179 0.0161 0.0050 0.0025 0.0014 0.0011 0.0009 0.0009 0.0009 0.0011 0.0015 0.0029 0.0065 0.0029 0.0015 0.0011 0.0009 0.0009 0.0008 0.0010 0.0013 0.0022 0.0047 0.0172 0.5873 0.3195 
50993616 2 0.0241 0.0211 0.0065 0.0033 0.0021 0.0016 0.0014 0.0013 0.0014 0.0016 0.0021 0.0038 0.0069 0.0041 0.0023 0.0018 0.0014 0.0014 0.0013 0.0015 0.0020 0.0031 0.0063 0.0225 0.4468 0.4285 
50993644 2 0.0146 0.0131 0.0047 0.0026 0.0017 0.0013 0.0012 0.0013 0.0014 0.0018 0.0023 0.0039 0.0069 0.0040 0.0024 0.0018 0.0014 0.0013 0.0012 0.0013 0.0016 0.0023 0.0044 0.0142 0.6325 0.2748 
50993672 2 0.0140 0.0124 0.0043 0.0024 0.0016 0.0013 0.0011 0.0012 0.0013 0.0016 0.0020 0.0035 0.0066 0.0036 0.0021 0.0016 0.0013 0.0012 0.0012 0.0013 0.0016 0.0023 0.0042 0.0135 0.6546 0.2580 
50993696 2 0.0073 0.0065 0.0029 0.0018 0.0013 0.0011 0.0010 0.0011 0.0012 0.0014 0.0019 0.0033 0.0064 0.0034 0.0020 0.0015 0.0012 0.0011 0.0010 0.0011 0.0013 0.0017 0.0028 0.0070 0.7948 0.1438 
50993788 2 0.0126 0.0108 0.0044 0.0027 0.0019 0.0016 0.0015 0.0016 0.0018 0.0022 0.0028 0.0047 0.0073 0.0048 0.0029 0.0023 0.0019 0.0018 0.0016 0.0017 0.0020 0.0027 0.0044 0.0118 0.6747 0.2314 
50993816 2 0.0194 0.0171 0.0063 0.0035 0.0024 0.0019 0.0017 0.0018 0.0020 0.0025 0.0030 0.0045 0.0084 0.0048 0.0031 0.0026 0.0021 0.0020 0.0019 0.0022 0.0026 0.0036 0.0064 0.0187 0.5107 0.3645 
50993840 2 0.0105 0.0090 0.0037 0.0023 0.0017 0.0015 0.0014 0.0015 0.0017 0.0020 0.0026 0.0043 0.0072 0.0043 0.0027 0.0022 0.0018 0.0016 0.0015 0.0016 0.0018 0.0024 0.0038 0.0097 0.7210 0.1965 
50993868 2 0.0172 0.0154 0.0052 0.0028 0.0019 0.0015 0.0014 0.0015 0.0017 0.0021 0.0025 0.0041 0.0077 0.0042 0.0026 0.0021 0.0018 0.0017 0.0016 0.0018 0.0021 0.0031 0.0056 0.0169 0.5617 0.3299 
50993896 2 0.0127 0.0106 0.0053 0.0034 0.0025 0.0021 0.0020 0.0022 0.0024 0.0030 0.0038 0.0062 0.0108 0.0066 0.0042 0.0033 0.0027 0.0025 0.0023 0.0024 0.0028 0.0035 0.0052 0.0116 0.6549 0.2310 
50993920 2 0.0207 0.0177 0.0077 0.0048 0.0034 0.0029 0.0026 0.0028 0.0030 0.0036 0.0043 0.0062 0.0107 0.0066 0.0046 0.0039 0.0033 0.0032 0.0031 0.0034 0.0040 0.0053 0.0082 0.0198 0.4593 0.3848 
50993948 2 0.0102 0.0084 0.0042 0.0027 0.0021 0.0018 0.0018 0.0019 0.0021 0.0025 0.0031 0.0050 0.0095 0.0052 0.0034 0.0027 0.0023 0.0022 0.0020 0.0022 0.0024 0.0030 0.0042 0.0092 0.7184 0.1875 
50993976 2 0.0149 0.0131 0.0055 0.0033 0.0024 0.0020 0.0019 0.0021 0.0023 0.0027 0.0034 0.0051 0.0100 0.0054 0.0036 0.0030 0.0025 0.0024 0.0023 0.0025 0.0029 0.0038 0.0059 0.0144 0.5892 0.2933 
50994112 2 0.0107 0.0095 0.0025 0.0011 0.0006 0.0004 0.0003 0.0003 0.0003 0.0004 0.0006 0.0013 0.0024 0.0013 0.0006 0.0004 0.0003 0.0003 0.0003 0.0004 0.0006 0.0010 0.0023 0.0098 0.7721 0.1801 
50994136 1 0.0070 0.0061 0.0024 0.0014 0.0010 0.0008 0.0007 0.0007 0.0008 0.0009 0.0013 0.0025 0.0058 0.0032 0.0014 0.0010 0.0008 0.0008 0.0007 0.0008 0.0009 0.0013 0.0022 0.0064 0.8193 0.1298 
50994164 2 0.0064 0.0057 0.0016 0.0007 0.0004 0.0003 0.0003 0.0003 0.0003 0.0004 0.0006 0.0013 0.0027 0.0012 0.0006 0.0004 0.0003 0.0003 0.0002 0.0003 0.0004 0.0006 0.0014 0.0058 0.8575 0.1101 
50994192 1 0.0045 0.0039 0.0014 0.0008 0.0005 0.0004 0.0004 0.0004 0.0005 0.0007 0.0011 0.0020 0.0041 0.0020 0.0011 0.0007 0.0005 0.0004 0.0004 0.0004 0.0005 0.0008 0.0013 0.0039 0.8842 0.0826 
50994272 4 0.0066 0.0057 0.0021 0.0011 0.0007 0.0006 0.0005 0.0005 0.0006 0.0007 0.0009 0.0017 0.0038 0.0018 0.0009 0.0007 0.0005 0.0005 0.0005 0.0006 0.0007 0.0010 0.0018 0.0058 0.8413 0.1184 
50994300 2 0.0045 0.0040 0.0014 0.0008 0.0005 0.0004 0.0003 0.0003 0.0004 0.0005 0.0007 0.0016 0.0039 0.0016 0.0007 0.0005 0.0004 0.0004 0.0003 0.0004 0.0005 0.0007 0.0014 0.0041 0.8871 0.0827 
50994328 2 0.0093 0.0083 0.0028 0.0015 0.0010 0.0007 0.0007 0.0007 0.0007 0.0009 0.0012 0.0023 0.0047 0.0024 0.0014 0.0010 0.0008 0.0007 0.0007 0.0008 0.0009 0.0014 0.0026 0.0083 0.7763 0.1681 
50994352 4 0.0096 0.0084 0.0029 0.0016 0.0011 0.0008 0.0008 0.0008 0.0008 0.0010 0.0013 0.0026 0.0054 0.0027 0.0015 0.0011 0.0009 0.0009 0.0008 0.0009 0.0010 0.0015 0.0028 0.0085 0.7654 0.1748 
50994380 2 0.0049 0.0044 0.0016 0.0009 0.0006 0.0004 0.0004 0.0005 0.0005 0.0007 0.0009 0.0019 0.0042 0.0019 0.0010 0.0007 0.0005 0.0005 0.0004 0.0005 0.0005 0.0008 0.0014 0.0044 0.8733 0.0923 
50994408 2 0.0045 0.0040 0.0015 0.0009 0.0006 0.0005 0.0004 0.0005 0.0005 0.0007 0.0009 0.0020 0.0041 0.0020 0.0009 0.0007 0.0005 0.0005 0.0004 0.0004 0.0005 0.0008 0.0013 0.0040 0.8826 0.0843 
50994536 2 0.0154 0.0137 0.0038 0.0018 0.0011 0.0008 0.0007 0.0007 0.0008 0.0009 0.0012 0.0025 0.0053 0.0026 0.0012 0.0009 0.0007 0.0007 0.0007 0.0008 0.0011 0.0018 0.0037 0.0142 0.6541 0.2687 
50994560 2 0.0105 0.0095 0.0027 0.0013 0.0008 0.0006 0.0005 0.0005 0.0006 0.0007 0.0009 0.0019 0.0044 0.0019 0.0009 0.0007 0.0005 0.0005 0.0005 0.0006 0.0007 0.0012 0.0026 0.0100 0.7566 0.1887 
50994588 2 0.0146 0.0129 0.0045 0.0023 0.0014 0.0011 0.0009 0.0010 0.0010 0.0012 0.0016 0.0028 0.0063 0.0029 0.0017 0.0013 0.0011 0.0010 0.0010 0.0012 0.0015 0.0023 0.0044 0.0136 0.6544 0.2621 
50994616 2 0.0109 0.0098 0.0034 0.0018 0.0011 0.0008 0.0008 0.0008 0.0008 0.0010 0.0013 0.0024 0.0053 0.0024 0.0013 0.0010 0.0008 0.0008 0.0007 0.0008 0.0011 0.0017 0.0032 0.0103 0.7355 0.2002 
50994704 1 0.0074 0.0067 0.0025 0.0014 0.0010 0.0008 0.0007 0.0008 0.0009 0.0011 0.0016 0.0032 0.0065 0.0033 0.0017 0.0012 0.0009 0.0008 0.0008 0.0008 0.0010 0.0014 0.0025 0.0070 0.8001 0.1440 
50994732 1 0.0120 0.0108 0.0038 0.0020 0.0013 0.0011 0.0010 0.0010 0.0012 0.0015 0.0020 0.0032 0.0058 0.0032 0.0020 0.0015 0.0012 0.0011 0.0010 0.0011 0.0013 0.0019 0.0035 0.0111 0.6964 0.2282 
50994760 1 0.0110 0.0098 0.0035 0.0019 0.0013 0.0011 0.0010 0.0010 0.0011 0.0013 0.0018 0.0033 0.0065 0.0038 0.0020 0.0015 0.0012 0.0012 0.0011 0.0012 0.0014 0.0020 0.0035 0.0104 0.7201 0.2062 
50994788 1 0.0084 0.0077 0.0025 0.0012 0.0008 0.0006 0.0006 0.0006 0.0007 0.0009 0.0013 0.0026 0.0051 0.0026 0.0013 0.0009 0.0007 0.0006 0.0006 0.0006 0.0008 0.0012 0.0024 0.0079 0.7875 0.1595 
50994816 1 0.0099 0.0087 0.0036 0.0022 0.0015 0.0013 0.0012 0.0013 0.0015 0.0019 0.0025 0.0041 0.0073 0.0042 0.0026 0.0020 0.0016 0.0014 0.0013 0.0013 0.0015 0.0021 0.0034 0.0091 0.7291 0.1933 
50994840 4 0.0097 0.0086 0.0034 0.0020 0.0014 0.0012 0.0011 0.0012 0.0014 0.0017 0.0023 0.0040 0.0072 0.0042 0.0026 0.0019 0.0015 0.0014 0.0012 0.0013 0.0014 0.0019 0.0034 0.0093 0.7328 0.1918 
50994868 1 0.0073 0.0066 0.0026 0.0015 0.0010 0.0009 0.0008 0.0009 0.0010 0.0014 0.0019 0.0034 0.0070 0.0034 0.0020 0.0014 0.0011 0.0009 0.0009 0.0009 0.0010 0.0015 0.0025 0.0068 0.7949 0.1464 
50994896 4 0.0073 0.0066 0.0025 0.0014 0.0009 0.0008 0.0007 0.0008 0.0010 0.0012 0.0017 0.0031 0.0063 0.0032 0.0018 0.0013 0.0010 0.0009 0.0008 0.0008 0.0010 0.0014 0.0024 0.0068 0.7991 0.1454 
50995760 2 0.0156 0.0138 0.0032 0.0013 0.0007 0.0005 0.0004 0.0004 0.0004 0.0005 0.0006 0.0015 0.0034 0.0015 0.0006 0.0004 0.0003 0.0003 0.0003 0.0004 0.0006 0.0011 0.0030 0.0143 0.6807 0.2541 
50995788 2 0.0109 0.0097 0.0022 0.0009 0.0004 0.0003 0.0003 0.0003 0.0003 0.0004 0.0006 0.0016 0.0037 0.0015 0.0005 0.0003 0.0002 0.0002 0.0002 0.0003 0.0004 0.0008 0.0021 0.0101 0.7745 0.1776 
50995872 1 0.0189 0.0166 0.0047 0.0022 0.0013 0.0009 0.0007 0.0006 0.0007 0.0008 0.0011 0.0021 0.0043 0.0022 0.0011 0.0008 0.0007 0.0007 0.0007 0.0009 0.0012 0.0020 0.0044 0.0173 0.5914 0.3217 
50995900 1 0.0141 0.0126 0.0035 0.0016 0.0009 0.0006 0.0005 0.0005 0.0006 0.0007 0.0009 0.0021 0.0047 0.0021 0.0010 0.0007 0.0006 0.0005 0.0005 0.0007 0.0009 0.0015 0.0033 0.0127 0.6917 0.2404 
50995964 2 0.0171 0.0151 0.0039 0.0018 0.0010 0.0006 0.0005 0.0005 0.0005 0.0006 0.0008 0.0016 0.0039 0.0017 0.0008 0.0007 0.0005 0.0006 0.0006 0.0008 0.0011 0.0018 0.0039 0.0157 0.6372 0.2868 
50995992 2 0.0132 0.0117 0.0030 0.0013 0.0007 0.0005 0.0004 0.0004 0.0004 0.0005 0.0007 0.0016 0.0041 0.0016 0.0007 0.0005 0.0004 0.0004 0.0004 0.0005 0.0008 0.0013 0.0030 0.0120 0.7171 0.2225 
50996056 2 0.0139 0.0122 0.0032 0.0014 0.0009 0.0006 0.0005 0.0005 0.0005 0.0006 0.0008 0.0016 0.0039 0.0017 0.0008 0.0006 0.0005 0.0004 0.0004 0.0005 0.0007 0.0013 0.0030 0.0130 0.7034 0.2332 
50996084 2 0.0146 0.0128 0.0034 0.0015 0.0009 0.0006 0.0005 0.0005 0.0005 0.0005 0.0007 0.0014 0.0039 0.0015 0.0007 0.0005 0.0004 0.0004 0.0004 0.0005 0.0008 0.0013 0.0032 0.0134 0.6937 0.2412 
50996112 2 0.0103 0.0091 0.0023 0.0010 0.0006 0.0004 0.0003 0.0003 0.0003 0.0004 0.0005 0.0012 0.0031 0.0012 0.0005 0.0004 0.0003 0.0003 0.0003 0.0004 0.0005 0.0009 0.0022 0.0095 0.7785 0.1748 
50996136 2 0.0113 0.0100 0.0025 0.0011 0.0006 0.0004 0.0003 0.0003 0.0003 0.0004 0.0005 0.0013 0.0038 0.0013 0.0005 0.0004 0.0003 0.0003 0.0003 0.0004 0.0005 0.0010 0.0024 0.0105 0.7611 0.1883 
50996200 2 0.0126 0.0110 0.0040 0.0022 0.0015 0.0012 0.0011 0.0011 0.0012 0.0015 0.0020 0.0035 0.0071 0.0038 0.0022 0.0017 0.0014 0.0013 0.0012 0.0013 0.0017 0.0023 0.0040 0.0112 0.6828 0.2352 
50996228 2 0.0083 0.0076 0.0024 0.0012 0.0008 0.0006 0.0006 0.0006 0.0007 0.0009 0.0014 0.0027 0.0064 0.0028 0.0015 0.0011 0.0008 0.0007 0.0006 0.0007 0.0009 0.0013 0.0024 0.0076 0.7874 0.1578 
50996324 1 0.0137 0.0122 0.0037 0.0018 0.0011 0.0008 0.0007 0.0007 0.0007 0.0008 0.0009 0.0017 0.0037 0.0018 0.0010 0.0008 0.0007 0.0007 0.0007 0.0008 0.0011 0.0017 0.0034 0.0127 0.6919 0.2404 
50996352 4 0.0141 0.0123 0.0042 0.0023 0.0015 0.0012 0.0010 0.0010 0.0011 0.0013 0.0017 0.0029 0.0056 0.0031 0.0018 0.0014 0.0012 0.0011 0.0011 0.0012 0.0015 0.0021 0.0039 0.0126 0.6713 0.2478 
50996380 1 0.0090 0.0081 0.0026 0.0013 0.0008 0.0006 0.0005 0.0005 0.0006 0.0006 0.0008 0.0015 0.0038 0.0015 0.0008 0.0006 0.0005 0.0005 0.0005 0.0006 0.0007 0.0012 0.0024 0.0083 0.7899 0.1619 
50996408 4 0.0084 0.0076 0.0025 0.0013 0.0008 0.0007 0.0006 0.0006 0.0006 0.0007 0.0008 0.0016 0.0042 0.0016 0.0008 0.0007 0.0006 0.0006 0.0005 0.0006 0.0008 0.0012 0.0023 0.0078 0.7971 0.1549 
50996708 2 0.0120 0.0102 0.0038 0.0021 0.0013 0.0010 0.0009 0.0009 0.0010 0.0011 0.0015 0.0024 0.0044 0.0025 0.0015 0.0011 0.0009 0.0009 0.0009 0.0010 0.0013 0.0020 0.0037 0.0109 0.7205 0.2102 
50996736 2 0.0098 0.0086 0.0029 0.0016 0.0010 0.0008 0.0007 0.0007 0.0008 0.0010 0.0013 0.0023 0.0044 0.0024 0.0013 0.0010 0.0008 0.0007 0.0007 0.0008 0.0010 0.0015 0.0029 0.0092 0.7620 0.1799 
50996800 2 0.0224 0.0201 0.0058 0.0028 0.0016 0.0012 0.0010 0.0010 0.0011 0.0013 0.0016 0.0027 0.0054 0.0028 0.0016 0.0013 0.0010 0.0010 0.0010 0.0011 0.0015 0.0024 0.0054 0.0218 0.4880 0.4030 
50996828 2 0.0151 0.0136 0.0045 0.0023 0.0015 0.0011 0.0010 0.0010 0.0011 0.0013 0.0018 0.0033 0.0068 0.0036 0.0019 0.0014 0.0012 0.0010 0.0010 0.0012 0.0015 0.0022 0.0043 0.0143 0.6297 0.2824 
50996856 2 0.0196 0.0177 0.0050 0.0023 0.0014 0.0010 0.0009 0.0009 0.0010 0.0011 0.0014 0.0026 0.0055 0.0027 0.0014 0.0011 0.0009 0.0008 0.0008 0.0009 0.0013 0.0021 0.0048 0.0192 0.5471 0.3564 
50996880 2 0.0141 0.0127 0.0041 0.0021 0.0013 0.0010 0.0009 0.0009 0.0010 0.0013 0.0018 0.0037 0.0066 0.0039 0.0020 0.0014 0.0010 0.0009 0.0009 0.0010 0.0012 0.0019 0.0038 0.0136 0.6482 0.2684 
50996944 2 0.0140 0.0125 0.0037 0.0018 0.0011 0.0007 0.0006 0.0006 0.0007 0.0008 0.0010 0.0019 0.0042 0.0019 0.0010 0.0008 0.0006 0.0006 0.0006 0.0007 0.0010 0.0016 0.0034 0.0132 0.6878 0.2433 
50996972 2 0.0152 0.0132 0.0039 0.0018 0.0011 0.0008 0.0006 0.0006 0.0006 0.0007 0.0009 0.0020 0.0048 0.0021 0.0010 0.0007 0.0006 0.0006 0.0006 0.0007 0.0010 0.0017 0.0036 0.0139 0.6706 0.2568 
50997000 2 0.0112 0.0100 0.0030 0.0015 0.0009 0.0006 0.0005 0.0005 0.0005 0.0006 0.0008 0.0017 0.0039 0.0017 0.0008 0.0006 0.0005 0.0005 0.0005 0.0006 0.0008 0.0013 0.0028 0.0104 0.7482 0.1957 
50997024 2 0.0101 0.0089 0.0026 0.0013 0.0008 0.0005 0.0005 0.0005 0.0005 0.0006 0.0008 0.0016 0.0041 0.0017 0.0008 0.0006 0.0005 0.0004 0.0004 0.0005 0.0007 0.0011 0.0025 0.0095 0.7727 0.1761 
50997052 1 0.0177 0.0154 0.0069 0.0038 0.0024 0.0018 0.0015 0.0015 0.0015 0.0017 0.0021 0.0037 0.0092 0.0037 0.0023 0.0018 0.0016 0.0016 0.0016 0.0019 0.0025 0.0038 0.0065 0.0162 0.5668 0.3206 
50997080 1 0.0215 0.0188 0.0065 0.0033 0.0020 0.0015 0.0012 0.0011 0.0012 0.0014 0.0018 0.0032 0.0072 0.0032 0.0018 0.0014 0.0013 0.0013 0.0013 0.0016 0.0021 0.0032 0.0061 0.0198 0.5122 0.3739 
50997108 2 0.0216 0.0187 0.0066 0.0034 0.0020 0.0014 0.0012 0.0011 0.0012 0.0014 0.0018 0.0034 0.0075 0.0035 0.0019 0.0014 0.0012 0.0012 0.0012 0.0015 0.0020 0.0031 0.0061 0.0199 0.5151 0.3707 
50997136 2 0.0171 0.0149 0.0049 0.0024 0.0014 0.0010 0.0009 0.0008 0.0009 0.0011 0.0015 0.0031 0.0072 0.0032 0.0016 0.0011 0.0009 0.0009 0.0009 0.0011 0.0015 0.0024 0.0048 0.0162 0.6094 0.2987 
50997224 2 0.0136 0.0121 0.0041 0.0021 0.0014 0.0011 0.0009 0.0010 0.0011 0.0014 0.0018 0.0031 0.0063 0.0036 0.0019 0.0014 0.0011 0.0011 0.0010 0.0011 0.0014 0.0021 0.0040 0.0127 0.6634 0.2553 
50997248 2 0.0155 0.0137 0.0048 0.0026 0.0018 0.0014 0.0013 0.0013 0.0014 0.0017 0.0022 0.0039 0.0067 0.0041 0.0024 0.0018 0.0015 0.0014 0.0013 0.0015 0.0018 0.0026 0.0046 0.0141 0.6148 0.2901 
50997276 2 0.0096 0.0086 0.0031 0.0017 0.0012 0.0010 0.0009 0.0010 0.0011 0.0014 0.0019 0.0035 0.0072 0.0035 0.0020 0.0014 0.0011 0.0010 0.0009 0.0009 0.0011 0.0017 0.0030 0.0088 0.7462 0.1865 
50997304 2 0.0110 0.0098 0.0037 0.0021 0.0014 0.0012 0.0011 0.0011 0.0013 0.0016 0.0022 0.0038 0.0082 0.0039 0.0023 0.0017 0.0013 0.0012 0.0011 0.0012 0.0014 0.0020 0.0035 0.0100 0.7092 0.2124 
50997432 2 0.0155 0.0143 0.0044 0.0023 0.0015 0.0012 0.0011 0.0012 0.0014 0.0019 0.0025 0.0042 0.0073 0.0044 0.0026 0.0018 0.0014 0.0012 0.0011 0.0012 0.0015 0.0023 0.0044 0.0153 0.5954 0.3087 
50997460 4 0.0156 0.0144 0.0045 0.0023 0.0015 0.0012 0.0011 0.0012 0.0014 0.0018 0.0023 0.0039 0.0069 0.0040 0.0024 0.0018 0.0014 0.0012 0.0011 0.0012 0.0015 0.0022 0.0044 0.0150 0.5953 0.3103 
50997488 2 0.0124 0.0115 0.0036 0.0018 0.0012 0.0010 0.0009 0.0010 0.0011 0.0014 0.0018 0.0032 0.0065 0.0033 0.0018 0.0013 0.0010 0.0009 0.0008 0.0009 0.0011 0.0017 0.0035 0.0120 0.6774 0.2470 
50997516 4 0.0119 0.0111 0.0035 0.0019 0.0013 0.0010 0.0010 0.0011 0.0012 0.0015 0.0020 0.0035 0.0070 0.0035 0.0020 0.0015 0.0012 0.0010 0.0010 0.0011 0.0013 0.0019 0.0035 0.0114 0.6797 0.2429 
50997596 2 0.0154 0.0136 0.0039 0.0018 0.0010 0.0007 0.0006 0.0006 0.0006 0.0007 0.0009 0.0019 0.0037 0.0019 0.0009 0.0007 0.0005 0.0005 0.0005 0.0006 0.0009 0.0016 0.0036 0.0143 0.6703 0.2584 
50997624 2 0.0113 0.0099 0.0030 0.0014 0.0008 0.0006 0.0005 0.0005 0.0004 0.0005 0.0007 0.0016 0.0037 0.0017 0.0008 0.0006 0.0005 0.0005 0.0005 0.0006 0.0008 0.0014 0.0030 0.0105 0.7549 0.1896 
50997652 2 0.0129 0.0113 0.0030 0.0013 0.0007 0.0005 0.0004 0.0004 0.0004 0.0005 0.0006 0.0015 0.0036 0.0016 0.0006 0.0004 0.0003 0.0003 0.0003 0.0004 0.0006 0.0011 0.0028 0.0120 0.7277 0.2145 
50997680 2 0.0091 0.0080 0.0022 0.0010 0.0005 0.0004 0.0003 0.0003 0.0003 0.0003 0.0004 0.0011 0.0028 0.0011 0.0004 0.0003 0.0002 0.0002 0.0002 0.0003 0.0005 0.0009 0.0020 0.0087 0.8077 0.1509 
50997744 3 0.0173 0.0153 0.0039 0.0016 0.0009 0.0006 0.0005 0.0005 0.0005 0.0006 0.0008 0.0018 0.0042 0.0019 0.0007 0.0005 0.0004 0.0004 0.0004 0.0005 0.0008 0.0014 0.0035 0.0161 0.6389 0.2860 
50997768 3 0.0174 0.0154 0.0038 0.0016 0.0008 0.0006 0.0005 0.0004 0.0004 0.0005 0.0007 0.0016 0.0037 0.0017 0.0006 0.0005 0.0004 0.0004 0.0004 0.0005 0.0007 0.0014 0.0035 0.0161 0.6408 0.2857 
50997796 3 0.0122 0.0109 0.0028 0.0012 0.0006 0.0004 0.0003 0.0003 0.0003 0.0004 0.0006 0.0014 0.0035 0.0014 0.0005 0.0003 0.0003 0.0003 0.0003 0.0003 0.0005 0.0010 0.0025 0.0113 0.7445 0.2018 
50997824 3 0.0117 0.0104 0.0027 0.0011 0.0006 0.0004 0.0003 0.0003 0.0003 0.0004 0.0005 0.0014 0.0041 0.0014 0.0005 0.0003 0.0002 0.0003 0.0003 0.0003 0.0005 0.0009 0.0024 0.0109 0.7539 0.1937 
50998032 2 0.0125 0.0111 0.0037 0.0019 0.0012 0.0009 0.0008 0.0008 0.0009 0.0010 0.0013 0.0028 0.0060 0.0030 0.0013 0.0010 0.0008 0.0008 0.0008 0.0009 0.0011 0.0017 0.0034 0.0120 0.7004 0.2281 
50998060 5 0.0162 0.0143 0.0048 0.0025 0.0016 0.0012 0.0011 0.0011 0.0012 0.0014 0.0020 0.0036 0.0066 0.0037 0.0021 0.0015 0.0012 0.0012 0.0011 0.0012 0.0015 0.0023 0.0045 0.0151 0.6132 0.2939 
50998088 2 0.0165 0.0146 0.0048 0.0025 0.0016 0.0012 0.0011 0.0010 0.0011 0.0013 0.0017 0.0032 0.0061 0.0035 0.0018 0.0014 0.0011 0.0011 0.0010 0.0012 0.0015 0.0023 0.0046 0.0158 0.6082 0.3001 
50998112 5 0.0135 0.0120 0.0039 0.0020 0.0013 0.0010 0.0009 0.0009 0.0010 0.0012 0.0016 0.0033 0.0069 0.0035 0.0017 0.0013 0.0010 0.0009 0.0009 0.0010 0.0012 0.0019 0.0036 0.0127 0.6767 0.2444 
50998176 2 0.0153 0.0137 0.0038 0.0017 0.0010 0.0007 0.0006 0.0006 0.0006 0.0008 0.0010 0.0021 0.0044 0.0023 0.0011 0.0008 0.0007 0.0006 0.0006 0.0007 0.0010 0.0016 0.0036 0.0145 0.6602 0.2660 
50998204 2 0.0153 0.0136 0.0037 0.0017 0.0010 0.0007 0.0006 0.0006 0.0007 0.0009 0.0011 0.0023 0.0046 0.0024 0.0012 0.0009 0.0007 0.0007 0.0007 0.0008 0.0010 0.0017 0.0036 0.0142 0.6604 0.2648 
50998232 2 0.0125 0.0111 0.0032 0.0014 0.0008 0.0006 0.0005 0.0005 0.0005 0.0007 0.0009 0.0018 0.0044 0.0018 0.0009 0.0006 0.0005 0.0005 0.0005 0.0006 0.0008 0.0014 0.0030 0.0120 0.7218 0.2167 
50998256 2 0.0126 0.0112 0.0032 0.0015 0.0009 0.0006 0.0005 0.0005 0.0006 0.0007 0.0009 0.0020 0.0044 0.0020 0.0009 0.0007 0.0005 0.0005 0.0005 0.0006 0.0008 0.0014 0.0030 0.0117 0.7182 0.2195 
50998320 1 0.0197 0.0172 0.0048 0.0023 0.0013 0.0009 0.0007 0.0006 0.0007 0.0008 0.0010 0.0019 0.0047 0.0021 0.0010 0.0008 0.0007 0.0007 0.0007 0.0009 0.0012 0.0020 0.0046 0.0179 0.5842 0.3267 
50998348 1 0.0083 0.0073 0.0021 0.0010 0.0005 0.0004 0.0003 0.0003 0.0003 0.0004 0.0006 0.0016 0.0042 0.0016 0.0006 0.0004 0.0003 0.0003 0.0003 0.0004 0.0005 0.0009 0.0020 0.0075 0.8162 0.1417 
50998412 2 0.0140 0.0123 0.0034 0.0015 0.0009 0.0006 0.0005 0.0005 0.0006 0.0007 0.0010 0.0021 0.0044 0.0024 0.0010 0.0007 0.0005 0.0005 0.0005 0.0006 0.0008 0.0014 0.0033 0.0131 0.6965 0.2362 
50998440 2 0.0145 0.0128 0.0038 0.0018 0.0011 0.0008 0.0007 0.0007 0.0008 0.0010 0.0014 0.0026 0.0049 0.0029 0.0014 0.0010 0.0007 0.0007 0.0006 0.0008 0.0011 0.0018 0.0037 0.0135 0.6740 0.2510 
50998468 2 0.0104 0.0093 0.0025 0.0011 0.0006 0.0004 0.0004 0.0004 0.0005 0.0006 0.0010 0.0021 0.0047 0.0022 0.0010 0.0006 0.0004 0.0004 0.0004 0.0004 0.0006 0.0010 0.0023 0.0097 0.7701 0.1770 
50998496 2 0.0110 0.0097 0.0027 0.0012 0.0007 0.0005 0.0004 0.0005 0.0005 0.0007 0.0011 0.0024 0.0050 0.0026 0.0011 0.0007 0.0005 0.0005 0.0004 0.0005 0.0007 0.0012 0.0027 0.0105 0.7531 0.1891 
50998580 2 0.0123 0.0107 0.0033 0.0017 0.0011 0.0008 0.0007 0.0007 0.0008 0.0010 0.0013 0.0024 0.0043 0.0026 0.0013 0.0010 0.0008 0.0007 0.0007 0.0008 0.0010 0.0016 0.0031 0.0112 0.7167 0.2176 
50998608 1 0.0124 0.0107 0.0034 0.0017 0.0011 0.0009 0.0008 0.0008 0.0009 0.0011 0.0014 0.0024 0.0045 0.0025 0.0014 0.0011 0.0009 0.0008 0.0008 0.0009 0.0011 0.0016 0.0032 0.0111 0.7141 0.2185 
50998632 2 0.0080 0.0071 0.0024 0.0013 0.0009 0.0007 0.0006 0.0006 0.0007 0.0009 0.0012 0.0022 0.0042 0.0022 0.0012 0.0008 0.0007 0.0006 0.0006 0.0006 0.0008 0.0012 0.0023 0.0073 0.8009 0.1502 
50998660 1 0.0084 0.0075 0.0025 0.0014 0.0009 0.0007 0.0007 0.0007 0.0007 0.0008 0.0012 0.0021 0.0043 0.0021 0.0011 0.0009 0.0007 0.0006 0.0006 0.0007 0.0009 0.0013 0.0024 0.0077 0.7904 0.1586 
50998980 5 0.0070 0.0060 0.0019 0.0011 0.0007 0.0005 0.0005 0.0005 0.0005 0.0007 0.0010 0.0018 0.0032 0.0020 0.0010 0.0008 0.0006 0.0006 0.0005 0.0006 0.0007 0.0010 0.0019 0.0059 0.8406 0.1185 
50999008 5 0.0037 0.0031 0.0013 0.0008 0.0005 0.0004 0.0004 0.0003 0.0004 0.0005 0.0008 0.0017 0.0028 0.0016 0.0008 0.0005 0.0004 0.0004 0.0003 0.0004 0.0004 0.0006 0.0011 0.0031 0.9096 0.0643 
50999096 2 0.0103 0.0092 0.0028 0.0014 0.0009 0.0006 0.0006 0.0005 0.0006 0.0008 0.0013 0.0029 0.0059 0.0032 0.0013 0.0009 0.0007 0.0006 0.0006 0.0007 0.0008 0.0013 0.0026 0.0094 0.7586 0.1814 
50999120 1 0.0144 0.0127 0.0037 0.0018 0.0011 0.0008 0.0006 0.0006 0.0007 0.0009 0.0013 0.0029 0.0045 0.0028 0.0012 0.0009 0.0007 0.0007 0.0007 0.0008 0.0011 0.0017 0.0035 0.0130 0.6785 0.2486 
50999148 2 0.0090 0.0079 0.0024 0.0012 0.0007 0.0005 0.0005 0.0005 0.0006 0.0007 0.0012 0.0025 0.0050 0.0025 0.0012 0.0008 0.0006 0.0005 0.0005 0.0006 0.0007 0.0011 0.0022 0.0080 0.7911 0.1577 
50999176 1 0.0107 0.0095 0.0027 0.0012 0.0007 0.0005 0.0005 0.0005 0.0006 0.0008 0.0012 0.0027 0.0058 0.0027 0.0012 0.0008 0.0006 0.0006 0.0005 0.0006 0.0008 0.0013 0.0026 0.0096 0.7534 0.1877 
50999248 2 0.0125 0.0107 0.0041 0.0023 0.0015 0.0011 0.0010 0.0010 0.0010 0.0012 0.0015 0.0032 0.0063 0.0032 0.0016 0.0013 0.0011 0.0011 0.0011 0.0013 0.0015 0.0021 0.0037 0.0111 0.7039 0.2197 
50999272 1 0.0150 0.0130 0.0046 0.0025 0.0016 0.0012 0.0010 0.0010 0.0011 0.0013 0.0017 0.0031 0.0071 0.0031 0.0018 0.0014 0.0011 0.0011 0.0011 0.0013 0.0016 0.0024 0.0043 0.0134 0.6487 0.2644 
50999300 2 0.0093 0.0083 0.0029 0.0016 0.0010 0.0008 0.0007 0.0007 0.0008 0.0009 0.0014 0.0030 0.0066 0.0030 0.0015 0.0010 0.0008 0.0008 0.0008 0.0009 0.0011 0.0016 0.0028 0.0084 0.7697 0.1696 
50999328 1 0.0100 0.0089 0.0030 0.0015 0.0009 0.0007 0.0006 0.0006 0.0007 0.0009 0.0014 0.0030 0.0067 0.0029 0.0014 0.0010 0.0008 0.0008 0.0008 0.0009 0.0011 0.0016 0.0028 0.0090 0.7566 0.1812 
50999432 5 0.0138 0.0117 0.0044 0.0025 0.0016 0.0013 0.0011 0.0011 0.0011 0.0013 0.0016 0.0024 0.0045 0.0025 0.0017 0.0014 0.0011 0.0010 0.0010 0.0012 0.0015 0.0022 0.0042 0.0132 0.6818 0.2386 
50999460 5 0.0113 0.0098 0.0034 0.0018 0.0012 0.0009 0.0007 0.0007 0.0008 0.0009 0.0011 0.0019 0.0043 0.0020 0.0011 0.0009 0.0007 0.0007 0.0007 0.0007 0.0010 0.0015 0.0031 0.0105 0.7417 0.1966 
51048736 3 0.0164 0.0143 0.0062 0.0038 0.0027 0.0022 0.0020 0.0021 0.0023 0.0027 0.0034 0.0051 0.0095 0.0053 0.0037 0.0029 0.0024 0.0022 0.0021 0.0023 0.0027 0.0037 0.0058 0.0148 0.5668 0.3124 
51048764 3 0.0114 0.0103 0.0044 0.0026 0.0017 0.0014 0.0013 0.0014 0.0016 0.0019 0.0024 0.0041 0.0084 0.0042 0.0025 0.0020 0.0016 0.0015 0.0014 0.0016 0.0018 0.0025 0.0041 0.0106 0.6896 0.2236 
51048892 2 0.0147 0.0130 0.0046 0.0026 0.0017 0.0014 0.0012 0.0013 0.0014 0.0016 0.0021 0.0035 0.0078 0.0037 0.0022 0.0018 0.0015 0.0014 0.0013 0.0015 0.0018 0.0025 0.0045 0.0140 0.6335 0.2736 
51048920 2 0.0156 0.0137 0.0049 0.0026 0.0017 0.0012 0.0011 0.0011 0.0012 0.0015 0.0019 0.0034 0.0067 0.0035 0.0020 0.0016 0.0013 0.0012 0.0012 0.0013 0.0017 0.0025 0.0046 0.0146 0.6248 0.2830 
51048944 2 0.0131 0.0116 0.0042 0.0023 0.0015 0.0012 0.0010 0.0010 0.0011 0.0013 0.0016 0.0028 0.0068 0.0029 0.0017 0.0014 0.0012 0.0011 0.0011 0.0012 0.0016 0.0022 0.0042 0.0125 0.6779 0.2414 
51048972 2 0.0122 0.0108 0.0040 0.0022 0.0014 0.0011 0.0010 0.0010 0.0011 0.0013 0.0016 0.0030 0.0065 0.0029 0.0017 0.0013 0.0011 0.0010 0.0010 0.0011 0.0014 0.0021 0.0038 0.0116 0.6978 0.2263 
51049052 2 0.0156 0.0137 0.0049 0.0026 0.0017 0.0013 0.0011 0.0011 0.0012 0.0014 0.0018 0.0032 0.0063 0.0035 0.0019 0.0015 0.0012 0.0011 0.0011 0.0013 0.0016 0.0025 0.0048 0.0151 0.6259 0.2827 
51049080 2 0.0165 0.0145 0.0054 0.0030 0.0019 0.0015 0.0013 0.0013 0.0015 0.0018 0.0022 0.0038 0.0077 0.0039 0.0022 0.0017 0.0014 0.0013 0.0013 0.0015 0.0019 0.0027 0.0051 0.0155 0.5987 0.3004 
51049108 2 0.0116 0.0102 0.0038 0.0021 0.0014 0.0011 0.0010 0.0010 0.0010 0.0012 0.0014 0.0025 0.0060 0.0026 0.0014 0.0012 0.0010 0.0009 0.0009 0.0011 0.0014 0.0020 0.0037 0.0112 0.7145 0.2136 
51049136 2 0.0133 0.0118 0.0045 0.0025 0.0017 0.0014 0.0012 0.0012 0.0012 0.0014 0.0017 0.0030 0.0068 0.0032 0.0017 0.0014 0.0012 0.0011 0.0011 0.0012 0.0016 0.0023 0.0043 0.0129 0.6665 0.2500 
51049248 2 0.0082 0.0072 0.0037 0.0022 0.0016 0.0013 0.0012 0.0013 0.0014 0.0017 0.0021 0.0034 0.0064 0.0034 0.0022 0.0018 0.0015 0.0014 0.0013 0.0015 0.0017 0.0022 0.0035 0.0076 0.7661 0.1640 
51049276 2 0.0127 0.0113 0.0035 0.0017 0.0011 0.0008 0.0007 0.0008 0.0008 0.0010 0.0013 0.0022 0.0042 0.0022 0.0013 0.0010 0.0008 0.0008 0.0008 0.0009 0.0012 0.0018 0.0035 0.0118 0.7033 0.2286 
51049464 2 0.0172 0.0152 0.0050 0.0027 0.0017 0.0013 0.0012 0.0012 0.0013 0.0015 0.0020 0.0036 0.0068 0.0038 0.0021 0.0016 0.0013 0.0013 0.0012 0.0015 0.0019 0.0027 0.0050 0.0156 0.5905 0.3110 
51049488 2 0.0146 0.0128 0.0044 0.0023 0.0015 0.0012 0.0010 0.0011 0.0012 0.0014 0.0017 0.0033 0.0061 0.0035 0.0019 0.0015 0.0012 0.0012 0.0012 0.0014 0.0017 0.0026 0.0046 0.0137 0.6452 0.2676 
51049516 2 0.0122 0.0109 0.0035 0.0018 0.0012 0.0009 0.0009 0.0009 0.0009 0.0011 0.0015 0.0030 0.0064 0.0030 0.0015 0.0011 0.0009 0.0009 0.0008 0.0009 0.0012 0.0019 0.0036 0.0113 0.6984 0.2290 
51049544 2 0.0107 0.0095 0.0032 0.0017 0.0011 0.0009 0.0008 0.0008 0.0009 0.0011 0.0014 0.0028 0.0059 0.0030 0.0015 0.0011 0.0009 0.0009 0.0009 0.0010 0.0013 0.0019 0.0034 0.0104 0.7286 0.2042 
51049628 2 0.0167 0.0143 0.0057 0.0033 0.0023 0.0018 0.0016 0.0016 0.0017 0.0020 0.0024 0.0039 0.0079 0.0040 0.0025 0.0021 0.0018 0.0018 0.0018 0.0021 0.0026 0.0035 0.0057 0.0150 0.5905 0.3013 
51049656 2 0.0171 0.0150 0.0052 0.0028 0.0019 0.0015 0.0013 0.0014 0.0015 0.0017 0.0022 0.0036 0.0074 0.0040 0.0024 0.0019 0.0016 0.0016 0.0015 0.0018 0.0022 0.0032 0.0056 0.0165 0.5813 0.3138 
51049680 2 0.0112 0.0099 0.0039 0.0023 0.0015 0.0013 0.0012 0.0012 0.0013 0.0016 0.0020 0.0037 0.0082 0.0038 0.0021 0.0016 0.0014 0.0013 0.0012 0.0014 0.0018 0.0025 0.0040 0.0101 0.7056 0.2138 
51070196 2 0.0099 0.0088 0.0034 0.0020 0.0013 0.0010 0.0009 0.0010 0.0011 0.0013 0.0016 0.0030 0.0073 0.0031 0.0017 0.0014 0.0012 0.0011 0.0011 0.0012 0.0015 0.0022 0.0037 0.0098 0.7369 0.1925 
53580612 2 0.0163 0.0145 0.0046 0.0023 0.0014 0.0011 0.0009 0.0009 0.0010 0.0012 0.0015 0.0028 0.0051 0.0029 0.0015 0.0011 0.0009 0.0009 0.0009 0.0010 0.0013 0.0020 0.0043 0.0155 0.6222 0.2920 
53580640 3 0.0172 0.0154 0.0048 0.0024 0.0014 0.0010 0.0009 0.0008 0.0009 0.0011 0.0014 0.0027 0.0053 0.0028 0.0014 0.0011 0.0008 0.0008 0.0008 0.0010 0.0013 0.0022 0.0044 0.0159 0.6089 0.3034 
53580664 2 0.0130 0.0116 0.0036 0.0017 0.0011 0.0008 0.0008 0.0007 0.0008 0.0009 0.0012 0.0023 0.0045 0.0024 0.0012 0.0009 0.0007 0.0007 0.0006 0.0007 0.0010 0.0016 0.0033 0.0121 0.6972 0.2348 
53580692 3 0.0124 0.0111 0.0034 0.0017 0.0010 0.0008 0.0007 0.0007 0.0007 0.0008 0.0011 0.0022 0.0049 0.0022 0.0011 0.0008 0.0006 0.0006 0.0006 0.0007 0.0009 0.0015 0.0031 0.0115 0.7119 0.2232 
53580804 5 0.0151 0.0134 0.0040 0.0020 0.0012 0.0009 0.0008 0.0008 0.0008 0.0010 0.0014 0.0028 0.0055 0.0029 0.0014 0.0010 0.0008 0.0007 0.0007 0.0009 0.0011 0.0018 0.0037 0.0141 0.6551 0.2660 
53580832 2 0.0155 0.0137 0.0038 0.0018 0.0011 0.0008 0.0007 0.0007 0.0007 0.0009 0.0011 0.0022 0.0057 0.0024 0.0012 0.0009 0.0007 0.0007 0.0006 0.0008 0.0010 0.0017 0.0036 0.0144 0.6554 0.2680 
53580856 5 0.0108 0.0097 0.0029 0.0014 0.0009 0.0006 0.0005 0.0005 0.0006 0.0007 0.0009 0.0019 0.0045 0.0019 0.0009 0.0006 0.0005 0.0005 0.0005 0.0005 0.0007 0.0012 0.0026 0.0101 0.7517 0.1925 
53580884 2 0.0105 0.0094 0.0028 0.0014 0.0008 0.0006 0.0005 0.0005 0.0005 0.0006 0.0009 0.0018 0.0047 0.0019 0.0009 0.0006 0.0005 0.0005 0.0005 0.0005 0.0007 0.0012 0.0026 0.0099 0.7576 0.1874 
53580980 1 0.0124 0.0109 0.0038 0.0021 0.0014 0.0011 0.0010 0.0010 0.0011 0.0014 0.0020 0.0037 0.0064 0.0039 0.0020 0.0015 0.0011 0.0010 0.0009 0.0011 0.0013 0.0019 0.0035 0.0112 0.6937 0.2287 
53581008 1 0.0117 0.0105 0.0036 0.0020 0.0013 0.0010 0.0010 0.0010 0.0012 0.0014 0.0021 0.0039 0.0065 0.0041 0.0022 0.0015 0.0012 0.0010 0.0009 0.0010 0.0012 0.0017 0.0032 0.0107 0.7054 0.2186 
53581032 1 0.0104 0.0093 0.0032 0.0017 0.0011 0.0009 0.0009 0.0009 0.0010 0.0013 0.0018 0.0036 0.0066 0.0036 0.0019 0.0013 0.0010 0.0009 0.0008 0.0009 0.0011 0.0016 0.0029 0.0095 0.7379 0.1938 
53581060 1 0.0099 0.0089 0.0031 0.0016 0.0011 0.0008 0.0008 0.0008 0.0009 0.0012 0.0017 0.0033 0.0064 0.0032 0.0017 0.0012 0.0009 0.0008 0.0008 0.0009 0.0011 0.0015 0.0028 0.0091 0.7493 0.1862 
53581124 1 0.0117 0.0103 0.0036 0.0020 0.0013 0.0011 0.0009 0.0009 0.0010 0.0011 0.0014 0.0026 0.0050 0.0027 0.0016 0.0012 0.0010 0.0010 0.0009 0.0010 0.0013 0.0019 0.0034 0.0105 0.7184 0.2121 
53581152 1 0.0074 0.0065 0.0023 0.0012 0.0008 0.0007 0.0006 0.0006 0.0007 0.0008 0.0011 0.0022 0.0045 0.0022 0.0011 0.0009 0.0007 0.0007 0.0006 0.0007 0.0009 0.0013 0.0023 0.0066 0.8165 0.1359 
53581236 1 0.0188 0.0163 0.0051 0.0027 0.0017 0.0013 0.0012 0.0012 0.0012 0.0014 0.0018 0.0029 0.0055 0.0030 0.0018 0.0014 0.0012 0.0012 0.0011 0.0013 0.0016 0.0025 0.0049 0.0171 0.5763 0.3253 
53581264 1 0.0131 0.0115 0.0038 0.0020 0.0013 0.0011 0.0009 0.0009 0.0010 0.0012 0.0015 0.0029 0.0061 0.0029 0.0015 0.0012 0.0010 0.0010 0.0009 0.0010 0.0013 0.0019 0.0036 0.0121 0.6888 0.2353 
53581380 1 0.0201 0.0178 0.0055 0.0027 0.0016 0.0012 0.0009 0.0009 0.0010 0.0011 0.0014 0.0024 0.0054 0.0025 0.0014 0.0011 0.0009 0.0009 0.0009 0.0011 0.0014 0.0024 0.0050 0.0187 0.5526 0.3492 
53581408 6 0.0189 0.0168 0.0049 0.0023 0.0013 0.0010 0.0008 0.0008 0.0008 0.0009 0.0011 0.0022 0.0048 0.0023 0.0012 0.0009 0.0008 0.0008 0.0008 0.0009 0.0012 0.0021 0.0045 0.0174 0.5864 0.3242 
53581432 1 0.0146 0.0130 0.0037 0.0017 0.0010 0.0007 0.0006 0.0006 0.0006 0.0007 0.0009 0.0021 0.0053 0.0020 0.0009 0.0006 0.0005 0.0005 0.0005 0.0006 0.0008 0.0015 0.0034 0.0136 0.6768 0.2526 
53581460 6 0.0127 0.0113 0.0033 0.0015 0.0009 0.0007 0.0005 0.0005 0.0006 0.0007 0.0009 0.0020 0.0047 0.0020 0.0009 0.0007 0.0005 0.0005 0.0005 0.0006 0.0008 0.0014 0.0030 0.0117 0.7177 0.2195 
53581768 1 0.0138 0.0120 0.0037 0.0018 0.0011 0.0008 0.0007 0.0007 0.0008 0.0009 0.0013 0.0025 0.0044 0.0026 0.0013 0.0010 0.0008 0.0008 0.0007 0.0009 0.0011 0.0018 0.0035 0.0122 0.6901 0.2386 
53581796 1 0.0090 0.0081 0.0026 0.0013 0.0008 0.0006 0.0005 0.0005 0.0005 0.0007 0.0009 0.0019 0.0042 0.0019 0.0009 0.0007 0.0005 0.0005 0.0005 0.0006 0.0008 0.0012 0.0025 0.0083 0.7873 0.1624 
53581860 1 0.0095 0.0082 0.0031 0.0018 0.0013 0.0010 0.0009 0.0009 0.0009 0.0011 0.0015 0.0028 0.0056 0.0031 0.0017 0.0013 0.0011 0.0010 0.0010 0.0011 0.0013 0.0018 0.0031 0.0087 0.7648 0.1714 
53581888 2 0.0111 0.0097 0.0038 0.0022 0.0014 0.0011 0.0010 0.0010 0.0011 0.0013 0.0018 0.0035 0.0068 0.0038 0.0020 0.0015 0.0012 0.0011 0.0010 0.0011 0.0014 0.0019 0.0034 0.0102 0.7233 0.2024 
53581912 1 0.0063 0.0055 0.0023 0.0014 0.0010 0.0008 0.0007 0.0007 0.0009 0.0011 0.0015 0.0029 0.0049 0.0029 0.0015 0.0011 0.0009 0.0008 0.0007 0.0008 0.0009 0.0013 0.0021 0.0054 0.8337 0.1180 
53581940 2 0.0080 0.0071 0.0028 0.0016 0.0011 0.0008 0.0007 0.0008 0.0009 0.0011 0.0015 0.0027 0.0056 0.0027 0.0015 0.0011 0.0008 0.0008 0.0007 0.0008 0.0009 0.0013 0.0024 0.0072 0.7953 0.1499 
53582304 1 0.0176 0.0153 0.0051 0.0027 0.0017 0.0013 0.0011 0.0011 0.0011 0.0014 0.0018 0.0032 0.0058 0.0034 0.0019 0.0014 0.0012 0.0011 0.0011 0.0013 0.0017 0.0025 0.0049 0.0157 0.5976 0.3070 
53582332 1 0.0131 0.0115 0.0038 0.0020 0.0013 0.0009 0.0008 0.0008 0.0009 0.0011 0.0015 0.0029 0.0060 0.0029 0.0015 0.0011 0.0008 0.0008 0.0008 0.0009 0.0012 0.0019 0.0037 0.0118 0.6943 0.2317 
53582396 1 0.0184 0.0163 0.0052 0.0026 0.0016 0.0012 0.0010 0.0009 0.0010 0.0011 0.0014 0.0026 0.0053 0.0027 0.0015 0.0012 0.0010 0.0010 0.0010 0.0012 0.0016 0.0024 0.0048 0.0167 0.5867 0.3198 
53582424 2 0.0150 0.0133 0.0048 0.0026 0.0016 0.0012 0.0010 0.0010 0.0011 0.0012 0.0015 0.0030 0.0062 0.0032 0.0016 0.0013 0.0011 0.0011 0.0011 0.0013 0.0016 0.0024 0.0044 0.0135 0.6488 0.2652 
53582448 1 0.0111 0.0100 0.0034 0.0017 0.0010 0.0008 0.0007 0.0007 0.0007 0.0009 0.0012 0.0023 0.0049 0.0023 0.0011 0.0009 0.0007 0.0007 0.0007 0.0008 0.0010 0.0016 0.0032 0.0101 0.7387 0.1987 
53582476 2 0.0101 0.0090 0.0030 0.0015 0.0010 0.0007 0.0006 0.0006 0.0007 0.0008 0.0011 0.0024 0.0056 0.0024 0.0011 0.0008 0.0006 0.0006 0.0006 0.0007 0.0009 0.0014 0.0028 0.0092 0.7614 0.1802 
53582540 1 0.0140 0.0121 0.0039 0.0020 0.0012 0.0009 0.0008 0.0008 0.0009 0.0010 0.0014 0.0025 0.0048 0.0027 0.0015 0.0012 0.0009 0.0009 0.0009 0.0010 0.0013 0.0020 0.0038 0.0124 0.6825 0.2424 
53582568 1 0.0087 0.0078 0.0025 0.0013 0.0008 0.0006 0.0005 0.0005 0.0005 0.0007 0.0009 0.0020 0.0045 0.0020 0.0009 0.0007 0.0006 0.0005 0.0005 0.0006 0.0008 0.0012 0.0024 0.0080 0.7938 0.1568 
53582656 5 0.0103 0.0090 0.0031 0.0020 0.0014 0.0012 0.0011 0.0012 0.0014 0.0018 0.0026 0.0050 0.0073 0.0058 0.0033 0.0024 0.0017 0.0016 0.0013 0.0014 0.0015 0.0021 0.0034 0.0101 0.7162 0.2015 
53582684 5 0.0089 0.0080 0.0024 0.0013 0.0009 0.0007 0.0007 0.0007 0.0009 0.0012 0.0020 0.0044 0.0089 0.0049 0.0023 0.0014 0.0010 0.0008 0.0007 0.0007 0.0008 0.0012 0.0024 0.0085 0.7625 0.1720 
53582712 2 0.0207 0.0184 0.0066 0.0035 0.0021 0.0016 0.0014 0.0013 0.0015 0.0017 0.0022 0.0038 0.0084 0.0039 0.0023 0.0018 0.0015 0.0015 0.0015 0.0018 0.0023 0.0034 0.0063 0.0199 0.5069 0.3738 
53582736 2 0.0122 0.0105 0.0045 0.0027 0.0018 0.0013 0.0012 0.0012 0.0013 0.0016 0.0022 0.0042 0.0087 0.0049 0.0026 0.0019 0.0014 0.0013 0.0012 0.0014 0.0017 0.0025 0.0043 0.0117 0.6856 0.2258 
53582764 2 0.0188 0.0167 0.0063 0.0034 0.0021 0.0016 0.0013 0.0014 0.0015 0.0017 0.0022 0.0038 0.0084 0.0041 0.0023 0.0018 0.0015 0.0014 0.0015 0.0017 0.0022 0.0032 0.0059 0.0182 0.5447 0.3424 
53582792 2 0.0108 0.0094 0.0040 0.0024 0.0016 0.0013 0.0011 0.0012 0.0012 0.0015 0.0020 0.0039 0.0087 0.0044 0.0023 0.0016 0.0013 0.0012 0.0011 0.0013 0.0015 0.0021 0.0037 0.0107 0.7137 0.2059 
53582816 2 0.0159 0.0143 0.0051 0.0028 0.0018 0.0014 0.0012 0.0012 0.0013 0.0015 0.0018 0.0032 0.0083 0.0035 0.0020 0.0016 0.0013 0.0013 0.0012 0.0014 0.0018 0.0026 0.0049 0.0155 0.6041 0.2988 
53586360 1 0.0116 0.0097 0.0039 0.0024 0.0017 0.0014 0.0012 0.0012 0.0013 0.0014 0.0018 0.0031 0.0058 0.0033 0.0019 0.0015 0.0012 0.0012 0.0012 0.0013 0.0016 0.0022 0.0037 0.0101 0.7185 0.2058 
53586388 1 0.0165 0.0146 0.0048 0.0024 0.0015 0.0011 0.0010 0.0010 0.0010 0.0012 0.0016 0.0027 0.0062 0.0029 0.0016 0.0013 0.0011 0.0010 0.0010 0.0011 0.0015 0.0023 0.0045 0.0151 0.6201 0.2909 
53586416 1 0.0081 0.0070 0.0028 0.0016 0.0011 0.0009 0.0007 0.0008 0.0008 0.0010 0.0014 0.0027 0.0053 0.0027 0.0015 0.0011 0.0008 0.0008 0.0008 0.0009 0.0010 0.0015 0.0026 0.0071 0.7979 0.1471 
53586440 1 0.0149 0.0131 0.0041 0.0021 0.0012 0.0009 0.0007 0.0007 0.0008 0.0009 0.0012 0.0026 0.0062 0.0026 0.0012 0.0009 0.0008 0.0007 0.0007 0.0008 0.0011 0.0019 0.0039 0.0138 0.6638 0.2582 
53586724 2 0.0200 0.0176 0.0049 0.0022 0.0012 0.0009 0.0007 0.0007 0.0007 0.0009 0.0014 0.0029 0.0053 0.0031 0.0014 0.0009 0.0008 0.0007 0.0007 0.0009 0.0013 0.0022 0.0047 0.0185 0.5664 0.3390 
53586752 2 0.0157 0.0137 0.0046 0.0026 0.0017 0.0013 0.0012 0.0012 0.0014 0.0017 0.0023 0.0038 0.0063 0.0042 0.0025 0.0019 0.0015 0.0014 0.0013 0.0014 0.0018 0.0025 0.0046 0.0147 0.6150 0.2896 
53586776 2 0.0152 0.0136 0.0038 0.0017 0.0010 0.0007 0.0006 0.0006 0.0006 0.0008 0.0011 0.0024 0.0049 0.0024 0.0011 0.0007 0.0005 0.0005 0.0005 0.0006 0.0009 0.0015 0.0034 0.0142 0.6652 0.2616 
53586804 2 0.0129 0.0114 0.0039 0.0021 0.0014 0.0011 0.0009 0.0009 0.0011 0.0013 0.0017 0.0031 0.0059 0.0036 0.0020 0.0015 0.0011 0.0010 0.0010 0.0011 0.0013 0.0020 0.0038 0.0124 0.6770 0.2446 
53586868 2 0.0224 0.0199 0.0047 0.0019 0.0010 0.0007 0.0006 0.0006 0.0006 0.0007 0.0009 0.0018 0.0046 0.0019 0.0009 0.0007 0.0006 0.0005 0.0005 0.0006 0.0009 0.0017 0.0044 0.0212 0.5318 0.3738 
53586896 2 0.0199 0.0177 0.0040 0.0015 0.0008 0.0006 0.0004 0.0004 0.0005 0.0005 0.0006 0.0015 0.0037 0.0014 0.0006 0.0005 0.0004 0.0004 0.0004 0.0004 0.0007 0.0014 0.0037 0.0187 0.5912 0.3282 
53586960 2 0.0153 0.0136 0.0037 0.0016 0.0009 0.0007 0.0006 0.0006 0.0007 0.0009 0.0014 0.0030 0.0060 0.0031 0.0015 0.0010 0.0007 0.0006 0.0005 0.0006 0.0008 0.0015 0.0034 0.0145 0.6612 0.2616 
53586988 2 0.0195 0.0173 0.0041 0.0016 0.0008 0.0006 0.0005 0.0005 0.0005 0.0006 0.0008 0.0018 0.0047 0.0019 0.0007 0.0005 0.0004 0.0004 0.0004 0.0005 0.0007 0.0014 0.0037 0.0182 0.5968 0.3214 
53587016 2 0.0145 0.0131 0.0032 0.0013 0.0007 0.0005 0.0004 0.0004 0.0004 0.0005 0.0008 0.0018 0.0045 0.0018 0.0007 0.0005 0.0003 0.0003 0.0003 0.0004 0.0006 0.0011 0.0029 0.0139 0.6902 0.2449 
53587040 2 0.0193 0.0174 0.0037 0.0014 0.0007 0.0005 0.0004 0.0004 0.0004 0.0005 0.0008 0.0019 0.0048 0.0020 0.0007 0.0004 0.0003 0.0003 0.0003 0.0004 0.0006 0.0011 0.0034 0.0181 0.6044 0.3159 
53587104 2 0.0137 0.0122 0.0038 0.0019 0.0012 0.0008 0.0007 0.0007 0.0008 0.0009 0.0011 0.0020 0.0044 0.0020 0.0011 0.0008 0.0007 0.0006 0.0007 0.0008 0.0010 0.0017 0.0035 0.0127 0.6856 0.2446 
53587132 2 0.0121 0.0109 0.0032 0.0015 0.0009 0.0007 0.0006 0.0006 0.0006 0.0008 0.0010 0.0019 0.0043 0.0018 0.0009 0.0007 0.0005 0.0005 0.0005 0.0006 0.0008 0.0014 0.0030 0.0113 0.7213 0.2174 
53587428 2 0.0171 0.0153 0.0054 0.0028 0.0018 0.0014 0.0013 0.0013 0.0014 0.0016 0.0020 0.0035 0.0079 0.0038 0.0022 0.0017 0.0014 0.0013 0.0012 0.0014 0.0017 0.0026 0.0049 0.0159 0.5791 0.3200 
53587456 2 0.0210 0.0188 0.0059 0.0029 0.0018 0.0014 0.0012 0.0012 0.0013 0.0015 0.0019 0.0033 0.0064 0.0034 0.0019 0.0015 0.0012 0.0011 0.0011 0.0013 0.0017 0.0027 0.0055 0.0197 0.5140 0.3763 
53587480 2 0.0122 0.0110 0.0038 0.0020 0.0013 0.0011 0.0010 0.0010 0.0011 0.0013 0.0016 0.0031 0.0069 0.0031 0.0017 0.0013 0.0010 0.0010 0.0009 0.0010 0.0013 0.0019 0.0036 0.0114 0.6922 0.2324 
53587508 2 0.0169 0.0152 0.0045 0.0022 0.0013 0.0010 0.0009 0.0009 0.0010 0.0011 0.0014 0.0026 0.0062 0.0027 0.0014 0.0011 0.0009 0.0008 0.0008 0.0010 0.0012 0.0020 0.0042 0.0158 0.6085 0.3043 
53587572 2 0.0173 0.0154 0.0044 0.0021 0.0013 0.0010 0.0008 0.0009 0.0010 0.0012 0.0017 0.0031 0.0063 0.0033 0.0018 0.0013 0.0010 0.0010 0.0009 0.0011 0.0014 0.0022 0.0044 0.0163 0.5992 0.3096 
53587600 2 0.0158 0.0143 0.0040 0.0019 0.0012 0.0009 0.0008 0.0008 0.0009 0.0010 0.0014 0.0026 0.0055 0.0027 0.0015 0.0011 0.0009 0.0008 0.0008 0.0009 0.0012 0.0019 0.0040 0.0151 0.6288 0.2892 
53587664 2 0.0108 0.0097 0.0030 0.0014 0.0008 0.0006 0.0005 0.0005 0.0006 0.0008 0.0011 0.0022 0.0048 0.0023 0.0011 0.0007 0.0005 0.0005 0.0005 0.0006 0.0008 0.0013 0.0028 0.0107 0.7481 0.1933 
53587688 1 0.0163 0.0146 0.0044 0.0020 0.0012 0.0008 0.0007 0.0007 0.0008 0.0009 0.0012 0.0023 0.0045 0.0023 0.0012 0.0009 0.0007 0.0006 0.0006 0.0007 0.0010 0.0018 0.0039 0.0153 0.6381 0.2825 
53587716 2 0.0122 0.0108 0.0035 0.0017 0.0010 0.0007 0.0006 0.0006 0.0007 0.0009 0.0013 0.0025 0.0047 0.0026 0.0013 0.0009 0.0007 0.0006 0.0006 0.0007 0.0009 0.0015 0.0033 0.0118 0.7174 0.2161 
53587744 1 0.0142 0.0127 0.0036 0.0017 0.0009 0.0007 0.0006 0.0005 0.0006 0.0007 0.0010 0.0019 0.0042 0.0019 0.0009 0.0006 0.0005 0.0005 0.0005 0.0006 0.0008 0.0014 0.0033 0.0132 0.6884 0.2442 
