Precisão média por imagem
0.566
0.513
0.552
0.532
0.516
0.509
0.487
0.477
0.501
0.505
0.511
0.522
0.532
0.542
0.534
0.526
0.526
0.522
0.519
0.523
0.521
0.528
0.526
0.525
0.524
0.523
0.522
0.521
0.522
0.522
0.522
0.528
0.523
0.520
0.518
0.516
0.515
0.514
0.519
0.522
0.519
0.516
0.520
0.520
0.524
0.523
0.525
0.523
0.520
0.524
0.521
0.523
0.524
0.522
0.524
0.523
0.524
0.522
0.525
0.523
0.523
0.520
0.520
0.518
0.519
0.520
0.523
0.523
0.523
0.522
0.522
0.521
0.520
0.517
0.517
0.518
0.520
0.521
0.523
0.523
0.522
0.523
0.522
0.521
0.520
0.519
0.518
0.517
0.516
0.519
0.518
0.520
0.519
0.518
0.520
0.519
0.521
0.520
0.522
0.521
0.523
0.522
0.522
0.524
0.524
0.525
0.524
0.523
0.523
0.523
0.523
0.522
0.521
0.520
0.522
0.521
0.522
0.521
0.520
0.522
0.521
0.521
0.521
0.520
0.520
0.519
0.519
0.520
0.519
0.519
0.519
0.519
0.519
0.519
0.519
0.521
0.521
0.520
0.520
0.521
0.521
0.520
0.519
0.519
0.518
0.519
0.518
0.518
0.518
0.517
0.517
0.517
0.516
0.516
0.515
0.516
0.516
0.516
0.515
0.516
0.517
0.518
0.519
0.519
0.520
0.521
0.523
0.524
0.523
0.524
0.523
0.523
0.522
0.522
0.521
0.522
0.521
0.522
0.522
0.521
0.522
0.521
0.521
0.521
0.521
0.520
0.520
0.520
0.520
0.521
0.521
0.521
0.521
0.520
0.520
0.520
0.519
0.519
0.518
0.518
0.517
0.518
0.518
0.518
0.518
0.519
0.518
0.519
0.518
0.519
0.519
0.520
0.520
0.521
0.522
0.522
0.521
0.522
0.523
0.523
0.523
0.524
0.525
0.525
0.525
0.526
0.526
0.526
0.525
0.525
0.525
0.525
0.524
0.524
0.524
0.524
0.525
0.525
0.525
0.525
0.525
0.524
0.524
0.524
0.524
0.523
0.523
0.524
0.524
0.524
0.524
0.524
0.524
0.525
0.525
0.525
0.526
0.526
0.526
0.525
0.525
0.525
0.525
0.525
0.526
0.526
0.526
0.527
0.527
0.527
0.528
0.528
0.529
0.528
0.528
0.529
0.529
0.530
0.530
0.530
0.530
0.531
0.530
0.531
0.530
0.531
0.531
0.532
0.531
0.531
0.531
0.531
0.531
0.532
0.531
0.532
0.531
0.532
0.533
0.533
0.533
0.533
0.533
0.533
0.533
0.534
0.534
0.534
0.534
0.533
0.533
0.533
0.533
0.533
0.533
0.532
0.532
0.532
0.531
0.532
0.531
0.531
0.531
0.531
0.531
0.531
0.531
0.531
0.532
0.532
0.532
0.533
0.533
0.533
0.534
0.534
0.534
0.535
0.535
0.535
0.535
0.535
0.535
0.535
0.535
0.535
0.535
0.535
0.535
0.535
0.536
0.535
0.535
0.535
0.534
0.534
0.534
0.534
0.534
0.533
0.533
0.533
0.533
0.533
0.533
0.533
0.533
0.532
0.532
0.532
0.531
0.531
0.531
0.531
0.531
0.531
0.531
0.531
0.531
0.531
0.531
0.531
0.532
0.532
0.532
0.531
0.531
0.531
0.531
0.531
0.532
0.532
0.532
0.533
0.533
0.534
0.534
0.534
0.534
0.534
0.534
0.535
0.535
0.535
0.535
0.536
0.536
0.535
0.536
0.536