Precisão média por imagem
0.449
0.518
0.520
0.494
0.479
0.475
0.470
0.465
0.467
0.469
0.468
0.473
0.476
0.473
0.471
0.476
0.478
0.475
0.475
0.476
0.482
0.484
0.485
0.491
0.489
0.488
0.484
0.481
0.480
0.481
0.481
0.478
0.480
0.482
0.485
0.485
0.486
0.485
0.482
0.480
0.478
0.477
0.480
0.482
0.482
0.482
0.481
0.480
0.480
0.482
0.483
0.487
0.486
0.488
0.487
0.485
0.486
0.486
0.488
0.490
0.489
0.487
0.489
0.490
0.488
0.488
0.490
0.490
0.490
0.489
0.489
0.491
0.491
0.490
0.492
0.491
0.491
0.490
0.491
0.490
0.490
0.490
0.490
0.489
0.489
0.489
0.488
0.488
0.488
0.487
0.486
0.486
0.486
0.485
0.485
0.485
0.487
0.487
0.487
0.487
0.487
0.487
0.487
0.486
0.486
0.485
0.486
0.487
0.487
0.487
0.487
0.488
0.487
0.488
0.487
0.488
0.487
0.487
0.486
0.486
0.485
0.484
0.484
0.484
0.483
0.484
0.485
0.485
0.486
0.486
0.487
0.487
0.486
0.487
0.487
0.487
0.488
0.488
0.488
0.487
0.487
0.488
0.488
0.488
0.488
0.488
0.487
0.488
0.488
0.487
0.488
0.487
0.487
0.486
0.486
0.486
0.486
0.486
0.486
0.486
0.486
0.485
0.485
0.485
0.484
0.485
0.485
0.485
0.485
0.485
0.485
0.486
0.486
0.487
0.487
0.487
0.486
0.486
0.486
0.486
0.487
0.486
0.486
0.487
0.488
0.488
0.488
0.488
0.488
0.488
0.488
0.488
0.489
0.489
0.489
0.489
0.489
0.489
0.489
0.489
0.488
0.488
0.488
0.488
0.488
0.487
0.487
0.487
0.486
0.487
0.487
0.487
0.487
0.488
0.488
0.489
0.489
0.489
0.488
0.488
0.488
0.488
0.488
0.488
0.488
0.488
0.488
0.488
0.488
0.488
0.488
0.488
0.488
0.488
0.488
0.487
0.487
0.487
0.487
0.487
0.486
0.487
0.487
0.487
0.488
0.488
0.488
0.488
0.488
0.488
0.488
0.488
0.488
0.488
0.488
0.488
0.488
0.488
0.488
0.488
0.487
0.487
0.486
0.486
0.486
0.487
0.487
0.487
0.487
0.488
0.488
0.488
0.488
0.488
0.488
0.488
0.487
0.487
0.487
0.488
0.488
0.488
0.489
0.489
0.489
0.488
0.488
0.488
0.489
0.489
0.489
0.489
0.488
0.488
0.488
0.487
0.487
0.487
0.487
0.487
0.487
0.487
0.486
0.486
0.486
0.486
0.486
0.486
0.486
0.485
0.485
0.485
0.485
0.485
0.485
0.485
0.485
0.485
0.485
0.484
0.484
0.484
0.484
0.484
0.484
0.484
0.484
0.484
0.484
0.484
0.484
0.484
0.484
0.484
0.484
0.484
0.484
0.484
0.485
0.485
0.485
0.485
0.485
0.485
0.485
0.485
0.485
0.484
0.484
0.484
0.484
0.484
0.484
0.484
0.484
0.484
0.484
0.484
0.484
0.484
0.484
0.484
0.483
0.483
0.483
0.483
0.483
0.483
0.483
0.483
0.484
0.483
0.483
0.483
0.483
0.483
0.482
0.482
0.482
0.482
0.483
0.483
0.483
0.482
0.482
0.483
0.483
0.483
0.482
0.483
0.483
0.482
0.482
0.482
0.482
0.482
0.482
0.482
0.482
0.482
0.482
0.482
0.482
0.482
0.482
0.482
0.482
0.482
0.483
0.482
0.482
0.483
0.483
0.483
0.483
0.483
0.483
0.483
0.483
0.483
0.483
0.483
0.483
0.483
0.483
0.483
0.484
0.484
0.483
0.483
0.484
0.484
0.483
0.483
0.483
0.483
0.483
0.483
0.483
0.483
0.483
0.483
0.484
0.484
0.484
0.484
0.484
0.484
0.484
0.484
0.484
0.484
0.484
0.484
0.484
0.484
0.484
0.484
0.484
0.484
0.483
0.483
0.483
0.483
0.483
0.483
0.483
0.483
0.483
0.483
0.483
0.483
0.483
0.483
0.483
0.483
0.484
0.484
0.484
0.484
0.484
0.484
0.484
0.484
0.484
0.484
0.484
0.484
0.484
0.484
0.484
0.484
0.484
0.484
0.484
0.484
0.484
0.484
0.484
0.484
0.484
0.484
0.484
0.485
0.485
0.485
0.485
0.485
0.485
0.485
0.485
0.485
0.485
0.485
0.485
0.485
0.485
0.485
0.485
0.485
0.486
0.485
0.485
0.485
0.485
0.485
0.486
0.485
0.485
0.486
0.485
0.485
0.486
0.486
0.486
0.486
0.485
0.486
0.486
0.485
0.486
0.486
0.486
0.486
0.486
0.486
0.486
0.486
0.486
0.486
0.486
0.486
0.486
0.486
0.486
0.486
0.486
0.486
0.486
0.486
0.486
0.486
0.486
0.487
0.487
0.487
0.487
0.487
0.487
0.487
0.487
0.487
0.487
0.487
0.487
0.487
0.487
0.487
0.487
0.487
0.487
0.487
0.487
0.487
0.487
0.487
0.487
0.487
0.487
0.487
0.487
0.487
0.487
0.487
0.487
0.487
0.487
0.487
0.487
0.487
0.487
0.487
0.487
0.487
0.487
0.487
0.487
0.487
0.487
0.487
0.487
0.487
0.487
0.487
0.487
0.487
0.487
0.487
0.487
0.487
0.487
0.488
0.488
0.488
0.488
0.488
0.488
0.488
0.488
0.488
0.488
0.489
0.489
0.488
0.488
0.489
0.489
0.489
0.489
0.488
0.488
0.488
0.489
0.489
0.489
0.488
0.489
0.488
0.489
0.489
0.488
0.488
0.488
0.488
0.489
0.489
0.489
0.489
0.489
0.489
0.488
0.488
0.489
0.488
0.488
0.488
0.488
0.488
0.488
0.488
0.488
0.488
0.488
0.488
0.488
0.488
0.488
0.488
0.487
0.487
0.487
0.487
0.487
0.488
0.488
0.488
0.488
0.488
0.488
0.488
0.488
0.488
0.488
0.488
0.489
0.489
0.489
0.489
0.489
0.489
0.489
0.489
0.489
0.489
0.489
0.489
0.489
0.489
0.489
0.489
0.489
0.489
0.489
0.489
0.489
0.489
0.489
0.489
0.489
0.489
0.489
0.489
0.489
0.489
0.488
0.488
0.488
0.488
0.488
0.488
0.488
0.488
0.488
0.488
0.488
0.488
0.488
0.488
0.488
0.488
0.488
0.488
0.488
0.488
0.488
0.488
0.488
0.488
0.488
0.488
0.489
0.489
0.489
0.489
0.489
0.488
0.489
0.488
0.488
0.488
0.489
0.488
0.489
0.489
0.489
0.489
0.489
0.489
0.489
0.489
0.489
0.489
0.489
0.489
0.489
0.489
0.489
0.489
0.489
0.489
0.489
0.489
0.489
0.489
0.489
0.489
0.489
0.489
0.489
0.489
0.489
0.488
0.488
0.488
0.488
0.488
0.488
0.488
0.488
0.488
0.488
0.489
0.489
0.489
0.489
0.488
0.489
0.489
0.489
0.489
0.489
0.488
0.489
0.489
0.489
0.489
0.489
0.489
0.489
0.489
0.489
0.489
0.489
0.489
0.489
0.489
0.489
0.489
0.489
0.489
0.489
0.489
0.489
0.489
0.489
0.489
0.489
0.489
0.489
0.489
0.489
0.489
0.489
0.489
0.489
0.489
0.488
0.488
0.488
0.488
0.488
0.488
0.489
0.489
0.489
0.489
0.488
0.488
0.488
0.488
0.488
0.488
0.488
0.488
0.488
0.488
0.488
0.488
0.488
0.488
0.488
0.488
0.488
0.488
0.488
0.488
0.488
0.488
0.488
0.488
0.488
0.488
0.489
0.488
0.488
0.488
0.488
0.488
0.488
0.488
0.488
0.488
0.488
0.488
0.488
0.488
0.488
0.488
0.488
0.488
0.488
0.488
0.488
0.488
0.488
0.488
0.488
0.488
0.488
0.488
0.488
0.488
0.488
0.488
0.488
0.488
0.488
0.488
0.488
0.488
0.488
0.488
0.488
0.488
0.488
0.488
0.488
0.488
0.488
0.488
0.488
0.488
0.488
0.488
0.488
0.488
0.488
0.488
0.488
0.488
0.488
0.488
0.488
0.488
0.488
0.488
0.488
0.488
0.488
0.488
0.488
0.488
0.488
0.488
0.488
0.488
0.488
0.488
0.488
0.488
0.488
0.488
0.488
0.488
0.488
0.488
0.488
0.488
0.488
0.488
0.488
0.488
0.488
0.488
0.488
0.488
0.488
0.488
0.488
0.488
0.488
0.488
0.488
0.488
0.488
0.488
0.488
0.488
0.488
0.488
0.488
0.488
0.488
0.488
0.488
0.488
0.488
0.488
0.488
0.488
0.488
0.488
0.488
0.488
0.488
0.488
0.488
0.488
0.488
0.488
0.488
0.488
0.488
0.488
0.488
0.488
0.488
0.488
0.488
0.488
0.488
0.488
0.488
0.488
0.488
0.488
0.488
0.488
0.488
0.488
0.488
0.488
0.488
0.488
0.488
0.488
0.488
0.488
0.488
0.488
0.488
0.488
0.488
0.488
0.488
0.488
0.488
0.488
0.488
0.488
0.488
0.488
0.488
0.488
0.488
0.488
0.488
0.488
0.488
0.488
0.488
0.488
0.489
0.488
0.488
0.488
0.488
0.488
0.488
0.488
0.488
0.488
0.488
0.488
0.488
0.488
0.488
0.488
0.488
0.488
0.488
0.488
0.488
0.488
0.488
0.488
0.488
0.488
0.488
0.488
0.488
0.488
0.488
0.488
0.488
0.488
0.488
0.488
0.488
0.488
0.488
0.488
0.488
0.488
0.488
0.488
0.488
0.488
0.488
0.488
0.488
0.488
0.488
0.488
0.488
0.488
0.488
0.488
0.488
0.488
0.488
0.488
0.488
0.488
0.487
0.487
0.487
0.487
0.488
0.487
0.487
0.487
0.487
0.487
0.487
0.487
0.487
0.487
0.487
0.487
0.487
0.487
0.487
0.487
0.487
0.487
0.487
0.487
0.487
0.487
0.487
0.487
0.487
0.487
0.487
0.487
0.487
0.487
0.487
0.487
0.488
0.488
0.488
0.488
0.488
0.488
0.488
0.488
0.488
0.488
0.488
0.488
0.488
0.488
0.488
0.488
0.488
0.488
0.488
0.488
0.488
0.488
0.488
0.488
0.488
0.488
0.488
0.488
0.488
0.488
0.488
0.488
0.488
0.488
0.488
0.488
0.488
0.488
0.488
0.488
0.488
0.488
0.488
0.488
0.488
0.488
0.488
0.488
0.488
0.488
0.488
0.488
0.488
0.488
0.488
0.488
0.488
0.488
0.488
0.488
0.488
0.488
0.488
0.488
0.488
0.488
0.488
0.488
0.488
0.488
0.488
0.488
0.488
0.488
0.488
0.488
0.488
0.488
0.488
0.488
0.488
0.488
0.488
0.488
0.488
0.488
0.488
0.488
0.488
0.488
0.488
0.488
0.488
0.488
0.488
0.488
0.488
0.488
0.488
0.488
0.488
0.488
0.488
0.488
0.488
0.488
0.488
0.488
0.488
0.488
0.487
0.487
0.487
0.487
0.487
0.487
0.487
0.487
0.487
0.487
0.487
0.487
0.487
0.487
0.487
0.487
0.487
0.487
0.487
0.487
0.487
0.487
0.487
0.487
0.487
0.487
0.487
0.487
0.487
0.487
0.487
0.487
0.487
0.487
0.487
0.487
0.487
0.487
0.487
0.487
0.487
0.487
0.487
0.487
0.487
0.488
0.487
0.487