Precisão média por imagem
0.171
0.156
0.135
0.133
0.123
0.119
0.130
0.131
0.133
0.191
0.193
0.190
0.185
0.216
0.208
0.203
0.196
0.230
0.241
0.262
0.287
0.281
0.274
0.285
0.275
0.267
0.266
0.259
0.273
0.282
0.292
0.285
0.279
0.274
0.286
0.282
0.284
0.282
0.294
0.299
0.295
0.301
0.310
0.308
0.304
0.302
0.303
0.299
0.301
0.299
0.295
0.291
0.289
0.293
0.290
0.290
0.298
0.300
0.298
0.303
0.307
0.304
0.302
0.299
0.296
0.293
0.297
0.294
0.293
0.299
0.301
0.304
0.307
0.304
0.301
0.299
0.301
0.299
0.297
0.294
0.294
0.298
0.296
0.303
0.309
0.308
0.305
0.308
0.307
0.311
0.314
0.313
0.316
0.313
0.311
0.308
0.310
0.309
0.307
0.305
0.306
0.307
0.305
0.306
0.304
0.304
0.303
0.303
0.302
0.299
0.300
0.300
0.299
0.297
0.296
0.295
0.294
0.297
0.295
0.299
0.297
0.299
0.300
0.299
0.302
0.300
0.302
0.301
0.299
0.297
0.300
0.298
0.298
0.299
0.298
0.298
0.299
0.298
0.297
0.296
0.295
0.298
0.300
0.300
0.300
0.299
0.298
0.297
0.296
0.297
0.295
0.294
0.296
0.295
0.294
0.296
0.295
0.297
0.296
0.296
0.299
0.302
0.301
0.300
0.299
0.298
0.297
0.296
0.295
0.294
0.296
0.297
0.299
0.298
0.297
0.296
0.295
0.296
0.297
0.299
0.301
0.304
0.303
0.302
0.301
0.301
0.302
0.304
0.306
0.305
0.306
0.305
0.306
0.306
0.305
0.305
0.304
0.304
0.306
0.306
0.307
0.306
0.305
0.306
0.305
0.307
0.309
0.308
0.308
0.307
0.308
0.308
0.308
0.308
0.307
0.308
0.308
0.307
0.306
0.306
0.306
0.305
0.305
0.306
0.306
0.307
0.308
0.308
0.310
0.309
0.308
0.308
0.309
0.308
0.307
0.306
0.308
0.310
0.309
0.310
0.309
0.308
0.307
0.307
0.306
0.307
0.307
0.306
0.307
0.307
0.306
0.306
0.305
0.304
0.305
0.304
0.305
0.306
0.306
0.305
0.306
0.307
0.307
0.306
0.308
0.308
0.308
0.308
0.308
0.309
0.309
0.311
0.312
0.312
0.311
0.311
0.311
0.310
0.310
0.309
0.308
0.308
0.308
0.308
0.307
0.307
0.307
0.307
0.306
0.306
0.305
0.305
0.305
0.305
0.304
0.304
0.303
0.303
0.304
0.303
0.303
0.303
0.303
0.303
0.302
0.302
0.301
0.301
0.301
0.301
0.301
0.301
0.300
0.300
0.301
0.301
0.300
0.300
0.299
0.299
0.299
0.299
0.299
0.299
0.299
0.299
0.299
0.299
0.299
0.298
0.298
0.298
0.297
0.297
0.297
0.297
0.297
0.297
0.296
0.296
0.295
0.295
0.295
0.295
0.295
0.294
0.294
0.294
0.294
0.294
0.293
0.293
0.293
0.293
0.292
0.292
0.292
0.292
0.292
0.292
0.291
0.291
0.291
0.291
0.290
0.290
0.290
0.290
0.290
0.290
0.289
0.289
0.289
0.289
0.288
0.288
0.288
0.288
0.288
0.287
0.288
0.287
0.287
0.287
0.288
0.288
0.287
0.288
0.288
0.288
0.287
0.287
0.287
0.287
0.287
0.287
0.287
0.287
0.287
0.287
0.286
0.286
0.286
0.286
0.285
0.285
0.285
0.284
0.284
0.284
0.284
0.284
0.283
0.283
0.284
0.284
0.283
0.283
0.283
0.283
0.283
0.282
0.283
0.283
0.283
0.283
0.282
0.282
0.282
0.282
0.282
0.282
0.282
0.282
0.282
0.282
0.281
0.281
0.281
0.281
0.281
0.281
0.281
0.281
0.281
0.281
0.281
0.281
0.282
0.281
0.282
0.281
0.281
0.281
0.281
0.281
0.281
0.280
0.280
0.280
0.280
0.280
0.279
0.279
0.279
0.279
0.279
0.279
0.278
0.278
0.278
0.278
0.278
0.278
0.278
0.278
0.278
0.278
0.278
0.277
0.277
0.277
0.277
0.277
0.277
0.277
0.276
0.276
0.276
0.276
0.276
0.276
0.276
0.276
0.276
0.276
0.277
0.277
0.277
0.277
0.277
0.278
0.278
0.278
0.278
0.278
0.277
0.277
0.277
0.277
0.277
0.278
0.278
0.278
0.278
0.278
0.279
0.279
0.279
0.279
0.280
0.280
0.280
0.280
0.280
0.280
0.280
0.280
0.280
0.280
0.280
0.280
0.279
0.279
0.279
0.279
0.279
0.279
0.279
0.279
0.280
0.280
0.280
0.280
0.280
0.280
0.279
0.280
0.280
0.280
0.280
0.280
0.280
0.280
0.280
0.280
0.281
0.281
0.281
0.281
0.281
0.281
0.281
0.282
0.282
0.282
0.282
0.282
0.282
0.281
0.281
0.281
0.282
0.282
0.282
0.282
0.282
0.282
0.282
0.282
0.283
0.283
0.283
0.283
0.283
0.283
0.283
0.283
0.283
0.283
0.283
0.283
0.283
0.283
0.283
0.283
0.282
0.282
0.282
0.282
0.282
0.283
0.283
0.283
0.283
0.283
0.283
0.283
0.283
0.283
0.283
0.283
0.283
0.283
0.283
0.283
0.283
0.284
0.283
0.283
0.283
0.284
0.284
0.283
0.283
0.284
0.283
0.283
0.283
0.283
0.283
0.283
0.283
0.284
0.284
0.283
0.284
0.284
0.284
0.284
0.284
0.284
0.284
0.285
0.285
0.285
0.285
0.285
0.285
0.285
0.285
0.286
0.286
0.286
0.286
0.286
0.286
0.286
0.286
0.286
0.287
0.287
0.287
0.287
0.287
0.287
0.287
0.287
0.288
0.288
0.288
0.288
0.288
0.288
0.288
0.288
0.289
0.289
0.289
0.289
0.289
0.289
0.289
0.289
0.289
0.289
0.290
0.289
0.289
0.289
0.289
0.289
0.289
0.289
0.289
0.289
0.289
0.289
0.289
0.289
0.289
0.289
0.289
0.289
0.289
0.289
0.289
0.289
0.289
0.289
0.289
0.289
0.289
0.289
0.289
0.289
0.289
0.289
0.289
0.289
0.289
0.289
0.289
0.289
0.289
0.289
0.289
0.289
0.289
0.289
0.289
0.289
0.289
0.289
0.289
0.289
0.289
0.289
0.288
0.288
0.288
0.288
0.288
0.288
0.288
0.288
0.289
0.289
0.289
0.289
0.289
0.289
0.289
0.289
0.289
0.289
0.289
0.289
0.289
0.289
0.289
0.289
0.289
0.289
0.289
0.289
0.289
0.289
0.288
0.288
0.288
0.288
0.288
0.288
0.288
0.288
0.288
0.288
0.288
0.288
0.288
0.288
0.288
0.288
0.288
0.288
0.288
0.288
0.288
0.288
0.288
0.288
0.288
0.288
0.288
0.288
0.288
0.288
0.288
0.288
0.288
0.288
0.288
0.288
0.288
0.288
0.288
0.288
0.288
0.288
0.288
0.288
0.288
0.288
0.288
0.288
0.288
0.288
0.288
0.288
0.288
0.288
0.288
0.288
0.288
0.288
0.288
0.288
0.288
0.288
0.288
0.288
0.288
0.288
0.288
0.288
0.288
0.288
0.288
0.288
0.288
0.287
0.288
0.288
0.288
0.288
0.288
0.288
0.288
0.288
0.288
0.288
0.288
0.288
0.288
0.288
0.288
0.288
0.288
0.288
0.288
0.287
0.288
0.288
0.288
0.287
0.287
0.287
0.287
0.287
0.287
0.288
0.288
0.288
0.288
0.288
0.287
0.288
0.288
0.288
0.288
0.288
0.288
0.288
0.287
0.288
0.288
0.287
0.287
0.287
0.287
0.287
0.287
0.287
0.288
0.287
0.288
0.287
0.287
0.287
0.287
0.287
0.287
0.287
0.287
0.287
0.287
0.287
0.288
0.288
0.288
0.288
0.288
0.288
0.288
0.287
0.288
0.288
0.287
0.287
0.287
0.287
0.287
0.287
0.287
0.287
0.287
0.287
0.287
0.287
0.287
0.287
0.287
0.287
0.287
0.287
0.287
0.287
0.287
0.287
0.287
0.287
0.287
0.287
0.287
0.287
0.287
0.287
0.287
0.287
0.287
0.287
0.287
0.287
0.287
0.287
0.287
0.287
0.287
0.287
0.287
0.287
0.287
0.287
0.287
0.287
0.287
0.287
0.287
0.287
0.287
0.287
0.287
0.287
0.287
0.287
0.286
0.286
0.286
0.286
0.286
0.286
0.286
0.286
0.286
0.286
0.286
0.286
0.286
0.286
0.286
0.286
0.286
0.286
0.285
0.285
0.286
0.286
0.286
0.285
0.286
0.286
0.286
0.285
0.286
0.286
0.286
0.286
0.286
0.286
0.286
0.286
0.286
0.286
0.286
0.286
0.286
0.286
0.286
0.286
0.286
0.286
0.285
0.285
0.285
0.285
0.285
0.285
0.285
0.285
0.284
0.284
0.284
0.284
0.284
0.284
0.284
0.284
0.284
0.284
0.284
0.284
0.284
0.284
0.284
0.284
0.284
0.283
0.283
0.283
0.283
0.283
0.283
0.283
0.283
0.283
0.283
0.284
0.284
0.284
0.284
0.284
0.284
0.284
0.284
0.284
0.283
0.284
0.283
0.283
0.283
0.283
0.283
0.283
0.283
0.283
0.282
0.283
0.283
0.283
0.283
0.283
0.283
0.283
0.283
0.283
0.282
0.282
0.283
0.282
0.282
0.282
0.282
0.282
0.282
0.282
0.282
0.281
0.282
0.281
0.281
0.281
0.281
0.281
0.282
0.282
0.282
0.282
0.282
0.282
0.282
0.282
0.282
0.282
0.282
0.282
0.282
0.282
0.282
0.282
0.281
0.281
0.281
0.281
0.281
0.281
0.281
0.281
0.281
0.281
0.281
0.281
0.281
0.281
0.281
0.281
0.281
0.281
0.281
0.281
0.281
0.281
0.281
0.281
0.281
0.281
0.281
0.281
0.281
0.281
0.281
0.281
0.281
0.282
0.281
0.281
0.281
0.281
0.281
0.281
0.281
0.281
0.281
0.281
0.281
0.281
0.281
0.281
0.281
0.281
0.281
0.281
0.281
0.281
0.281
0.281
0.281
0.281
0.281
0.281
0.281
0.281
0.281
0.281
0.281
0.281
0.281
0.281
0.281
0.281
0.281
0.281
0.281
0.281
0.281
0.281
0.281
0.281
0.281
0.281
0.281
0.281
0.281
0.281
0.280
0.281
0.281
0.281
0.281
0.281
0.281
0.281
0.281
0.281
0.281
0.281
0.281
0.281
0.281
0.281
0.280
0.280
0.280
0.280
0.280
0.280
0.280
0.280
0.280
0.280
0.280
0.280
0.280
0.279
0.280
0.279
0.280
0.280
0.280
0.280
0.280
0.280
0.280
0.280
0.280
0.280
0.280
0.280
0.280
0.280
0.280
0.280
0.280
0.280
0.280
0.280
0.280
0.280
0.280
0.280
0.280
0.280
0.280
0.280
0.280
0.280
0.280
0.280
0.280
0.280
0.280
0.280
0.280
0.280
0.280
0.280
0.280
0.280
0.280
0.280
0.280
0.280
0.280
0.280
0.280
0.280
0.280
0.280
0.280
0.280
0.280
0.280
0.280
0.279
0.280
0.280
0.280
0.280
0.280
0.280
0.280
0.280
0.281
0.281
0.281
0.281
0.281
0.281
0.281
0.281
0.281
0.281
0.281
0.281
0.281
0.280
0.281
0.281
0.281
0.281
0.281
0.281
0.281
0.281
0.281
0.281
0.281
0.281
0.281
0.281
0.281
0.281
0.281
0.281
0.281
0.281
0.281
0.281
0.281
0.281
0.281
0.281
0.281
0.281
0.281
0.281
0.281
0.281
0.281
0.281
0.281
0.281
0.281
0.281
0.281
0.281
0.281
0.281
0.281
0.281
0.281
0.281
0.281
0.281
0.281
0.281
0.281
0.281
0.281
0.281
0.281
0.281
0.281
0.281
0.281
0.281
0.281
0.281
0.281
0.281
0.281
0.281
0.281
0.281
0.281
0.281
0.281
0.281
0.281
0.281
0.281
0.281
0.281
0.281
0.281
0.281
0.281
0.281
0.281
0.281
0.281
0.281
0.281
0.281
0.281
0.281
0.281
0.281
0.281
0.281
0.281
0.281
0.281
0.281
0.281
0.281
0.281
0.281
0.281
0.281
0.281
0.281
0.282
0.282
0.282
0.282
0.282
0.282
0.282
0.282
0.282
0.282
0.282
0.282
0.282
0.282
0.282
0.282
0.282
0.282
0.282
0.282
0.282
0.282
0.282
0.282
0.282
0.282
0.282
0.282
0.282
0.282
0.282
0.282
0.282
0.282
0.282
0.282
0.282
0.281
0.281
0.281
0.281
0.281
0.281
0.281
0.281
0.281
0.281
0.281
0.281
0.281
0.281
0.281
0.281
0.281
0.281
0.281
0.281
0.281
0.281
0.281
0.281
0.281
0.281
0.281
0.281
0.281
0.281
0.282
0.282
0.282
0.282
0.282
0.283
0.283
0.283
0.283
0.284
0.284
0.285
0.285
0.285
0.285
0.286
0.286
0.286
0.286
0.286
0.287
0.287
0.287
0.287
0.287
0.287
0.288
0.288
0.289
0.289
0.289
0.289
0.289
0.289
0.290
0.289
0.290
0.290
0.290
0.290
0.290
0.291
0.291
0.291
0.291
0.291
0.291
0.291
0.291
0.291
0.291
0.291
0.291
0.291
0.291
0.292
0.292
0.292
0.292
0.293
0.293
0.293
0.294
0.294
0.294
0.294
0.295
0.295
0.296
0.295
0.296
0.296
0.295
0.295
0.296
0.295
0.295
0.295
0.296
0.296
0.296
0.296
0.296
0.295
0.295
0.295
0.295
0.295
0.295
0.295
0.296
0.296
0.296
0.296
0.296
0.296
0.296
0.297
0.297
0.297
0.297
0.297
0.297
0.297
0.297
0.297
0.297
0.297
0.297
0.296
0.296
0.296
0.296
0.296
0.296
0.296
0.296
0.297
0.297
0.297
0.298
0.298
0.298
0.298
0.298
0.298
0.298
0.298
0.298
0.298
0.298
0.298
0.298
0.298
0.298
0.298
0.298
0.298
0.298
0.298
0.298
0.298
0.298
0.298
0.298
0.298
0.298
0.298
0.297
0.297
0.297
0.297
0.297
0.297
0.297
0.297
0.297
0.297
0.297
0.296
0.297
0.297
0.296
0.296
0.296
0.296
0.297
0.296
0.296
0.296
0.296
0.296
0.296
0.296
0.296
0.296
0.296
0.296
0.295
0.295
0.295
0.295
0.295
0.295
0.295
0.295
0.295
0.295
0.295
0.295
0.295
0.295
0.295
0.295
0.294
0.294
0.294
0.294
0.294
0.294
0.294
0.294
0.294
0.294
0.294
0.294
0.294
0.294
0.293
0.293
0.293
0.293
0.293
0.293
0.293
0.293
0.293
0.293
0.293
0.293
0.293
0.293
0.293
0.293
0.293
0.293
0.293
0.293
0.293
0.293
0.293
0.293
0.293
0.293
0.293
0.293
0.293
0.293
0.293
0.293
0.293
0.293
0.293
0.293
0.293
0.293
0.293
0.293
0.293
0.293
0.293
0.293
0.293
0.292
0.292
0.292
0.292
0.292
0.292
0.292
0.292
0.292
0.292
0.292
0.292
0.292
0.292
0.292
0.292
0.292
0.292
0.292
0.292
0.292
0.292
0.292
0.292
0.292
0.292
0.292
0.292
0.292
0.292
0.292
0.292
0.292
0.292
0.292
0.292
0.292
0.292
0.292
0.292
0.292
0.292
0.292
0.292
0.292
0.292
0.292
0.292
0.292
0.291
0.291
0.291
0.291
0.291
0.291
0.291
0.291
0.291
0.291
0.291
0.291
0.291
0.291
0.291
0.291
0.291
0.291
0.291
0.291
0.291
0.291
0.291
0.291
0.291
0.291
0.291
0.291
0.291
0.291
0.291
0.291
0.291
0.291
0.291
0.291
0.291
0.291
0.291
0.291
0.291
0.291
0.291
0.291
0.290
0.290
0.290
0.290
0.290
0.290
0.290
0.290
0.290
0.290
0.290
0.290
0.290
0.290
0.290
0.290
0.290
0.290
0.290
0.290
0.290
0.290
0.290
0.290
0.290
0.290
0.290
0.290
0.290
0.290
0.290
0.290
0.290
0.290
0.290
0.290
0.290
0.290
0.290
0.289
0.289
0.289
0.289
0.289
0.289
0.289
0.289
0.290
0.290
0.290
0.290
0.289
0.289
0.289
0.290
0.290
0.290
0.290
0.289
0.289
0.289
0.289
0.289
0.289
0.289
0.289
0.289
0.289
0.289
0.289
0.289
0.290
0.290
0.290
0.290
0.290
0.290
0.290
0.290
0.290
0.290
0.290
0.290
0.290
0.290
0.290
0.290
0.290
0.290
0.290
0.290
0.290
0.290
0.290
0.290
0.290
0.290
0.290
0.290
0.290
0.290
0.290
0.290
0.290
0.290
0.290
0.290
0.290
0.290
0.290
0.290
0.290
0.290
0.290
0.290
0.290
0.290
0.290
0.290
0.290
0.290
0.290
0.290
0.290
0.290
0.290
0.290
0.290
0.290
0.290
0.290
0.290
0.290
0.290
0.290
0.290
0.290
0.290
0.290
0.290
0.290
0.290
0.291
0.291
0.291
0.291
0.290
0.290
0.290
0.290
0.290
0.290
0.290
0.290
0.290
0.290
0.290
0.290
0.290
0.290
0.290
0.290
0.290
0.290
0.290
0.290
0.290
0.290
0.290
0.290
0.290
0.290
0.290
0.290
0.290
0.290
0.290
0.291
0.291
0.290
0.290
0.291
0.291
0.290
0.291
0.291
0.291
0.291
0.291
0.291
0.291
0.291
0.291
0.291
0.291
0.291
0.291
0.291
0.291
0.291
0.291
0.291
0.291
0.291
0.291
0.291
0.291
0.291
0.291
0.291
0.291
0.291
0.291
0.291
0.291
0.291
0.291
0.291
0.291
0.291
0.291
0.291
0.291
0.291
0.291
0.291
0.291
0.291
0.291
0.291
0.291
0.291
0.291
0.291
0.291
0.291
0.291
0.291
0.291
0.291
0.291
0.291
0.291
0.291
0.291
0.291
0.291
0.291
0.291
0.291
0.291
0.291
0.291
0.291
0.291
0.291
0.291
0.291
0.291
0.291
0.291
0.291
0.291
0.291
0.291
0.291
0.291
0.291
0.291
0.291
0.291
0.291
0.291
0.291
0.291
0.291
0.291
0.291
0.291
0.291
0.291
0.291
0.291
0.291
0.291
0.291
0.291
0.291
0.291
0.291
0.291
0.291
0.291
0.291
0.291
0.291
0.291
0.291
0.292
0.292
0.292
0.292
0.291
0.291
0.291
0.291
0.291
0.291
0.291
0.291
0.291
0.291
0.291
0.291
0.291
0.292
0.292
0.292
0.292
0.292
0.292
0.292
0.292
0.292
0.292
0.292
0.292
0.292
0.292
0.292
0.292
0.292
0.292
0.292
0.292
0.292
0.292
0.292
0.292
0.292
0.292
0.292
0.292
0.292
0.292
0.292
0.292
0.292
0.292
0.292
0.292
0.292
0.292
0.292
0.292
0.292
0.292
0.292
0.292
0.292
0.292
0.292
0.292
0.292
0.292
0.292
0.292
0.292
0.292
0.292
0.292
0.292
0.292
0.292
0.292
0.292
0.292
0.292
0.292
0.292
0.293
0.293
0.293
0.293
0.293
0.293
0.293
0.293
0.293
0.293
0.293
0.292
0.292
0.292
0.292
0.292
0.292
0.293
0.292
0.293
0.292
0.293