0 1 121.6308 44.0884 -0.1041 -1.0336 
0 1 134.6482 52.7605 -0.1113 -1.0693 
0 0 131.9230 45.0797 -0.2499 -0.5173 
0 0 118.1539 37.0196 0.4166 0.4382 
0 0 130.9576 52.0920 -0.0982 -0.7154 
0 1 152.4929 43.3450 -0.2436 -0.5697 
0 1 147.6727 49.0014 -0.2722 -0.8450 
0 1 100.2551 38.6080 0.0151 -0.4427 
0 0 153.0275 61.0493 -0.6273 -0.9287 
0 0 142.7721 44.7898 -0.5336 -0.4926 
0 0 158.3354 31.2239 -0.6752 2.6870 
0 0 136.3257 48.0067 -0.6740 -0.1052 
0 0 121.5576 52.5440 0.1346 -1.0966 
0 0 89.2750 47.9643 0.0443 -0.9784 
0 1 65.4198 24.4762 0.8179 -0.2055 
0 1 101.0997 43.8138 0.5338 -0.1848 
0 0 127.6831 43.1761 -0.3320 -0.4252 
0 0 152.1051 43.2388 -0.5064 -0.0170 
0 0 155.7870 38.7790 -0.5525 0.4763 
0 0 146.8136 48.3721 -0.2555 -0.9390 
0 1 178.9016 43.0869 -0.8111 0.2265 
0 1 155.2389 45.7501 -0.9994 0.2888 
0 1 169.6552 53.2836 -1.0434 0.7671 
0 1 157.9532 54.4939 -0.5778 -0.5745 
0 0 99.4189 47.4629 0.8965 -0.4072 
0 0 113.4084 47.5027 0.5157 -0.6222 
0 0 91.3051 49.8227 -0.0625 -0.7653 
0 0 121.4651 47.9894 -0.3965 -0.6671 
0 0 186.2539 51.0866 -1.5591 2.0262 
0 0 109.3325 73.4876 -0.0488 -1.3288 
0 0 123.9607 65.8215 -0.4700 -1.1890 
0 0 105.0292 34.3104 -0.3890 -0.1458 
0 1 146.0350 58.6806 -0.2209 -1.0777 
0 1 128.7135 47.0191 -0.0067 -0.7790 
0 1 162.2179 42.6715 -1.4545 1.8515 
0 1 137.1923 75.2171 -0.5640 -0.8907 
0 1 142.4383 75.2207 -0.4621 -1.0897 
0 0 160.6355 37.8850 -0.6291 0.1272 
0 0 111.4960 47.4677 0.1447 -0.9685 
0 1 115.6264 39.7648 0.8157 0.5203 
0 1 104.6294 37.8183 0.6656 -0.0868 
0 1 117.6384 42.6872 0.2535 -0.7556 
0 1 106.7043 46.0161 0.7040 -0.5119 
0 1 106.7851 44.8084 0.3176 -0.6853 
0 0 141.0179 39.2968 -0.4183 0.1915 
0 0 153.6261 46.8063 -0.5318 -0.0507 
0 0 158.5901 42.7638 -1.0194 0.4962 
0 0 120.4878 50.8703 0.1705 -0.9219 
0 0 156.6129 48.2116 -0.6589 0.1202 
0 1 155.0633 58.3409 -0.5932 -0.6490 
0 1 78.2928 40.0336 0.6212 1.2953 
0 1 132.3447 50.5286 -0.1543 -0.6246 
0 1 88.3355 34.0097 -0.2008 -0.6328 
0 1 88.0638 41.7069 0.8282 -0.2325 
0 0 141.7684 60.0009 -0.0875 -0.9536 
0 0 154.5827 40.8655 -0.8491 0.9239 
0 1 102.8133 47.1131 0.4156 -0.6867 
0 1 120.7733 41.8885 -0.3041 -0.4492 
0 1 107.2055 57.9085 0.3906 -1.2036 
0 1 85.1197 44.0998 0.6146 -0.3735 
0 0 135.3724 59.4574 0.0078 -1.2804 
0 0 124.9866 38.0441 -0.2407 -0.5193 
0 1 132.5214 50.6159 -0.0202 -1.0990 
0 1 108.4584 44.6988 0.1514 -0.8817 
0 0 156.6133 44.1900 -0.8532 0.0308 
0 0 132.2644 46.7941 0.1269 -0.7866 
0 1 141.4432 52.4071 -0.4058 -0.8668 
0 1 140.3644 57.2323 -0.2161 -1.1494 
0 1 90.3480 30.5330 -0.4467 -0.6075 
0 1 82.8718 38.8202 0.3795 -0.8686 
0 1 99.7184 42.0375 0.6847 0.0855 
0 1 143.4847 62.1643 -0.5805 -0.9261 
0 0 149.2010 60.3562 -0.5164 -0.8193 
0 0 166.9210 48.2677 -0.6238 -0.3447 
0 1 137.9868 62.8411 -0.0788 -1.3718 
0 1 156.9444 48.6519 -0.3371 -0.9741 
0 0 74.3490 24.7591 0.0894 -0.3531 
0 0 133.5065 47.1850 -0.1835 -0.5146 
0 0 112.8468 41.3855 0.5326 -0.4183 
0 0 80.0518 63.4289 2.0998 3.1703 
0 0 145.1361 39.2272 -0.0575 -0.3652 
0 0 35.4240 14.6351 1.2143 5.4625 
0 0 107.9188 35.5691 0.7173 0.3939 
0 0 107.9536 42.1573 0.6400 -0.0963 
0 0 152.9480 53.6978 -0.4347 -0.8985 
0 0 112.4589 39.5879 0.4974 -0.2347 
0 0 180.2707 21.4751 0.0537 0.6647 
0 0 109.3653 39.8256 0.4992 -0.2627 
0 0 82.9759 26.6070 1.8212 6.9564 
0 0 131.1083 45.9016 0.1252 -0.8225 
0 0 74.2946 33.9734 0.2510 0.4032 
0 0 97.8683 39.9811 0.7915 0.2491 
0 0 136.8058 54.7120 -0.3685 -0.7971 
0 0 94.7867 42.9409 0.9329 0.1981 
0 0 109.5642 42.8052 0.4267 -0.3162 
0 0 142.7872 35.2807 0.1058 -0.1469 
0 1 157.1456 55.6988 -0.5055 -0.2481 
0 1 142.4320 56.8918 -0.0700 -1.0728 
0 1 134.3583 47.4423 -0.2132 -0.7411 
0 0 151.8513 48.2661 -0.4007 -0.5284 
0 0 148.0986 46.4586 -0.4837 -0.2222 
0 0 152.8772 46.7021 -0.1732 -0.5322 
0 0 171.6916 78.9887 -0.9051 -0.6645 
0 0 177.6630 70.7697 -1.0117 0.0567 
0 0 138.3353 50.6524 -0.2660 -0.6160 
0 1 93.3194 28.6748 0.1531 0.6247 
0 1 144.7412 39.5710 -0.3298 0.0165 
0 1 160.2069 41.5309 -0.7772 0.8870 
0 1 146.3017 47.8513 -0.4385 -0.7472 
0 1 162.0082 42.8751 -0.8828 0.5790 
0 0 139.4358 37.2181 -0.4204 0.4995 
0 0 148.7655 50.8483 -0.6978 -0.5862 
0 1 127.1402 47.0296 0.2129 -0.8870 
0 1 85.8248 28.4469 -0.0685 -0.6414 
0 1 205.7701 20.7882 -0.2759 -0.2745 
0 1 137.8333 52.9225 -0.1523 -0.9687 
0 1 123.5499 34.2127 -0.1607 -0.3544 
0 1 167.6519 52.6699 -0.5549 -0.4986 
0 1 103.4082 38.2513 0.0208 -1.2702 
0 1 114.7913 45.2800 0.0764 -0.9309 
0 0 103.2667 46.5790 -0.2463 -1.1264 
0 0 120.7583 37.2235 -0.4308 -0.7175 
0 0 94.8920 35.3325 -0.1244 -0.8723 
0 0 117.0550 39.2148 0.2448 -0.4898 
0 0 141.3975 42.1542 0.4503 -0.3765 
0 1 147.7959 57.7833 -0.5632 -0.7905 
0 1 168.5670 56.1450 -0.6520 -0.5530 
0 1 162.2404 52.5436 -0.5407 -0.6264 
0 1 154.9531 55.0577 -0.4221 -0.7423 
0 1 178.1415 46.2168 -0.8858 0.2062 
0 1 157.7490 59.6736 -0.6650 -0.7625 
0 0 60.5538 30.6700 1.8336 7.5189 
0 0 121.1468 48.7550 0.2566 -0.8769 
0 1 142.2153 62.2159 -0.1906 -1.1165 
0 1 91.6943 40.9816 0.0911 -0.7254 
0 1 126.1722 45.2010 -0.6445 -0.3190 
0 0 133.4653 49.6830 0.0746 -0.8950 
0 0 145.9738 49.8320 -0.4113 -0.7654 
0 0 118.1091 31.7761 -0.2414 2.4049 
0 1 62.4479 29.0635 2.0321 7.7060 
0 1 135.3650 50.5532 -0.0811 -1.0924 
0 1 132.3789 49.5109 0.1271 -0.8716 
0 1 135.5556 49.3831 -0.3059 -0.8772 
0 1 86.0748 34.4592 0.8206 1.6153 
0 1 155.8149 56.7162 -0.9211 -0.2209 
0 0 113.3923 36.8132 -0.6431 -0.2590 
0 0 131.2231 52.0106 -0.3361 -0.7496 
0 1 133.3763 37.3799 -0.9072 0.7513 
0 1 127.8077 39.7905 0.3700 0.1747 
0 1 78.8663 31.1059 0.1601 -0.7670 
0 0 138.8961 46.3197 -0.3985 0.0850 
0 0 119.1474 45.0842 0.3770 -0.1017 
0 0 129.3130 49.1135 0.0914 -0.8214 
0 0 143.9839 52.4133 -0.8157 -0.2067 
0 0 170.3637 65.6952 -0.9589 0.1960 
0 0 145.3276 49.0310 -0.6306 -0.5632 
0 0 156.5373 58.1358 -0.8292 -0.3233 
0 0 105.1102 39.0606 -0.5205 -0.6775 
0 1 125.4804 22.8012 -0.5364 1.1730 
0 1 185.1799 49.7307 -1.2255 0.8441 
0 0 163.6548 49.0236 -1.1247 0.7184 
0 0 140.2434 35.7695 -0.1743 0.0505 
0 0 173.7854 48.2023 -0.9925 0.5672 
0 0 130.2815 48.0709 -0.2094 -0.8730 
0 0 154.1664 36.3996 -1.0809 1.0573 
0 1 90.0481 41.3796 0.9802 0.3842 
0 1 77.8750 31.1580 0.5236 -0.3895 
0 1 85.9732 40.6069 0.3756 -0.2670 
0 0 115.0471 56.6292 -0.1502 -0.8368 
0 0 156.6578 50.7484 -0.4898 -0.5819 
0 1 161.1755 45.3693 -0.4263 -0.5441 
0 1 156.2632 56.4517 -0.7115 -0.7547 
0 1 128.8387 52.8052 0.0638 -1.0914 
0 1 131.7969 48.1504 -0.1993 -1.0128 
0 0 149.3634 60.2405 -0.3804 -1.0190 
0 0 155.6211 61.5641 -0.7889 -0.5976 
0 0 162.1805 46.0162 -0.9149 0.1707 
0 0 157.7471 45.3226 -0.7382 -0.0917 
0 1 154.7940 53.7660 -0.6789 -0.3065 
0 1 112.0750 42.4362 0.0768 -0.9183 
0 1 122.5532 56.4225 0.2300 -1.1862 
0 1 107.7597 42.1741 0.4957 -0.0658 
0 1 97.5915 45.6276 0.9338 0.0391 
0 1 128.0507 55.4295 0.4031 -1.0043 
0 1 115.9697 53.0057 0.6456 -0.7574 
0 1 153.5558 65.3264 -0.2902 -1.2308 
0 1 171.0563 32.4013 -0.2186 -1.2628 
0 0 139.0369 49.4516 -0.2457 -1.1109 
0 0 134.1069 81.6160 -0.5712 -1.1380 
0 0 118.7095 35.3977 0.1011 -0.4368 
0 1 134.6957 54.9064 -0.0084 -1.1277 
0 1 125.5662 73.8255 -0.3013 -1.1420 
0 1 184.5987 42.0872 -1.4798 2.5096 
0 1 102.2884 49.4505 0.6827 -0.5125 
0 0 57.7835 37.2791 3.0568 13.3849 
0 0 114.6712 42.8585 0.0199 -0.5635 
0 0 118.6994 49.2402 0.3298 -0.9736 
0 0 141.2010 54.2327 -0.1230 -1.0739 
0 0 131.2121 41.9071 0.0787 -0.7006 
0 0 141.1986 42.7675 -0.4473 -0.1014 
0 0 115.2125 48.9194 -0.0311 -0.6229 
0 0 180.0376 31.2017 0.0797 -0.0120 
0 0 102.2295 43.5864 0.3166 0.5342 
0 0 136.1270 41.3184 -0.6439 -0.2633 
0 0 106.0997 63.0040 0.8738 0.1867 
0 0 104.1007 38.8954 0.3872 -0.4781 
0 0 121.7608 50.2633 -0.3478 -1.1616 
0 0 108.6672 50.1221 0.3323 -0.9718 
0 0 113.0885 49.9713 0.2782 -0.9356 
0 1 144.0220 53.1485 -0.3508 -0.9639 
0 1 142.9943 45.9658 -0.2417 -0.6200 
0 1 180.7115 57.1456 -0.8069 -0.5120 
0 1 204.1926 38.3013 -0.8009 -0.3405 
0 1 115.4901 54.0076 0.2311 -1.0681 
0 1 92.9032 43.1356 0.6910 -0.4434 
0 1 145.0068 50.7944 -0.4691 -0.6588 
0 0 142.6116 45.8027 -0.1373 -0.8096 
0 0 128.0480 36.4712 -0.5870 -0.3514 
0 0 103.1898 38.0804 1.1320 4.4383 
0 1 85.4695 39.0784 0.3449 -0.7144 
0 1 136.4091 45.5127 -0.2641 -0.7889 
0 1 102.1253 34.5849 0.0196 -0.0295 
0 1 121.5021 57.0369 -0.4971 -0.6464 
0 0 131.4708 49.3846 0.1855 -1.0729 
0 0 132.5079 57.2081 -0.0135 -1.3133 
0 0 136.0859 51.4723 -0.3502 -0.6897 
0 0 130.4726 46.9920 0.3183 -0.9753 
0 0 117.9393 51.0236 0.1170 -1.1877 
0 0 153.0035 34.1837 0.3526 -1.0376 
0 0 120.6864 46.8623 -0.0820 -0.4425 
0 0 131.3252 37.6195 -0.4186 0.0804 
0 0 152.7937 68.4943 -0.8075 -0.5413 
0 1 166.3405 46.5204 -0.6911 0.1072 
0 0 125.5661 56.2409 0.1842 -1.1047 
0 0 136.0582 43.2981 -0.1219 -0.6917 
0 0 111.1973 47.7421 0.4836 -0.5808 
0 0 92.0594 30.2305 -0.8253 -0.0244 
0 0 119.7234 48.7527 0.4324 -0.3019 
0 0 112.0293 46.6798 0.3950 -0.6931 
0 0 153.6053 46.7089 -0.4658 -0.2165 
0 0 146.2703 55.1438 -0.5330 -0.6519 
0 1 149.1371 52.6634 -0.1505 -0.7756 
0 1 152.4659 51.0947 -0.3510 -0.6104 
0 1 106.1665 37.4473 0.0873 -0.1215 
0 1 155.8788 57.6628 -0.6233 -0.6211 
0 1 88.6997 43.7938 0.5227 -0.4489 
0 1 91.3811 46.0612 0.5630 -0.6103 
0 0 80.0247 32.8638 0.3534 -0.5005 
0 0 109.9830 44.6058 0.3403 -0.2389 
0 1 120.0602 47.8785 -0.0570 -0.7867 
0 1 107.6481 43.7934 0.4188 -0.2199 
0 0 148.1313 36.0305 -0.9808 1.2804 
0 0 127.8923 41.5289 0.3096 -0.6254 
0 0 152.3319 40.6291 -0.8314 0.2846 
0 0 107.9165 39.7720 0.4953 -0.0404 
0 0 125.7992 43.8836 0.4016 -0.6631 
0 1 172.2241 41.5835 -1.3228 1.7972 
0 0 131.6780 47.8273 0.0441 -0.9818 
0 0 143.0779 50.9898 -0.5575 0.1077 
0 0 146.1515 53.0961 -0.3003 -0.9658 
0 0 107.1167 45.0265 0.0751 -1.0236 
0 1 88.4437 35.7541 1.0855 0.9634 
0 1 83.1843 26.3806 0.4292 -0.4225 
0 0 180.5545 56.7623 -1.1039 0.1755 
0 1 103.9119 45.7092 0.7020 -0.2960 
0 1 129.9836 50.9406 -0.1273 -0.9250 
0 1 67.6494 34.8259 0.8156 -0.2593 
0 1 136.7521 49.3263 -0.3390 -0.3730 
0 0 119.2761 48.8060 0.3309 -0.9305 
0 0 115.9938 44.3397 0.4335 -0.4880 
0 1 177.6632 42.2804 -0.9005 1.4891 
0 1 146.7622 59.8574 -0.5835 -0.9634 
0 1 197.0834 41.2242 -1.2675 0.9170 
0 1 186.4290 36.2718 -0.6427 -0.2076 
0 0 147.0729 51.3274 -0.6147 -0.4315 
0 0 88.5945 59.2414 0.2455 -0.6773 
0 0 158.9309 53.6489 -0.5309 -0.5362 
0 0 138.6987 54.7307 -0.2468 -1.0916 
0 1 138.7501 54.9229 -0.2880 -0.9733 
0 1 168.6819 40.9458 -1.1217 1.9847 
0 1 91.0154 53.2059 0.9753 0.0100 
0 1 128.8448 57.7014 -0.0069 -1.1658 
0 1 74.6085 40.9253 0.8358 -0.3327 
0 1 118.2350 47.1402 0.1623 -0.7029 
0 0 165.2061 23.3495 -1.8602 6.5236 
0 0 191.8873 47.7130 -1.9902 3.6970 
0 0 146.3894 56.4611 -0.3363 -0.9918 
0 1 144.1274 54.2727 -0.2314 -1.1456 
0 1 140.7981 56.0265 0.0610 -1.0997 
0 0 136.5160 46.8420 -0.3180 -0.5504 
0 0 165.0697 32.0246 -0.2633 0.7872 
0 0 85.8553 30.1954 0.1105 -0.1780 
0 1 129.4716 45.2518 0.2783 -0.6381 
0 1 113.4972 40.9058 0.4486 -0.1485 
0 1 122.3301 45.2833 0.5833 -0.4181 
0 1 121.7263 40.0316 -0.2924 -0.3709 
0 0 140.6661 41.7479 -0.6414 0.3356 
0 0 98.9925 35.9560 1.0251 1.0992 
0 1 155.1740 46.5036 -0.4914 -0.3289 
0 0 123.6222 75.6883 -0.2669 -1.4165 
0 0 143.5464 53.2137 -0.4123 -0.7931 
0 0 143.5157 55.6287 -0.4303 -0.9568 
0 0 191.0615 19.9841 -0.0609 0.7756 
0 0 158.6732 54.1993 -0.6387 -0.2259 
0 0 126.9462 52.6437 -0.0164 -0.8948 
0 0 149.4902 47.7663 -0.2401 -0.8430 
0 0 137.9827 48.4956 -0.0556 -0.7313 
0 1 102.1911 37.1947 0.3439 -0.5038 
0 1 150.2582 47.9351 -0.7365 -0.2834 
0 1 115.9174 38.7923 -0.2734 -0.6708 
0 1 134.7455 45.0254 -0.0132 -0.8316 
0 1 181.7578 53.1811 -1.2232 0.7152 
0 0 145.5496 54.9698 -0.5961 -0.6816 
0 0 123.0427 51.6502 -0.3255 -0.8804 
0 0 132.5732 44.0404 -0.3472 -0.6587 
0 0 160.5162 38.0889 -0.8682 1.2434 
0 1 111.3435 42.7706 0.7154 0.1429 
0 1 147.3797 41.9021 -0.2794 -0.6090 
0 1 163.8535 37.1709 -1.2592 1.6811 
0 0 120.9443 48.7268 -0.0158 -0.9662 
0 0 129.7609 58.4620 -0.0820 -1.3560 
0 0 128.7558 62.3245 -0.0794 -1.4162 
0 1 114.6660 49.2305 0.3328 -0.8401 
0 1 89.2764 41.4996 0.0005 -1.1290 
0 1 146.5369 31.1714 -0.5749 0.2408 
0 1 167.6630 39.9162 -1.1882 1.8609 
0 0 126.9498 50.5217 0.3958 -0.8887 
0 0 137.9591 41.9135 -0.1143 -0.6904 
0 0 154.5459 48.1503 -0.7681 -0.0448 
0 0 142.0724 46.9603 -0.0926 -0.5208 
0 0 131.0253 51.1407 0.2182 -1.0607 
0 0 126.8201 53.8770 -0.1687 -0.8970 
0 0 157.9059 59.9140 -0.2981 -1.1441 
0 0 144.0326 57.0441 0.0197 -1.0217 
0 1 101.7357 31.4469 0.2427 2.9361 
0 1 142.2654 53.4910 0.0434 -1.0712 
0 0 112.1391 79.3505 -0.0983 -1.4729 
0 0 99.9230 66.3831 -0.1491 -1.1442 
0 1 144.9286 58.4367 -0.1167 -1.0448 
0 1 158.4930 51.8707 -0.1821 -0.9595 
0 0 144.1790 41.3235 -0.2321 -0.5149 
0 0 114.3669 45.7793 0.6006 -0.4220 
0 1 176.8459 52.5107 -1.4718 1.3464 
0 0 95.8218 36.7664 0.3316 -0.3058 
0 0 123.7200 52.1411 -0.4349 -0.9863 
0 0 153.3491 51.4412 -0.5401 -0.7111 
0 0 116.4808 48.0008 0.3763 -0.4501 
0 0 156.9616 37.1660 0.2037 0.2030 
0 0 217.6489 29.6846 -2.9037 11.0709 
0 0 162.5200 43.8827 -1.0355 0.8939 
0 0 104.8872 49.2261 0.6496 -0.4138 
0 0 141.6624 44.8245 -0.1157 -0.5000 
0 0 122.9104 41.9082 0.0411 -0.7735 
0 0 133.2309 42.9241 -0.1284 -0.4439 
0 1 126.7413 52.0727 0.1870 -0.8662 
0 0 117.0654 54.2978 0.0068 -0.9940 
0 0 115.9764 49.6504 0.3681 -0.5650 
0 0 109.2688 43.5925 0.3396 -0.5836 
0 0 150.5274 42.5551 -0.3758 -0.4918 
0 0 133.8116 50.8218 -0.1796 -0.8731 
0 0 146.8717 57.3213 -0.1407 -0.9477 
0 0 164.4805 49.8718 -0.8277 0.1827 
0 0 158.7898 45.4959 -0.4445 -0.0266 
0 0 155.4181 44.4768 -1.1499 0.7124 
0 0 150.9601 41.9473 -0.6484 -0.1433 
0 0 97.5188 30.2561 0.1684 -0.4761 
0 0 93.7973 31.7489 0.4489 -0.4234 
0 1 140.5394 54.9679 -0.3609 -0.9474 
0 1 144.5600 41.9317 -0.4425 -0.1957 
0 0 138.8061 57.4334 -0.2182 -0.8271 
0 1 151.8502 56.8518 -0.5459 -0.9074 
0 1 142.6870 43.5630 -0.6252 -0.2137 
0 0 145.5561 58.4672 -0.4501 -0.9239 
0 0 149.7718 58.3504 -0.5743 -0.8967 
0 0 190.3618 43.2052 -1.5279 1.9448 
0 0 124.1037 33.9276 -0.5234 -0.1051 
0 0 151.4728 45.3491 -0.5376 0.1263 
0 0 149.4116 70.1976 -0.6935 -0.6679 
0 0 150.0581 63.5449 -0.7003 -0.4451 
0 0 96.9145 40.7954 0.9149 0.5765 
0 1 173.1026 41.5586 -0.6760 -0.2882 
0 1 186.4799 41.4059 -1.0938 1.1879 
0 1 130.1570 46.3262 -0.0098 -0.9971 
0 1 127.1981 44.4446 0.1768 -0.6824 
0 1 130.0941 42.5213 -0.3921 -0.5309 
0 1 80.0730 29.4238 0.4081 -0.2613 
0 1 134.2186 40.1418 -0.4440 -0.4867 
0 0 100.3146 34.7898 0.5232 -0.3021 
0 0 109.5260 42.1754 0.3050 -0.7665 
0 0 185.2972 55.1377 -1.4918 1.3810 
0 1 113.2163 43.4022 0.8795 0.0972 
0 1 97.8781 46.6574 0.7414 -0.4006 
0 1 114.9303 40.2152 0.5566 -0.0171 
0 1 118.1736 34.3621 0.7043 0.6515 
0 0 97.2806 34.1795 0.1173 -0.5513 
0 0 126.0398 35.6746 -0.3623 -0.2565 
0 0 148.5440 46.2158 -0.4400 -0.1208 
0 1 138.7530 48.7469 0.0655 -0.6692 
0 1 151.9751 44.3875 -0.8804 0.8776 
0 1 148.2731 62.8192 -0.5629 -0.7955 
0 1 189.6348 55.1500 -1.1072 0.1701 
0 1 187.3995 68.0483 -1.2281 0.3539 
0 0 107.4800 38.7013 -0.4851 -0.9958 
0 0 144.6447 55.6333 -0.3142 -1.1344 
0 0 172.2506 41.2945 -0.6612 0.5211 
0 0 168.4242 44.5988 -0.8734 0.3707 
0 1 149.7354 57.8119 -0.3056 -1.1201 
0 1 142.3335 66.2882 0.0190 -1.4480 
0 1 143.2432 54.5530 -0.5230 -0.9371 
0 1 136.0458 44.7003 0.0550 -0.8585 
0 1 100.5549 30.2424 -0.4726 0.0987 
0 1 102.4565 52.0934 0.6660 -0.4902 
0 1 129.6333 48.3359 0.1536 -0.9196 
0 1 163.3332 45.4314 -0.6703 0.0587 
0 1 121.7520 48.0560 0.3650 -0.8291 
0 1 144.4026 43.7464 -0.1990 -0.2269 
0 0 138.5334 47.9562 -0.2032 -0.9434 
0 0 125.8523 42.5556 0.0821 -0.8596 
0 0 153.2165 41.0218 -0.4544 -0.4769 
0 0 145.4518 41.6289 0.3859 -1.0710 
0 1 112.6726 28.3155 0.9345 1.0661 
0 1 129.6102 39.2949 0.5634 -0.4830 
0 0 151.9333 48.3189 -1.1677 0.8364 
0 1 163.5205 59.2890 -0.8144 -0.4376 
0 1 162.8153 53.1735 -0.8283 -0.5457 
0 1 127.9943 76.6134 -0.2882 -1.1584 
0 1 92.3067 46.7670 0.2749 0.6940 
0 1 78.9028 59.3152 0.2636 -0.8328 
0 0 122.9706 49.5925 -0.1358 -1.0366 
0 0 143.9825 49.2781 -0.4696 -0.6348 
0 1 132.5703 51.8804 0.1391 -1.1582 
0 0 146.2142 60.6636 -0.5010 -0.9996 
0 0 57.3514 19.8999 -0.0662 1.1609 
0 0 160.7560 37.7931 -0.5861 0.8403 
0 0 153.5264 45.8493 -0.7071 0.2785 
0 0 99.1716 47.0645 0.4085 -0.9550 
0 0 137.4083 47.9620 0.0332 -0.7368 
0 0 102.5698 39.8822 -0.0417 0.4859 
0 0 191.7121 39.1597 -1.4301 2.0158 
0 0 146.5272 46.4031 -0.3958 -0.1423 
0 0 151.9217 33.7078 -0.5440 0.5729 
0 1 160.5290 39.6306 -0.5208 -0.0353 
0 1 130.8033 50.0752 -0.0194 -0.8495 
0 0 134.5986 45.9160 -0.5587 -0.4599 
0 0 150.4235 51.4886 -0.8760 0.2443 
0 1 131.3966 46.4267 -0.2597 -1.0273 
0 1 160.9031 52.8396 -0.6764 -0.4955 
0 1 115.8376 56.8018 0.0893 -1.0440 
0 1 98.1511 42.5877 0.4926 -0.6818 
0 0 170.3317 47.8602 -1.0395 0.6789 
0 1 182.2975 51.9335 -1.2189 0.6922 
0 1 158.7616 56.3240 -0.9939 -0.0292 
0 0 125.2969 52.6384 -0.0482 -0.8746 
0 1 105.5383 34.5608 0.6602 0.3246 
0 1 103.1650 38.6048 1.0020 1.1867 
0 1 118.9502 33.6092 -0.1590 -0.0857 
0 1 133.1227 59.7739 -0.1794 -1.0614 
0 1 150.3629 45.9226 -0.3743 -0.8735 
0 0 97.6018 41.1187 0.8764 0.3636 
0 0 118.3346 42.2044 0.6097 -0.0901 
0 0 112.1098 48.2747 0.7363 0.0048 
0 0 99.3774 37.5556 0.1310 -0.8213 
0 0 169.2421 49.0787 -0.8292 -0.3391 
0 0 102.3046 21.2344 0.4832 -0.0460 
0 0 147.2867 43.4727 -0.5975 -0.5322 
0 0 121.6767 51.6790 -0.0508 -0.8934 
0 0 76.1953 29.4517 0.3927 -0.4642 
0 1 162.5077 45.0171 -1.1235 0.8356 
0 1 158.5759 36.2575 -0.7587 0.2679 
0 0 139.2867 46.7933 -0.0875 -0.7125 
0 0 122.4794 58.8175 0.0459 -1.1165 
0 1 115.5514 55.7849 0.1013 -1.0861 
0 0 157.7607 49.3697 -0.7153 0.1756 
0 0 136.4205 41.8151 -0.0654 -0.6600 
0 0 163.6557 58.4200 -0.7926 -0.2557 
0 1 160.4084 56.1455 -0.6503 -0.6197 
0 1 174.9858 55.5408 -1.0864 0.3099 
0 1 156.2989 57.8544 -0.6374 -0.6846 
0 1 139.6459 52.7759 -0.3563 -0.4759 
0 0 123.3021 41.7935 -0.5564 -0.1220 
0 0 142.9964 31.0256 -0.2022 1.5363 
0 1 165.3458 45.6350 -0.6853 -0.5434 
0 1 119.2400 48.5815 0.3111 -0.7737 
0 0 127.2363 39.8132 -0.0556 -0.6324 
0 0 131.6003 46.1439 0.2884 -0.6602 
0 1 190.8358 52.5415 -1.1409 0.3441 
0 1 202.4903 52.3452 -1.5494 1.4762 
0 0 63.3790 73.3187 1.9251 2.0541 
0 0 134.9555 42.2758 -0.2585 -0.5970 
0 0 92.0969 26.9673 -0.1850 -0.6485 
0 0 83.7440 33.5149 0.1992 1.6392 
0 0 166.3586 42.7984 -0.8260 0.9580 
0 0 146.1787 68.9432 -0.6609 -0.8133 
0 0 142.3049 50.1371 -0.1982 -0.8873 
0 1 132.6148 53.0898 0.0676 -1.0460 
0 1 138.3480 37.8330 -0.1477 -0.0710 
0 0 103.6441 46.7808 0.7312 -0.4444 
0 0 129.6605 43.5875 0.1044 -0.2634 
0 0 84.4771 34.8301 -0.0280 -0.8929 
0 0 104.3666 46.7917 0.2701 -0.7520 
0 1 100.8034 36.2930 -0.0229 -0.4655 
0 1 118.5160 53.8796 0.4026 -0.9122 
0 1 110.5552 45.1404 0.8729 -0.0446 
0 1 218.4339 54.3668 -3.0212 8.2478 
0 1 175.9831 58.7960 -0.7847 -0.7645 
0 1 111.6747 80.2012 0.8199 -0.6245 
0 0 92.3913 34.0440 0.1082 -0.8354 
0 0 127.1004 42.9720 0.1259 -0.6366 
0 0 107.2765 47.1700 0.4357 -0.5053 
0 1 112.0045 36.9130 -0.1545 -0.2898 
0 1 147.9520 51.8327 -0.5500 -0.5454 
0 1 128.0474 57.0846 -0.1265 -1.2412 
0 0 143.2641 53.3861 -0.2228 -0.9957 
0 0 133.5415 50.5255 -0.0757 -1.0266 
0 1 158.0890 38.7366 -0.5600 0.2822 
0 1 178.8409 42.8117 -1.4210 2.6036 
0 0 60.3840 35.8168 3.2141 15.2761 
0 0 130.3970 45.1008 -0.1726 -0.8396 
0 1 169.2302 54.8810 -0.5113 -0.7215 
0 1 150.8069 54.4112 -0.2263 -0.2308 
0 1 180.0520 55.0613 -1.1840 0.4360 
0 0 125.5084 52.6272 -0.0664 -1.2243 
0 0 126.4786 31.8858 0.0252 -0.4507 
0 0 86.8725 30.2285 0.2594 -0.7044 
0 0 123.0337 44.7510 -0.1099 -0.8033 
0 1 87.8993 41.3771 0.1881 -0.9727 
0 1 144.6671 55.0849 -0.2375 -0.8498 
0 0 137.9448 61.1159 -0.5712 -0.8543 
0 0 185.0220 40.5507 -1.5513 2.9026 
0 1 105.5024 58.9656 0.3911 -1.2710 
0 1 108.6323 43.6542 0.2482 -0.9562 
0 0 77.0632 26.3495 0.1150 -0.7928 
0 0 118.1113 42.8601 0.6432 -0.2950 
0 0 119.8132 40.5115 0.1673 -0.5363 
0 0 150.5923 48.7000 -0.1800 -0.8619 
0 0 95.5111 35.4444 0.9878 1.3598 
0 0 99.1807 42.1462 0.7279 0.1212 
0 1 117.2122 48.1546 0.1337 -0.9400 
0 0 104.6622 26.0516 -0.3487 -0.5170 
0 0 148.0282 41.0250 -0.8096 0.3370 
0 1 112.5018 52.1833 0.5137 -0.7247 
0 1 168.5813 35.6108 -0.3413 -0.5962 
0 0 72.4561 38.9016 -0.5059 -0.8578 
0 0 47.5563 48.9030 0.8589 0.2069 
0 0 123.7228 64.0940 -0.2955 -0.9089 
0 0 63.3380 57.4826 1.0493 0.3423 
0 1 116.0983 59.9404 0.5163 -1.0455 
0 1 116.2631 56.8518 0.5553 -0.9603 
0 0 157.8198 51.9043 -0.7806 -0.1414 
0 0 111.0279 75.0134 -0.1136 -1.4292 
0 1 131.1095 50.1228 -0.2154 -1.0269 
0 0 136.2212 47.5942 0.1614 -0.7366 
0 0 133.5914 53.4802 -0.0431 -1.0525 
0 0 149.5179 50.2494 -0.3187 -0.8413 
0 1 169.9931 48.2072 -0.6543 -0.2920 
0 0 183.6470 54.6481 -1.4867 1.7753 
0 1 119.1024 48.3774 -0.0738 -0.8732 
0 0 155.5816 48.6067 -0.3960 -0.6554 
0 0 163.9234 36.8705 -0.2937 -0.2300 
0 0 150.0744 59.2089 -0.6096 -0.8638 
0 0 145.1281 52.6059 -0.5109 -0.6732 
0 1 127.6434 41.3646 -0.4948 -0.2508 
0 1 131.1242 51.7413 -0.1766 -0.7223 
0 1 104.7959 45.3792 0.3202 -0.7128 
0 1 199.1791 42.9374 -1.9089 3.8252 
0 1 136.5262 56.3372 0.0707 -1.1166 
0 1 109.6736 32.7994 0.5744 -0.6098 
0 1 130.3699 46.4023 -0.2905 -0.1505 
0 1 106.0168 40.9815 -0.0565 -0.9232 
0 0 51.4853 22.3665 2.5140 19.7704 
0 0 85.3184 27.6253 -0.7729 -0.2117 
0 1 148.6706 40.6682 -0.8063 -0.0625 
0 1 112.9380 39.3904 -0.1762 -0.8574 
0 0 85.4520 62.1250 1.9498 2.8582 
0 0 93.2408 68.2060 1.4803 1.2339 
0 1 132.5604 58.4533 -0.3075 -0.9974 
0 1 153.5992 48.7996 -0.5447 -0.8003 
0 0 118.0583 53.5376 0.1417 -1.0627 
0 0 140.7238 58.6060 -0.2171 -1.0620 
0 0 108.6017 42.4457 -0.2402 -0.8383 
0 0 113.5022 51.1836 0.2010 -0.9477 
0 1 151.6950 56.0182 -0.3901 -0.9139 
0 0 81.0575 29.1958 -0.6620 0.5838 
0 0 87.1555 58.0543 0.2603 -0.9408 
0 1 190.9944 49.2548 -1.6489 2.5770 
0 1 114.9610 46.3824 0.2651 -0.4410 
0 1 107.4352 45.7267 0.3350 -0.3994 
0 0 74.4165 30.8682 0.2419 -0.7860 
0 0 90.9282 45.4304 0.3542 -0.7976 
0 0 156.9921 44.8143 -1.4691 1.5337 
0 0 138.0259 45.6616 -0.3166 -0.5063 
0 1 143.0863 46.2473 -0.2994 -0.7326 
0 0 140.6937 45.1016 0.2589 -0.7855 
0 1 123.0884 35.8823 -0.1230 0.8909 
0 1 164.6699 50.5522 -1.1816 0.5401 
0 1 145.6823 45.9091 -0.5357 -0.6867 
0 1 189.6996 49.4108 -1.2823 0.7007 
0 1 142.6308 62.3819 -0.3734 -1.0637 
0 1 130.2685 51.4256 -0.0815 -0.8650 
0 1 134.3792 46.5921 -0.1848 -0.7595 
0 0 130.5470 51.5834 0.0869 -1.0110 
0 0 77.5543 27.5386 0.3205 -0.0804 
0 0 141.3450 54.1274 -1.0388 -0.0057 
0 0 86.4334 27.4424 -0.1953 -0.5814 
0 1 121.1963 49.2585 -0.3390 -0.9061 
0 1 98.1958 38.6882 0.4302 -0.3479 
0 0 133.2888 50.7807 -0.4134 -0.5837 
0 0 113.5841 39.3716 0.3663 -0.4541 
0 1 155.2310 57.8680 -0.1713 -1.3012 
0 1 187.9162 53.1606 -1.0168 0.0998 
0 1 145.5625 44.0198 -0.5026 -0.5729 
0 1 170.5689 54.4560 -1.4043 0.8336 
0 1 113.5586 45.5533 -0.4163 -1.0053 
0 1 106.9880 51.1270 0.5523 -0.6627 
0 0 140.3113 45.3117 0.0671 -0.4853 
0 1 119.7114 49.8795 -0.4979 -0.8713 
0 1 136.1104 42.8193 -0.4408 -0.5854 
0 1 157.3538 46.6291 -0.5030 -0.4967 
0 1 159.4948 52.7822 -0.7581 -0.1526 
0 1 131.4824 49.9378 0.3324 -0.7120 
0 1 110.9032 53.4367 0.4056 -1.1024 
0 1 133.8958 52.4574 0.2738 -1.4086 
0 1 148.2531 53.9080 -0.1665 -0.9281 
0 0 121.5887 45.5087 -0.3102 -0.6352 
0 0 126.2832 50.4898 0.0745 -0.7646 
0 1 126.2408 51.8035 0.2245 -0.9197 
0 1 159.9561 54.9560 -0.8104 -0.4053 
0 1 148.5360 52.0802 -0.0158 -0.8401 
0 1 147.8015 47.7698 -0.4810 -0.2357 
0 1 175.4122 41.5539 -0.9866 0.9597 
0 1 172.5491 44.0642 -0.6928 -0.1619 
0 1 86.5236 41.2439 -0.2630 -0.2087 
0 1 154.8641 43.9320 -0.6121 -0.4960 
0 1 166.7050 36.0032 -0.7637 0.3167 
0 0 149.5717 37.7687 -0.4449 -0.2526 
0 1 153.5842 40.8875 -0.9412 0.9273 
0 1 122.1843 55.3082 0.1833 -1.0313 
0 1 140.2491 46.5874 -0.1305 -0.8583 
0 1 164.1204 42.3479 -0.7332 0.0342 
0 1 149.9299 47.6803 -0.1751 -0.8655 
0 1 152.5086 46.6017 -0.4353 -0.8324 
0 1 125.6810 47.1326 -0.2018 -0.9538 
0 1 167.4619 40.1851 -0.8061 0.4105 
0 1 117.6623 48.2176 0.0808 -0.8745 
0 1 127.2087 46.1389 -0.0098 -0.9308 
0 0 158.5788 55.2143 -0.6555 -0.7136 
0 0 154.6762 60.5389 -0.8255 -0.3177 
0 0 163.1978 41.8223 -0.6179 0.3730 
0 1 130.5105 53.4507 -0.2901 -0.0961 
0 0 55.8738 62.1211 2.5476 5.0314 
0 0 104.9019 42.1030 0.4357 -0.6061 
0 1 136.2051 43.7933 0.2839 -0.4193 
0 1 163.6414 50.1746 -1.1889 0.8776 
0 1 104.9100 47.3687 0.4564 -0.5882 
0 1 101.7088 45.7298 0.4170 -0.4152 
0 1 115.5975 50.1966 0.2769 -0.7821 
0 1 136.2474 41.7400 -0.2899 0.0231 
0 0 55.9939 41.2401 3.0587 11.5266 
0 0 140.6239 64.2442 -0.3772 -1.1378 
0 0 132.6367 52.2680 -0.0152 -0.9993 
0 0 196.6611 41.5485 -1.8652 3.3733 
0 0 167.1230 50.7396 -0.9875 0.3848 
0 1 105.9579 35.0124 -0.1151 -0.7757 
0 0 195.3120 19.8901 -0.3544 0.1687 
0 0 115.9323 48.1072 0.1721 -0.8450 
0 0 183.9488 54.6911 -1.2282 0.4738 
0 0 177.9849 45.8321 -0.9379 0.2327 
0 1 178.2897 53.2275 -0.8782 -0.3408 
0 1 160.4948 49.8691 -0.4920 -0.7663 
0 0 122.2543 76.4221 -0.3832 -1.3588 
0 0 118.9127 66.3128 -0.3622 -0.9727 
0 1 137.7585 44.2342 -0.7581 0.4119 
0 1 134.4019 30.2202 -0.3318 2.9178 
0 0 69.3130 33.2266 0.3912 -1.0048 
0 1 121.9676 48.0981 0.3337 -0.8635 
0 1 112.7845 48.2362 0.6208 -0.7199 
0 0 138.1672 42.9317 -0.2426 -0.6626 
0 0 83.6927 37.2961 0.6957 0.4538 
0 0 181.2859 57.2845 -1.1324 0.3225 
0 0 130.4843 62.1332 -0.0535 -1.2965 
0 0 117.5768 44.4551 0.2506 -0.8414 
0 0 85.5703 25.6244 0.1825 -0.3906 
0 1 145.0557 66.5670 -0.7901 -0.2937 
0 1 149.6386 55.7244 -0.0138 -1.0038 
0 0 100.7931 37.1959 0.9654 0.9949 
0 0 116.7542 42.1710 0.4809 0.0317 
0 1 137.9820 38.4711 0.0710 -0.1059 
0 1 125.2506 41.0732 -0.1774 -0.2334 
0 0 167.9241 49.9023 -0.8160 -0.3282 
0 1 111.8467 58.2321 0.4318 -0.6080 
0 1 133.1512 49.8305 -0.1351 -0.6841 
0 0 102.7941 43.9591 0.3085 -0.4289 
0 1 182.1334 57.0669 -0.7961 -0.1892 
0 1 154.2038 53.6402 -0.5178 -0.8367 
0 1 127.8064 49.1339 -0.0033 -0.9243 
0 1 98.8549 34.6614 -0.0197 -0.7156 
0 1 158.3910 59.1060 -0.6762 -0.9234 
0 1 103.7437 62.6119 0.1976 -1.3110 
0 1 124.9661 48.0507 -0.8026 -0.3283 
0 1 139.9687 53.7385 -0.8043 -0.6510 
0 1 153.4105 64.3378 -0.8477 -0.2238 
0 1 158.1558 60.3888 -1.2117 0.5436 
0 0 110.0915 52.0457 0.3615 -0.6661 
0 1 91.6520 32.4242 0.0933 -0.5918 
0 0 156.9928 43.4315 -0.8607 0.3498 
0 1 107.3698 44.2318 0.1036 -0.8644 
0 1 92.9678 49.3098 0.6165 -0.7437 
0 1 164.2891 42.5977 -0.7874 0.4251 
0 1 126.7246 48.4343 0.0561 -0.5770 
0 0 144.8203 65.2576 -0.6924 -0.9492 
0 1 143.7647 38.8857 0.4020 -0.7497 
0 0 76.3604 24.1162 -0.2410 -0.6102 
0 0 127.4256 40.9766 0.1241 -0.7280 
0 0 133.2587 39.7473 -0.0211 -0.3457 
0 0 154.1182 51.8425 -0.5022 -0.5242 
0 0 74.5042 26.0427 0.6005 -0.2159 
0 0 112.4412 45.1112 0.4881 -0.3867 
0 0 168.2192 43.8137 -0.9979 0.3673 
0 0 139.1666 35.2563 -0.0660 -0.5734 
0 0 125.1514 40.1139 0.2010 -0.5972 
0 0 151.7954 42.1861 -0.1184 -0.7647 
0 0 139.0011 54.4862 -0.3054 -0.8289 
0 1 114.7976 72.3790 -0.2702 -1.2022 
0 1 141.6957 44.3228 -0.7083 -0.2053 
0 0 142.1042 51.4872 -0.3814 -0.7521 
0 0 162.9399 53.2386 -0.8406 0.0805 
0 0 100.8122 43.8055 -0.3453 0.6613 
0 0 111.7145 59.6702 -0.5264 -0.8224 
0 0 127.0292 38.5231 -0.4316 -0.1084 
0 0 114.2872 43.1061 0.1232 0.0751 
0 1 126.8881 39.1321 0.1634 -0.3241 
0 1 93.5536 45.8815 0.5057 -0.8610 
0 1 121.7533 63.3534 0.3343 -1.2442 
0 0 159.0449 45.2969 -0.8452 0.1658 
0 0 144.1934 46.9873 -0.1198 -0.8615 
0 1 106.9548 41.1704 0.6455 0.3039 
0 1 122.8585 58.2483 -0.1888 -1.2089 
0 1 87.4365 34.5758 0.2914 -0.1173 
0 1 139.2361 44.7424 -0.5495 0.2833 
0 1 146.9357 54.2439 -0.3175 -0.7867 
0 1 142.8496 56.4047 0.1455 -1.0325 
0 0 113.7979 59.2798 0.2765 -1.3333 
0 1 157.7065 46.4012 -0.0077 -0.7473 
0 1 141.6764 49.6366 -0.1222 -0.9582 
0 0 119.1418 51.8093 -0.1477 -1.3055 
0 1 143.7663 55.5095 -0.5430 -0.7684 
0 1 162.7934 43.2508 -1.3353 1.9156 
0 1 143.0493 41.5239 -0.4233 -0.6825 
0 1 146.4261 62.3857 -0.4257 -1.1809 
0 1 101.5299 42.0939 0.3896 -0.6823 
0 1 127.2503 58.1991 -0.0262 -1.2920 
0 1 93.7410 39.9499 0.1566 -1.0202 
0 1 124.7545 51.8240 0.2070 -0.9972 
0 1 167.6789 39.2335 -0.7914 0.2662 
0 1 195.7193 33.7418 -1.6681 3.2259 
0 0 116.4905 60.3029 0.3029 -1.2019 
0 1 111.7966 61.5317 0.4782 -1.1189 
0 1 132.1762 44.1114 0.0575 -0.6700 
0 0 128.5656 55.0039 -0.3234 -0.7004 
0 1 157.2307 42.8362 -0.6032 0.1545 
0 1 147.8318 50.8149 -0.3924 -0.7458 
0 0 150.7393 52.9769 -0.4233 -0.8961 
0 1 126.8559 53.0638 0.1971 -1.0180 
0 0 141.4046 45.3957 -0.3044 -0.7509 
0 0 115.7811 38.9321 0.2801 0.0792 
0 0 140.0088 46.2262 -0.4948 -0.1641 
0 0 102.9467 31.1982 -0.4899 0.2271 
0 0 99.0337 40.6944 0.5558 0.1216 
0 0 130.2565 42.7369 -0.0013 -0.2231 
0 1 128.6431 46.6378 -0.1855 -0.7893 
0 1 133.7093 47.3425 -0.0984 -0.7729 
0 0 100.2582 38.5936 -0.3190 -0.9491 
0 0 163.5379 53.2975 -0.9538 0.1084 
0 0 146.5547 48.6736 -0.6179 -0.2652 
0 0 147.4249 49.5999 -0.4844 -0.5737 
0 1 119.7268 49.2437 -0.2147 -1.1284 
0 1 114.4914 43.0894 -0.1845 -1.0245 
0 0 173.4657 52.2755 -0.7569 -0.1478 
0 0 157.9437 50.2981 -0.5565 -0.5861 
0 0 139.2805 43.2606 0.0272 -0.2491 
0 1 142.1357 53.0905 -0.3519 -0.6266 
0 1 150.4197 46.6280 -0.2948 -0.6714 
0 1 163.6886 45.0568 -1.0761 0.3228 
0 1 178.7532 23.7508 -1.6897 2.9149 
0 0 127.5107 47.9208 -0.0888 -0.6072 
0 0 158.5177 44.9833 -0.4358 -0.1637 
0 1 120.4066 48.3336 0.3787 -0.5560 
0 1 154.9807 46.3163 -0.2051 -0.5051 
0 0 73.2088 83.4100 1.5319 0.7048 
0 1 161.4681 43.0648 -0.8282 0.2682 
0 1 131.2705 75.5501 -0.4533 -1.1560 
0 0 134.8812 51.2404 -0.1277 -0.9155 
0 0 118.5419 47.9793 0.2639 -0.6039 
0 1 100.5683 30.8580 -0.1142 -0.4171 
0 1 100.4126 27.4529 -0.1764 -0.0227 
0 0 118.9215 42.2326 -0.2366 -0.8153 
0 0 119.7722 43.1682 0.6208 -0.3676 
0 0 157.8198 52.2259 -0.6857 -0.3014 
0 0 141.6769 46.6200 -0.5694 -0.2149 
0 0 116.8074 41.4699 -0.0502 -0.6233 
0 1 149.9460 70.2616 -0.9613 -0.2949 
0 1 134.5061 52.8842 0.1269 -1.2694 
0 0 124.3994 52.5075 -0.3944 -0.5675 
0 0 165.9371 48.9452 -0.4679 -0.6324 
0 0 129.8558 46.1596 -0.2889 -0.4564 
0 0 145.0453 39.8160 -0.0085 -0.5446 
0 1 138.2900 57.7573 0.1487 -1.2240 
0 1 126.9505 53.6112 -0.1982 -1.3310 
0 0 125.1743 55.0717 0.2849 -0.9332 
0 0 135.1971 55.8819 0.0304 -1.1474 
0 0 156.8490 42.9667 -0.6095 -0.6893 
0 0 138.3217 42.4667 0.2755 -0.4180 
0 1 166.3720 56.5478 -1.0211 0.3260 
0 0 90.4228 68.7299 0.1291 -1.2884 
0 0 130.3317 56.1824 0.1689 -1.0971 
0 1 116.2108 59.1188 0.0951 -1.3876 
0 1 120.6735 46.8472 -0.1085 -0.8218 
0 0 104.3856 42.4367 0.6159 -0.1610 
0 0 58.2555 22.3548 0.7259 0.6481 
0 0 131.6535 39.8075 -0.0291 -0.5557 
0 0 146.8829 57.3903 -0.1051 -1.1592 
0 0 171.4217 49.7715 -1.0252 0.3000 
0 1 146.3320 52.9930 -0.4475 -0.6178 
0 1 139.2627 63.2251 -0.2374 -1.2294 
0 0 154.1984 45.0834 -0.5872 -0.2616 
0 0 130.7299 53.1228 -0.2915 -0.6567 
0 0 86.0597 27.2730 0.2371 -0.5141 
0 0 106.3542 35.3191 -0.2972 -0.4992 
0 0 124.6052 41.2400 -0.5435 -0.6196 
0 0 185.8284 42.4662 -1.5583 2.2375 
0 1 147.0928 41.1751 -0.5659 0.0495 
0 1 195.0929 48.6175 -1.3209 1.2355 
0 1 104.7063 40.8154 0.4504 -0.1221 
0 1 101.3948 31.7366 -0.5631 -0.1246 
0 0 144.3878 44.6908 -0.4750 -0.3643 
0 1 171.7500 59.5843 -1.0429 -0.1400 
0 1 172.8841 32.8506 -1.2530 1.7679 
0 0 129.3610 45.9004 -0.4215 -0.7527 
0 0 101.2972 38.5185 -0.0355 -0.8673 
0 1 74.2823 29.9275 0.2180 -0.3755 
0 1 110.8799 30.6613 0.2680 0.1214 
0 0 150.1184 42.2137 -0.6163 0.7678 
0 0 82.0382 30.9849 0.1493 -0.9826 
0 0 143.5766 48.6567 -0.4003 -0.6080 
0 0 129.9171 49.8896 -0.2877 -0.9648 
0 0 100.5748 46.3451 0.8941 0.2952 
0 0 96.8839 36.7761 0.7674 0.6138 
0 0 109.9736 39.3510 -0.0815 -0.8770 
0 0 120.4464 47.3682 0.2694 -0.3836 
0 1 130.8628 51.3980 0.1175 -1.0700 
0 1 138.0285 46.7975 -0.2371 -0.7748 
0 1 163.0975 44.7886 -0.6207 -0.0517 
0 1 186.3454 43.3285 -1.2205 1.1168 
0 1 146.7278 52.4570 -0.5558 -0.6574 
0 0 154.2616 41.1658 -1.2303 1.1684 
0 0 127.1372 45.2130 -1.1590 0.7483 
0 0 118.1479 47.6746 0.2325 -0.4928 
0 1 83.0005 38.9570 0.5380 -0.2899 
0 0 121.6959 45.9965 0.6306 0.8151 
0 0 156.0138 44.4050 -0.3601 -0.3062 
0 1 151.1428 43.3959 -0.5657 0.0301 
0 1 105.9736 38.0277 0.4232 -0.2300 
0 0 125.5537 50.6450 0.2161 -0.9581 
0 0 146.9521 42.0903 -0.4253 -0.4274 
0 0 118.4607 54.2188 0.2251 -1.1167 
0 0 180.3006 46.7740 -1.5268 1.8072 
0 0 189.8603 42.3067 -1.4283 1.4705 
0 0 154.3215 63.5868 -0.5765 -1.0765 
0 1 157.6958 38.8424 -0.2833 -0.2017 
0 1 157.9616 56.5038 -0.6399 -0.7422 
0 0 143.4713 46.3762 -0.6337 -0.3920 
0 0 131.9350 39.9635 -0.2889 -0.1493 
0 1 136.1515 58.5338 -0.1504 -1.1906 
0 1 124.8548 47.9634 0.1807 -0.9383 
0 0 123.4021 23.4593 -0.1983 -0.5631 
0 0 130.2646 49.2446 -0.0983 -0.7186 
0 1 119.6450 56.0654 0.1605 -0.9791 
0 1 155.8361 56.6284 -0.5320 -0.8523 
0 1 95.5875 33.5096 0.6899 1.3192 
0 1 121.7732 47.8383 0.3108 -0.8522 
0 1 110.6093 52.8270 0.8762 0.7950 
0 1 98.8297 73.5958 -0.4157 -1.6145 
0 1 129.0971 35.9416 -0.0391 1.5641 
0 0 129.3326 50.3441 -0.5188 -0.9447 
0 0 113.4680 43.4961 0.1911 -0.7800 
0 0 114.2328 40.2995 0.1103 -0.6616 
0 0 113.7217 42.4654 0.0229 -0.5494 
0 0 84.8810 37.4319 0.2369 -0.7973 
0 0 166.2546 45.4775 -1.3806 1.4487 
0 0 93.5216 51.6673 0.8678 -0.4275 
0 0 118.7560 46.5902 0.2916 -0.7242 
0 1 152.3952 79.8216 -0.3846 -1.4396 
0 1 146.1152 67.2196 -0.5318 -0.7241 
0 1 166.7234 71.0520 -0.6625 -1.0697 
0 0 56.6061 33.3746 3.3167 16.9151 
0 0 124.9165 42.3786 0.0478 -0.5560 
0 0 93.2941 37.6324 0.1953 -0.7454 
0 0 104.0982 41.1862 0.3074 -0.7785 
0 0 92.1330 30.3946 -0.0006 -0.8792 
0 0 162.0120 25.1422 -0.2285 -0.3620 
0 0 48.7621 15.7704 0.3772 0.6149 
0 0 101.5084 40.6536 -0.0703 -1.1021 
0 0 136.0839 58.6755 -0.2118 -1.1959 
0 0 134.0418 52.0325 -0.1534 -0.8866 
0 0 89.3028 37.9956 0.3520 -0.7269 
0 0 107.5768 46.9514 0.4017 -0.5214 
0 1 125.5597 45.3527 0.2255 -0.6560 
0 0 71.1192 25.5999 -0.0106 -0.3505 
0 0 120.7141 44.4939 0.3278 -0.3248 
0 0 116.8383 46.5993 0.1192 -0.9063 
0 1 119.0376 53.3054 0.1588 -0.9897 
0 0 168.5600 38.4202 -1.4090 1.5728 
0 0 152.7290 56.3141 -0.8847 0.0791 
0 0 111.8288 45.8812 0.4427 -0.5813 
0 0 115.6900 54.4811 1.1095 0.7407 
0 0 162.8460 60.1384 -0.7119 -0.7727 
0 1 128.7113 51.1212 -0.2008 -1.1054 
0 1 151.3162 66.0507 -0.4578 -0.9674 
0 1 165.1016 48.3389 -1.0828 0.4363 
0 1 181.3098 43.3970 -1.1622 1.7198 
0 0 170.8695 61.5312 -0.7234 -0.7573 
0 0 153.1773 52.4821 -1.0038 0.1384 
0 1 188.7338 49.2070 -1.4239 1.3134 
0 0 131.3425 48.4833 -0.2441 -0.9906 
0 1 134.6320 36.7444 -0.6153 0.2796 
0 1 147.2653 41.8525 -0.3792 -0.4114 
0 1 134.1291 44.8094 -0.1595 -0.3396 
0 1 156.7349 51.3231 -0.8673 -0.0802 
0 1 109.4000 42.0035 -0.1528 -0.8140 
0 0 133.2399 44.2284 -0.4837 -0.5481 
0 1 115.3006 50.6178 0.2102 -0.7502 
0 1 105.6753 55.9008 0.0690 -0.9007 
0 0 146.1687 43.2943 -0.8095 0.5269 
0 0 111.6783 42.5874 -0.3995 -0.8508 
0 0 123.4554 37.5821 0.4064 -0.5483 
0 0 141.4431 44.9433 -0.0097 -0.8625 
0 1 147.9809 49.8814 -0.1787 -0.8236 
0 1 184.0512 48.7542 -1.0935 0.8078 
0 1 162.6509 59.3820 -0.8840 -0.4463 
0 1 153.0049 56.4640 -0.1747 -1.1398 
0 0 93.5246 51.8049 -0.0269 -1.0613 
0 1 144.3533 47.8603 -0.0180 -0.8197 
0 1 118.9840 44.0923 0.1098 -0.7223 
0 0 132.3652 42.1405 0.1311 -0.8005 
0 1 156.4663 41.2607 -0.8779 0.7505 
0 1 171.8851 56.1404 -0.8838 -0.0710 
0 1 167.9835 51.4711 -0.5704 -0.7789 
0 1 76.5682 27.3354 0.0767 -0.8206 
0 1 112.7700 46.2216 0.4285 -0.4393 
0 1 131.3541 48.2044 0.0090 -0.7902 
0 0 82.2008 31.2037 -0.1645 -1.0567 
0 0 122.7324 48.8321 0.2564 -0.9707 
0 0 146.4097 55.3689 -0.2214 -0.9931 
0 1 140.3607 65.1751 -0.1914 -1.3779 
0 1 151.8510 59.1626 -0.3377 -1.0937 
0 0 153.9003 39.9815 -0.0778 -0.3336 
0 1 172.4827 50.4428 -0.6567 -0.1511 
0 1 152.3633 52.3155 -0.5375 -0.3936 
0 1 171.3219 45.7276 -1.0807 0.7992 
0 1 144.9617 45.4515 -0.4522 -0.4860 
0 1 104.2020 40.7063 0.9326 0.8288 
0 1 77.9472 31.7405 0.6383 -0.0861 
0 1 91.0726 57.4493 1.2052 1.4176 
0 1 148.1123 44.1529 -0.5894 -0.3280 
0 0 138.2518 48.6380 -0.0765 -0.8041 
0 0 122.5691 48.9732 0.4903 -0.6062 
0 1 142.1400 48.0108 -0.1120 -0.9218 
0 1 138.0536 45.8004 0.1480 -0.6655 
0 0 121.4510 42.3910 0.0877 -0.5982 
0 0 174.0253 47.3826 -1.2480 0.8220 
0 0 157.8629 49.9559 -0.9319 0.1955 
0 0 111.2425 37.5266 -0.1135 -0.8278 
0 0 148.2201 52.9772 -0.8477 0.0864 
0 1 160.6876 64.2617 -1.4048 0.8591 
0 1 156.6886 45.8940 -0.8000 0.1918 
0 1 85.3286 37.8294 0.1033 -1.0602 
0 1 149.8151 48.6225 -0.0725 -0.8482 
0 1 141.4556 59.4990 -0.3868 -0.9745 
0 1 131.7920 47.9318 -0.0837 -1.0669 
0 1 142.2472 55.0441 -0.4299 -0.5300 
0 0 94.3207 28.9561 -0.6036 -0.4056 
0 0 131.8698 45.1015 -0.1697 -0.8295 
0 1 147.6605 44.1559 -0.5261 -0.0993 
0 1 118.7722 52.8596 0.4695 -0.8235 
0 1 97.3422 48.8891 0.6703 -0.3518 
0 0 174.2491 55.1815 -1.2434 0.5666 
0 1 89.8734 34.8539 0.0512 2.0323 
0 1 104.9133 43.9503 0.7359 -0.2513 
0 1 127.6275 43.6683 0.0395 -0.6286 
0 1 74.6235 50.4715 0.7941 -0.4556 
0 1 81.2628 51.1956 1.0355 0.3193 
0 0 145.2942 44.7229 -0.3398 -0.8485 
0 1 165.9695 59.6066 -0.7503 -0.6864 
0 1 120.4081 49.4174 0.2674 -0.9661 
0 0 101.5637 53.0627 0.7531 -0.4917 
0 0 117.7197 48.9733 0.3931 -0.7811 
0 1 183.1423 45.2431 -1.2568 1.0601 
0 1 176.6580 53.7970 -1.0966 0.4298 
0 1 106.5961 38.3859 0.1945 -0.3646 
0 1 137.7142 48.4585 -0.2789 -0.5998 
0 0 126.0007 52.1279 -0.0793 -0.9882 
0 1 119.6849 39.1112 -1.1094 0.6367 
0 1 121.6802 41.7994 -0.6264 -0.4771 
0 1 120.3766 53.8804 -0.1724 -1.1444 
0 1 139.5060 52.2865 -0.4571 -0.7212 
0 1 114.3684 42.5765 -0.1696 -0.9544 
0 0 129.8747 51.5324 -0.0069 -0.9647 
0 0 137.2226 45.2690 -0.5781 -0.4334 
0 1 117.7194 53.7616 0.0805 -0.6374 
0 1 99.2271 35.3096 -0.4975 -0.2805 
0 0 138.3337 47.6874 -0.1966 -1.0033 
0 0 126.7627 55.8029 0.1772 -1.1934 
0 1 126.3637 43.5080 0.3370 -0.3945 
0 1 181.4741 57.1449 -1.8467 2.9891 
0 1 113.4728 48.4615 -0.1083 -1.1660 
0 0 72.2256 36.5958 0.1356 -1.3394 
0 0 96.6102 49.9231 0.1364 -1.1327 
0 0 113.4009 44.7887 0.2544 -0.2476 
0 0 162.3951 64.3060 -1.0433 -0.2216 
0 1 97.8255 38.1363 0.3373 -0.4762 
0 1 135.6151 47.6419 -0.0977 -0.8095 
0 1 106.8548 44.8335 0.5768 -0.2873 
0 0 115.9785 45.8165 0.3124 -0.7957 
0 1 144.8448 67.5564 -0.2742 -1.3077 
0 1 97.1249 34.2638 -0.3760 -0.9277 
0 0 95.8120 33.3336 0.3055 -0.3450 
0 0 48.2750 17.9082 0.4303 0.2283 
0 1 119.2552 52.6106 0.4127 -0.7081 
0 1 107.5678 43.6078 0.8309 -0.0237 
0 0 172.1385 38.9522 -0.7803 -0.0676 
0 0 143.5032 23.2221 -0.9518 2.0034 
0 0 188.0746 50.2833 -0.7938 -0.3401 
0 0 123.9058 44.9804 0.2792 -0.5576 
0 0 125.3270 33.3089 -0.1766 -0.0259 
0 0 137.9914 44.7564 -0.2411 -0.7130 
0 0 178.2579 37.9433 -1.2352 1.3797 
0 1 162.3847 46.4923 -0.8285 0.4760 
0 1 140.0923 52.6668 0.1969 -0.3913 
0 1 152.6591 48.2414 -0.4540 -0.4221 
0 1 110.9763 50.2597 0.3843 -0.5923 
0 1 134.6519 39.8667 -0.7515 0.0510 
0 0 131.5961 46.1168 -0.5128 -0.7466 
0 0 127.6012 40.3768 -0.0092 -0.7150 
0 0 178.6850 50.4688 -1.1330 0.6698 
0 0 177.5316 45.9004 -1.2292 1.1152 
0 1 112.5872 48.9034 0.4344 -0.4391 
0 1 108.4263 52.8928 0.6169 -0.4040 
0 0 142.5524 62.3190 -0.4055 -1.1315 
0 0 127.7821 54.2980 -0.1583 -1.0769 
0 1 125.5961 57.7651 0.0080 -0.7984 
0 1 97.1299 43.0470 0.5660 -0.4153 
0 1 57.9547 20.8958 0.6152 0.5240 
0 1 141.8011 33.3863 0.4497 -0.2636 
0 0 140.9954 61.5641 -0.3028 -1.1012 
0 1 147.2482 47.4339 -0.5691 -0.1142 
0 1 90.8113 47.7257 0.1927 -1.2462 
0 1 109.4031 68.6067 0.2618 -1.2761 
0 1 123.6772 56.4340 0.2002 -1.0115 
0 0 101.9881 46.6356 0.2785 -1.0072 
0 0 123.1420 46.2395 0.0508 -1.1287 
0 1 206.0736 32.1183 -1.6222 4.3689 
0 1 196.2395 44.6958 -1.5798 3.3818 
0 1 202.3342 46.6595 -1.7683 2.8893 
0 0 151.2137 32.8823 -0.2394 -0.4980 
0 0 124.0492 41.2399 -0.6166 -0.2207 
0 0 135.3588 53.9340 -0.7648 -0.2637 
0 1 116.7425 48.8386 -0.1257 -1.2505 
0 1 124.0998 46.1077 0.0736 -0.7194 
0 0 123.4892 43.2942 0.1614 -0.6166 
0 0 100.6613 34.9816 -0.2793 -0.5266 
0 1 173.2565 45.6700 -1.2086 1.0623 
0 1 91.5655 29.4720 -0.5225 -0.3083 
0 1 119.0774 37.8856 0.3677 -0.7396 
0 1 143.0904 58.3850 0.0151 -1.2482 
0 0 124.4206 48.4899 0.4177 -0.6489 
0 0 107.4695 61.3027 0.9259 0.4423 
0 1 117.6659 51.1353 0.0915 -0.9207 
0 0 142.1195 40.4516 -0.0939 0.1438 
0 0 114.2872 49.8124 0.4398 -0.8720 
0 1 160.6797 47.8805 -0.6104 -0.2813 
0 1 189.2579 34.0550 -1.1331 2.8226 
0 0 156.6427 66.8197 -0.4650 -1.0619 
0 0 79.4119 42.3531 -0.5232 -0.9026 
0 0 101.0145 29.5603 -0.3076 0.9034 
0 0 91.8099 30.0701 0.3026 -0.5480 
0 0 102.3125 50.3219 0.3614 -0.8281 
0 1 119.7828 55.8980 0.2380 -0.7149 
0 1 141.1279 40.5461 -0.6267 -0.1686 
0 0 124.0781 40.8685 0.4824 -0.0804 
0 0 80.9558 28.6969 0.3858 -0.2983 
0 0 96.6049 40.7291 -0.4026 -0.9328 
0 1 142.2362 42.1796 -0.3880 -0.4823 
0 1 89.6022 35.0481 0.3084 -0.8685 
0 1 168.1709 51.9602 -0.5101 -0.6500 
0 1 179.7779 50.5194 -1.0455 0.2917 
0 1 131.2677 51.2025 0.2067 -1.0219 
0 1 156.3481 42.0807 -1.1358 1.2630 
0 1 156.8236 56.4687 -0.5536 -0.9227 
0 1 117.3333 50.7758 0.0889 -1.1187 
0 1 155.2676 52.0710 -0.3419 -0.9085 
0 1 109.8347 40.5428 0.0884 -0.8631 
0 1 174.6459 53.3567 -0.9683 0.1175 
0 1 139.1156 39.6657 -0.4841 -0.3461 
0 1 117.0501 40.3984 0.0146 -0.6731 
0 1 118.8865 57.6462 0.1676 -1.1649 
0 0 138.9908 42.0390 -0.2905 -0.7062 
0 0 133.8140 48.7588 0.1083 -0.5236 
0 0 77.2640 27.0541 0.3523 -0.1970 
0 0 110.1417 40.6632 0.3125 -0.4315 
0 0 172.1222 31.8217 -2.6622 8.1989 
0 0 171.3264 72.2549 -1.0808 -0.2262 
0 0 186.8447 43.6765 -1.3614 1.8856 
0 0 167.6611 55.9248 -0.8504 -0.0753 
0 0 126.2426 45.3881 -0.2598 -0.7712 
0 0 115.5804 47.3321 0.2740 -0.9029 
0 0 209.5346 34.4385 -1.6691 3.9058 
0 0 139.1023 47.4456 -0.4861 -0.4783 
0 0 107.4086 45.1240 0.6155 -0.2127 
0 0 126.2752 50.9566 -0.0349 -0.8779 
0 0 192.6263 55.6993 -1.4559 1.2112 
0 0 58.9468 16.7524 0.5281 0.9812 
0 0 152.7598 38.0628 -0.5915 0.7710 
0 0 137.3627 42.6066 -0.3430 -0.4575 
0 0 139.3567 34.3543 0.1651 -0.5624 
0 1 134.9182 42.7027 0.0135 -0.3066 
0 1 122.3759 44.7128 -0.1498 -0.9466 
0 1 106.4700 49.2854 0.8618 -0.3315 
0 1 124.6253 50.7196 0.1079 -1.1994 
0 1 136.9960 41.7363 -1.1702 0.8338 
0 1 141.2384 37.6536 -0.5704 -0.2430 
0 0 104.5423 44.8023 0.9008 2.0500 
0 0 113.3013 34.1699 -0.3999 1.0179 
0 0 98.4191 59.7008 1.1882 0.7387 
0 0 73.2153 38.5041 2.2193 8.0194 
0 1 102.1369 41.2971 0.0611 -0.8397 
0 0 106.7892 52.1540 0.4793 -0.7878 
0 0 75.3092 54.6841 -0.1127 -1.2622 
0 0 177.9354 55.8319 -1.4711 1.4139 
0 1 108.2778 47.6233 0.2277 -0.8618 
0 1 127.0770 41.4641 0.7813 -0.2171 
0 1 84.9190 40.6184 0.8474 0.0718 
0 1 70.3535 29.8233 0.4326 -0.8282 
0 0 123.5968 50.1891 0.0554 -0.9863 
0 0 131.5009 48.5932 -0.1695 -1.1122 
0 1 119.2842 50.8253 0.1476 -0.9873 
0 1 132.4892 55.1568 0.2373 -1.1085 
0 1 104.0124 35.9917 0.7768 0.5450 
0 1 134.1858 41.4392 -0.3217 0.0196 
0 0 153.2061 61.3973 -0.6186 -0.8407 
0 0 136.7833 45.4269 -0.5918 -0.0841 
0 0 148.3340 49.9611 -0.3509 -0.5140 
0 1 132.8971 46.4810 0.4724 -0.8793 
0 1 135.8922 52.0719 -0.1810 -0.8584 
0 0 120.4100 54.8258 -0.5887 -0.3539 
0 1 153.7613 43.4458 -0.9633 0.3051 
0 1 90.6869 33.0567 0.4233 -0.5411 
0 1 98.9166 43.7265 0.3909 -0.7544 
0 1 98.4321 43.5132 0.0345 -0.1071 
0 1 159.4938 47.8219 -1.3951 1.5350 
0 1 136.1458 53.1501 -0.3299 -0.8120 
0 1 87.1666 45.9595 0.8181 0.1376 
0 0 190.0870 54.2797 -0.9228 -0.2431 
0 0 141.8240 67.4675 -0.5646 -0.8475 
0 1 167.3153 45.4171 -0.1155 -0.6565 
0 1 170.5031 51.1425 -0.7845 -0.1306 
0 1 165.4275 59.0221 -0.9031 0.1991 
0 1 170.0103 57.8186 -1.2121 0.6964 
0 1 154.7652 62.6984 -0.4026 -1.2568 
0 1 156.5355 54.5752 -0.6512 -0.5886 
0 1 173.3379 57.7077 -1.0254 0.0873 
0 1 108.3143 43.1141 -0.2706 -0.8663 
0 1 83.4748 33.2194 0.1774 -0.9232 
0 0 148.3886 51.1481 -0.6700 -0.5860 
0 1 180.1809 40.3749 -1.3205 1.6996 
0 1 185.5341 62.6448 -1.4097 0.6079 
0 0 144.0542 43.7781 -0.6769 -0.4109 
0 0 140.9581 45.2789 -0.4569 -0.4848 
0 0 117.4334 49.3013 0.3715 -0.7571 
0 0 128.3971 46.5732 -0.0426 -0.5879 
0 0 158.9840 43.2178 -0.8849 0.6310 
0 0 158.8605 46.3411 -0.6751 -0.2188 
0 0 104.0930 40.8020 0.2785 -0.4991 
0 1 115.2421 33.0046 0.1386 0.1377 
0 1 139.9209 51.2803 0.0438 -1.0827 
0 0 114.1428 48.2969 -0.3317 -1.0018 
0 0 85.0798 38.2428 0.5362 -0.5893 
0 1 159.9754 43.0389 -0.7913 0.2784 
0 1 172.2036 58.4342 -0.8522 -0.2024 
0 0 103.2501 37.2090 -0.1091 -0.7868 
0 0 104.9060 44.2850 0.1589 -0.7340 
0 0 56.8926 25.7088 0.7008 -0.0843 
0 0 106.1437 51.5108 0.5740 -0.6744 
0 0 166.4825 49.4317 -0.4649 -0.3654 
0 0 138.3873 50.0614 -0.4068 -0.9051 
0 0 69.3212 29.3040 0.3367 -1.0161 
0 0 124.3026 37.1904 0.0074 -0.3847 
0 0 134.6918 47.8905 -0.1884 -0.7130 
0 0 139.4545 51.3291 -0.2858 -0.5794 
0 0 71.7930 36.9213 0.4882 -0.9153 
0 0 112.7426 50.0034 0.2465 -0.7447 
0 0 117.2991 44.6705 0.1068 -0.7157 
0 0 68.3421 20.4416 -0.3604 -0.4213 
0 0 146.3592 56.0293 -0.4155 -0.8142 
0 0 140.4057 48.6391 -0.2735 -0.9642 
0 1 153.4608 69.3138 -0.7311 -0.6264 
0 1 151.7328 64.2381 -0.5846 -0.8824 
0 0 111.4775 35.7640 0.2416 0.1991 
0 1 85.6597 41.8621 1.0473 0.8208 
0 1 108.6300 45.3810 0.7572 -0.1950 
0 0 152.5132 61.5244 -0.5702 -0.7718 
0 0 127.8577 65.2801 -0.5145 -0.8294 
0 0 147.3793 43.4384 -0.4471 -0.4320 
0 0 98.2761 39.9882 -0.6496 -0.6657 
0 0 92.7572 35.9699 0.7108 -0.0863 
0 0 96.3002 39.3956 0.5991 -0.0995 
0 1 101.9188 43.3825 0.4511 -0.6438 
0 1 108.9815 31.2108 -0.1704 0.0014 
0 0 132.5593 42.4323 -0.1947 -0.3655 
0 0 119.1195 51.4562 0.6563 1.0855 
0 0 140.4512 50.8300 -0.3877 -0.7591 
0 0 145.1387 47.0671 -0.1159 -0.9247 
0 1 125.7050 59.0734 -0.2427 -1.3038 
0 1 137.4557 40.9836 -0.6762 -0.2250 
0 1 119.9551 51.3542 0.1868 -0.9279 
0 1 124.3575 55.0580 0.0832 -1.2636 
0 0 141.0287 40.1424 -0.5871 0.0561 
0 0 119.6388 45.0414 0.1810 -0.6619 
0 0 158.1311 58.9571 -0.7306 -0.7207 
0 0 113.6590 47.8360 0.2049 -0.9451 
0 1 83.1402 26.1935 0.4279 -0.2218 
0 1 132.2625 48.0075 -0.3672 -0.5553 
0 1 140.2840 43.1014 -0.5224 0.0336 
0 1 41.1088 27.6567 0.2527 -0.6070 
0 1 169.7810 64.3121 -0.5537 -0.8769 
0 0 78.8923 32.4578 1.4584 4.2271 
0 0 154.0080 42.8713 -0.3698 -0.7559 
0 1 101.9395 56.8897 0.3000 -1.2585 
0 1 111.1515 62.2349 0.6255 -0.8104 
0 0 118.5618 43.9262 0.1668 -0.4869 
0 0 93.6409 44.8473 0.8800 0.0340 
0 0 127.7783 36.6933 -0.8237 0.4508 
0 1 130.2306 41.5323 -0.8824 0.0911 
0 1 121.8218 44.9947 -0.2354 -0.6986 
0 1 173.8614 34.6240 -1.1286 1.8797 
0 1 106.3606 34.5837 -0.0773 -0.4402 
0 0 122.8238 44.8848 -0.4009 -0.9525 
0 0 93.1702 39.8657 -0.1371 -1.2108 
0 1 140.5112 57.4297 -0.4041 -0.7784 
0 1 162.1968 57.1653 -0.6298 -0.7032 
0 1 117.4627 46.7818 -0.2817 -0.9567 
0 1 96.7556 40.1149 0.8250 0.5183 
0 0 123.1092 39.0343 0.0182 -0.1890 
0 1 155.9840 47.5605 -0.8832 0.3121 
0 1 132.5159 61.8982 -0.2992 -1.0922 
0 0 128.6653 45.8013 -0.3733 -0.3414 
0 0 56.6816 18.8925 1.0696 8.0164 
0 0 128.3904 49.1603 0.0478 -1.0159 
0 0 90.8455 39.7143 0.2098 -0.8349 
0 1 142.8104 46.8958 -0.9388 0.1949 
0 1 68.6308 36.6226 0.7049 0.4558 
0 1 93.8479 37.5778 0.8056 1.3874 
0 0 126.5322 65.9047 -0.4891 -0.9646 
0 0 143.3173 56.9354 -0.5852 -0.7445 
0 0 100.3042 44.2631 0.8625 0.1212 
0 0 160.3318 51.7149 -0.7736 -0.1904 
0 0 165.5893 58.4611 -0.7789 -0.5295 
0 0 114.3604 45.8857 0.5681 -0.2158 
0 0 125.1027 42.9569 0.1308 -0.6064 
0 1 128.0677 47.1038 0.2691 -0.6117 
0 1 82.3070 31.5735 0.6542 0.1062 
0 0 144.3341 44.3898 -0.1794 -0.5974 
0 0 140.7830 50.1828 -0.4428 -0.6508 
0 0 145.6842 41.6696 -0.5585 -0.2049 
0 0 128.9774 70.4358 -0.5780 -1.0406 
0 0 171.4298 42.8972 -1.3287 1.4301 
0 1 126.7857 48.1160 0.0634 -0.7399 
0 0 134.3294 47.4884 -0.3061 -0.9240 
0 1 172.1469 41.3182 -1.5775 2.8711 
0 1 162.0435 48.9919 -1.1882 0.4737 
0 1 168.6691 48.2030 -1.2323 0.7542 
0 1 120.4017 47.3946 0.2886 -0.8884 
0 1 100.9256 56.0072 0.8750 -0.3931 
0 0 100.1160 38.7798 0.7804 0.1389 
0 0 115.6699 41.4980 0.4656 -0.4872 
0 0 148.0518 38.4879 -0.2231 -0.0259 
0 0 155.6730 55.9888 -0.3825 -0.8035 
0 1 94.7069 39.2634 1.1136 0.9515 
0 1 138.1925 37.0652 -0.4680 -0.1171 
0 1 176.9649 47.7475 -1.0620 0.2441 
0 0 71.4730 22.2837 0.2035 -0.0434 
0 0 129.9991 46.0338 -0.1029 -0.7379 
0 0 111.6532 40.5750 0.1652 -0.4447 
0 0 137.9282 67.7533 -0.6404 -0.6811 
0 0 146.5295 59.7003 -0.3900 -1.0019 
0 0 158.1463 35.2852 -0.4379 0.8248 
0 0 123.6744 47.2806 -0.2135 -0.3427 
0 0 123.4753 31.2643 -0.2920 -0.1541 
0 0 126.5247 44.2019 0.1361 -0.5027 
0 0 136.9139 73.0056 -0.5123 -0.9861 
0 0 116.3882 41.7790 -0.0344 -0.3751 
0 0 121.8278 47.0781 0.1484 -0.7452 
0 0 165.7984 43.7675 -1.3091 1.5954 
0 1 169.2401 53.5238 -0.7506 0.0090 
0 0 119.6394 49.1312 0.2062 -0.9724 
0 0 126.1763 45.2104 0.0432 -0.7755 
0 1 99.5160 36.2978 0.0045 -0.8376 
0 1 124.4017 53.4237 0.3819 -1.0166 
0 1 133.5961 49.6330 0.1949 -0.4653 
0 1 148.0245 39.4479 -0.4733 0.0805 
0 1 116.1145 55.1851 0.0450 -1.2330 
0 1 109.4648 41.0866 0.0144 -0.8532 
0 1 143.8583 61.6854 -0.2124 -1.1945 
0 1 154.2861 57.4476 -0.4121 -1.0852 
0 1 155.4896 55.3027 -0.5287 -0.6861 
0 1 121.4582 51.5914 -0.0194 -1.0712 
0 1 174.7025 48.4786 -1.0563 0.5474 
0 1 103.0190 38.6921 0.4135 0.0014 
0 1 99.6769 32.9765 0.4257 -0.6588 
