P_00001 1 121.6307931 44.08844032 -0.104065056 -1.033550757
P_00001 1 134.6482101 52.76050772 -0.111337119 -1.069298663
P_00004 0 131.9230512 45.07966328 -0.2498506811 -0.5172583999
P_00004 0 118.1538564 37.01959193 0.4166305927 0.4381704969
P_00004 0 130.9576414 52.09203975 -0.0981826454 -0.7154373856
P_00009 1 152.492911 43.34498831 -0.2436389723 -0.5697498823
P_00009 1 147.6726602 49.00143265 -0.272184961 -0.8449618134
P_00015 1 100.2550832 38.60795112 0.0151496457 -0.4426614846
P_00018 0 153.0274548 61.04926039 -0.6273107645 -0.928692565
P_00018 0 142.7721206 44.78984415 -0.533620842 -0.4925872869
P_00021 0 158.3353913 31.22387101 -0.6751589638 2.68695104
P_00021 0 136.3256742 48.00672495 -0.6739812453 -0.1051918206
P_00021 0 121.5575926 52.54402984 0.1345528818 -1.096602737
P_00021 0 89.27502092 47.96431139 0.0443238833 -0.9783893376
P_00023 1 65.41978972 24.47615949 0.8178715415 -0.2054515164
P_00023 1 101.0997077 43.81377279 0.5337517032 -0.1848396632
P_00026 0 127.6831014 43.17607658 -0.3319894364 -0.4252137923
P_00026 0 152.105154 43.23882027 -0.5063539776 -0.016960357
P_00027 0 155.7870467 38.7789906 -0.5524604212 0.4762693847
P_00027 0 146.8135679 48.37210552 -0.2555196546 -0.9389843844
P_00034 1 178.9015956 43.08688134 -0.8111246859 0.2264800256
P_00034 1 155.2389339 45.75011649 -0.9994299669 0.2888301376
P_00039 1 169.6551842 53.28361009 -1.043357378 0.7671332834
P_00039 1 157.9532198 54.49392826 -0.5778136037 -0.5744522887
P_00041 0 99.41889106 47.46289019 0.8964719906 -0.4072146599
P_00041 0 113.408379 47.50266581 0.5157019352 -0.6222154011
P_00044 0 91.30513393 49.82269216 -0.0624531626 -0.7653306104
P_00044 0 121.4650609 47.98944863 -0.3964510993 -0.6670635089
P_00044 0 186.2538626 51.08655997 -1.55908451 2.026181953
P_00044 0 109.3324764 73.48759228 -0.048798338 -1.328788254
P_00044 0 123.9607503 65.82147134 -0.4699854167 -1.18895471
P_00044 0 105.0292415 34.31038755 -0.3890299715 -0.1457672953
P_00045 1 146.0349984 58.68058045 -0.2209255822 -1.077669022
P_00045 1 128.7135385 47.01911707 -0.0067367534 -0.7789849852
P_00046 1 162.2178815 42.6714616 -1.454493983 1.851472057
P_00051 1 137.1923296 75.21705636 -0.5639984288 -0.8906826084
P_00051 1 142.4382602 75.22066317 -0.4620805571 -1.089708713
P_00054 0 160.6355188 37.88501777 -0.6291322858 0.1271981381
P_00055 0 111.4960323 47.4677385 0.1447234092 -0.9684733618
P_00057 1 115.6263948 39.7647621 0.8157023757 0.5202753832
P_00057 1 104.6293645 37.81825545 0.6656027578 -0.0868482834
P_00058 1 117.638369 42.68721947 0.253506315 -0.7555735014
P_00059 1 106.7043225 46.01605546 0.7040209185 -0.5119482024
P_00059 1 106.7851097 44.80843087 0.3176434262 -0.6852799237
P_00061 0 141.017908 39.29675772 -0.4183018451 0.1914609744
P_00061 0 153.6260603 46.8062941 -0.5317823687 -0.0506535747
P_00064 0 158.5901104 42.763837 -1.019435947 0.4961526077
P_00065 0 120.4877787 50.87027328 0.170463126 -0.9219409319
P_00065 0 156.6129485 48.21163123 -0.6589119005 0.1202387312
P_00068 1 155.0633433 58.34094052 -0.5931802968 -0.6489886482
P_00068 1 78.29281099 40.03356245 0.6212108311 1.295347898
P_00074 1 132.3447456 50.52856523 -0.1542692174 -0.6246303304
P_00074 1 88.33551051 34.0096836 -0.2007949642 -0.6327587896
P_00074 1 88.06378853 41.70693032 0.8282291572 -0.2324508187
P_00076 0 141.7683833 60.00089406 -0.087507578 -0.9535599827
P_00076 0 154.5826991 40.86545508 -0.8491413289 0.9239231163
P_00079 1 102.8133342 47.11307779 0.4155936653 -0.686667944
P_00079 1 120.7733218 41.88847369 -0.3041490531 -0.4491604347
P_00080 1 107.2054535 57.90846549 0.3906323609 -1.203584134
P_00080 1 85.11966227 44.09983815 0.61458598 -0.3734611927
P_00081 0 135.3723865 59.45740604 0.0077906671 -1.280431357
P_00081 0 124.9866172 38.04412535 -0.2407369261 -0.5192559419
P_00086 1 132.5214352 50.61591308 -0.0202435598 -1.099044304
P_00086 1 108.4583788 44.698792 0.1513606671 -0.8817225865
P_00090 0 156.613302 44.18995421 -0.8532289617 0.0308481364
P_00090 0 132.2643572 46.79406692 0.1268863546 -0.786645086
P_00092 1 141.4431901 52.40711841 -0.405776822 -0.8668435959
P_00092 1 140.3643653 57.2323296 -0.2161450849 -1.149373998
P_00092 1 90.34802033 30.53301179 -0.4467231946 -0.6075123111
P_00092 1 82.87176432 38.82015639 0.3795112037 -0.8685701113
P_00092 1 99.71836735 42.03754852 0.6846990165 0.0854820152
P_00092 1 143.4847255 62.16426923 -0.5804567823 -0.9261487828
P_00094 0 149.2010085 60.3561707 -0.5164354599 -0.8192637188
P_00094 0 166.9209743 48.26766327 -0.6238243678 -0.3446608745
P_00095 1 137.9867564 62.84105272 -0.0787872722 -1.371788669
P_00095 1 156.9444366 48.65188056 -0.3371000935 -0.9741164285
P_00096 0 74.34900544 24.75913511 0.0893842577 -0.3531139112
P_00096 0 133.5065396 47.18497951 -0.1835242515 -0.51457934
P_00106 0 112.8468414 41.38554838 0.5326294967 -0.4183246519
P_00106 0 80.05177217 63.42888451 2.09977215 3.170317936
P_00106 0 145.1361288 39.22724332 -0.0574818901 -0.3651878832
P_00106 0 35.42403326 14.6351281 1.214341564 5.462496895
P_00106 0 107.9188079 35.56905981 0.7173282923 0.3939141128
P_00106 0 107.9536279 42.15732826 0.6400025304 -0.0962927704
P_00106 0 152.9479565 53.6977715 -0.4347352879 -0.898453912
P_00106 0 112.4588611 39.58794925 0.4973991684 -0.2347121165
P_00106 0 180.270664 21.47508827 0.0537175445 0.6646958914
P_00106 0 109.3653165 39.82564306 0.4991896508 -0.2626901914
P_00106 0 82.97588787 26.60703291 1.821204964 6.956406251
P_00106 0 131.1082949 45.90158423 0.1252307479 -0.8224883783
P_00106 0 74.29455641 33.97340906 0.2510375828 0.4031847615
P_00106 0 97.86830826 39.98114378 0.7914925479 0.2491285617
P_00107 0 136.8057727 54.71203019 -0.3685254669 -0.7970608791
P_00108 0 94.78668805 42.94089041 0.9329177459 0.1981257726
P_00108 0 109.5642249 42.8051774 0.4266859016 -0.3162133566
P_00109 0 142.7871648 35.28074097 0.1057721023 -0.1469355164
P_00110 1 157.1455861 55.69880719 -0.5054885677 -0.248101947
P_00110 1 142.4319571 56.89176679 -0.0699666981 -1.072775563
P_00110 1 134.358265 47.44230832 -0.213202381 -0.7410904407
P_00117 0 151.8513236 48.26606394 -0.4007158308 -0.5283759422
P_00119 0 148.0985673 46.45859367 -0.4837452043 -0.2222105192
P_00119 0 152.8771839 46.70214585 -0.1731917715 -0.5322314028
P_00120 0 171.6915763 78.98869474 -0.9050810634 -0.664454994
P_00120 0 177.662994 70.76971805 -1.011664493 0.05670007
P_00122 0 138.3352975 50.65244118 -0.2659816069 -0.6159653153
P_00128 1 93.31942843 28.67484471 0.1531083092 0.624721269
P_00133 1 144.7411998 39.57098553 -0.3297755407 0.01650486
P_00133 1 160.2068578 41.53094416 -0.7772176416 0.8869949806
P_00134 1 146.3017108 47.85132091 -0.4384977138 -0.7472063286
P_00134 1 162.008245 42.87506873 -0.8827522352 0.5789722864
P_00137 0 139.4358266 37.21812677 -0.4203552202 0.4995489001
P_00137 0 148.7655304 50.84830302 -0.6978459559 -0.5861948866
P_00146 1 127.140155 47.02958425 0.2129405259 -0.8870089342
P_00146 1 85.82475078 28.44691911 -0.068475855 -0.6414293234
P_00148 1 205.7701184 20.78818962 -0.2758748684 -0.2745469308
P_00148 1 137.8332644 52.9225263 -0.1522674476 -0.9687497196
P_00149 1 123.5499409 34.21269571 -0.1606816475 -0.354376197
P_00149 1 167.6519315 52.66986518 -0.5548957666 -0.4985812773
P_00160 1 103.408251 38.25132203 0.0208391232 -1.27016808
P_00160 1 114.7912601 45.2799513 0.076388685 -0.9308559206
P_00160 0 103.2667298 46.57904275 -0.246271015 -1.126438726
P_00160 0 120.7583485 37.22354451 -0.4307619986 -0.71745178
P_00166 0 94.89198841 35.33251897 -0.1243704298 -0.8722703394
P_00166 0 117.0549557 39.21476743 0.2448250252 -0.4897646433
P_00169 0 141.3975145 42.15417064 0.4503403927 -0.3764503112
P_00172 1 147.7959108 57.78330836 -0.5631506594 -0.7904755093
P_00172 1 168.5670362 56.14500099 -0.6519610892 -0.5529754992
P_00174 1 162.2403827 52.54363207 -0.5407462607 -0.6263692026
P_00174 1 154.9531113 55.05767852 -0.4221108754 -0.7422829573
P_00175 1 178.141539 46.21684474 -0.8858093262 0.2061656729
P_00175 1 157.7490045 59.67360775 -0.6650496392 -0.7624779825
P_00187 0 60.55382805 30.67000149 1.83363412 7.518867089
P_00187 0 121.146785 48.75500194 0.2565542337 -0.8768936952
P_00190 1 142.2153462 62.21594657 -0.190560041 -1.116487743
P_00199 1 91.6942775 40.9815993 0.0911498199 -0.7254215573
P_00199 1 126.1722334 45.20104116 -0.6444712547 -0.3189831056
P_00205 0 133.4653421 49.68304052 0.0745943955 -0.8949533174
P_00205 0 145.9738069 49.83198784 -0.4112514245 -0.7653868078
P_00206 0 118.1091438 31.77611855 -0.2413982424 2.404931094
P_00207 1 62.44788199 29.06345516 2.032146792 7.705984542
P_00207 1 135.365 50.5531884 -0.0811417551 -1.092443087
P_00207 1 132.3789209 49.51085553 0.1270554145 -0.8716119212
P_00207 1 135.5556015 49.38313477 -0.3058553181 -0.8772122099
P_00207 1 86.07475456 34.45924872 0.8205982067 1.615277333
P_00207 1 155.8148784 56.71617952 -0.921143258 -0.2209292107
P_00208 0 113.3923179 36.81321268 -0.6430847596 -0.2590337816
P_00215 0 131.2230937 52.01062607 -0.336104404 -0.7496266149
P_00217 1 133.3763447 37.37994498 -0.9071645374 0.7512984487
P_00218 1 127.807733 39.79052209 0.3699519097 0.1747149083
P_00218 1 78.86634204 31.10593843 0.1601241605 -0.7670490469
P_00219 0 138.8960519 46.31973901 -0.3985224067 0.0850184296
P_00221 0 119.147449 45.08423802 0.3770254462 -0.1017106712
P_00224 0 129.3129941 49.11348354 0.0913686681 -0.8213726934
P_00224 0 143.9838618 52.41332953 -0.8156661963 -0.2066810768
P_00224 0 170.3636739 65.69519642 -0.958901207 0.1960470665
P_00224 0 145.32762 49.03097779 -0.6306028155 -0.5632271234
P_00225 0 156.5372868 58.13582896 -0.8291630795 -0.3232911045
P_00225 0 105.1101705 39.06056265 -0.5205231821 -0.6774694329
P_00226 1 125.4804431 22.80116543 -0.5363622986 1.17302543
P_00226 1 185.1798514 49.73073332 -1.225493337 0.8440902426
P_00229 0 163.654793 49.02355015 -1.124707179 0.7183615128
P_00229 0 140.2434374 35.76945883 -0.174258699 0.0505104355
P_00231 0 173.7853567 48.20228714 -0.9925168939 0.5671529533
P_00231 0 130.2815215 48.07089952 -0.2094301564 -0.8730359688
P_00234 0 154.166394 36.39963163 -1.080937851 1.057309466
P_00235 1 90.04812788 41.37959397 0.9801678085 0.3842162238
P_00235 1 77.87499108 31.1579982 0.5236233988 -0.3894772656
P_00236 1 85.97316613 40.60688954 0.3755993334 -0.2669967725
P_00239 0 115.0470485 56.62914858 -0.1501659089 -0.8368392443
P_00239 0 156.6577686 50.74841291 -0.4898056209 -0.5818942487
P_00240 1 161.1755235 45.3692805 -0.426313919 -0.5441387798
P_00240 1 156.2632094 56.45169303 -0.7115337655 -0.7546617361
P_00241 1 128.8386518 52.80515584 0.063758766 -1.091370543
P_00241 1 131.7968904 48.15042004 -0.1992717453 -1.012774984
P_00242 0 149.3634251 60.24051998 -0.3803942925 -1.018980805
P_00242 0 155.6210688 61.5640893 -0.7888609897 -0.5976352394
P_00247 0 162.1805464 46.01620157 -0.9148929388 0.1706933155
P_00247 0 157.747128 45.32261714 -0.7382292757 -0.0916618645
P_00248 1 154.7939679 53.76604997 -0.6789005534 -0.3064661219
P_00254 1 112.0750196 42.43617159 0.0767639412 -0.9183072673
P_00254 1 122.553241 56.42248574 0.2300333001 -1.186184328
P_00259 1 107.7597099 42.17413548 0.4957314463 -0.0657805411
P_00259 1 97.59152102 45.62757016 0.9337825196 0.0391315885
P_00264 1 128.0507296 55.42952387 0.4031487029 -1.004277593
P_00264 1 115.9697452 53.00565487 0.6456147864 -0.7573925112
P_00265 1 153.5558406 65.32637115 -0.2902494985 -1.230787838
P_00265 1 171.0562653 32.40130541 -0.2186120922 -1.26282285
P_00273 0 139.036894 49.45158928 -0.2457288585 -1.110861678
P_00279 0 134.1069129 81.61601411 -0.5712089286 -1.137960464
P_00281 0 118.7094883 35.39766165 0.1010686508 -0.4367681647
P_00283 1 134.6957141 54.90644588 -0.0083667913 -1.127669373
P_00283 1 125.5661662 73.8254862 -0.3013421036 -1.141967728
P_00287 1 184.5986606 42.0871998 -1.479764951 2.509594177
P_00287 1 102.2884266 49.45050666 0.6826518859 -0.5125271539
P_00289 0 57.78351784 37.27909238 3.056823243 13.38493818
P_00289 0 114.6711747 42.85850051 0.019857901 -0.5634753451
P_00294 0 118.699363 49.240207 0.3297963609 -0.9736368393
P_00294 0 141.2010383 54.2327462 -0.1230427021 -1.073895335
P_00298 0 131.2121062 41.90713478 0.0786608345 -0.7006252126
P_00298 0 141.1986367 42.76749933 -0.4472509502 -0.1014473904
P_00303 0 115.2125169 48.91935536 -0.0311231319 -0.6228749407
P_00303 0 180.0376368 31.20167532 0.0797240899 -0.0120474633
P_00303 0 102.2295407 43.58640214 0.3165824187 0.534184273
P_00303 0 136.126946 41.31842535 -0.6438837486 -0.2632943971
P_00304 0 106.0997427 63.00404417 0.8738370993 0.186695854
P_00309 0 104.100715 38.89540587 0.3872406371 -0.4780520324
P_00309 0 121.7608101 50.26331127 -0.3478419423 -1.16164355
P_00309 0 108.6671621 50.12208979 0.3322760094 -0.9718219335
P_00309 0 113.0884698 49.97127459 0.2781607302 -0.9356487036
P_00313 1 144.0219577 53.1484611 -0.3508265981 -0.9639391188
P_00313 1 142.9942929 45.96582753 -0.2417334785 -0.6200483384
P_00314 1 180.7115177 57.14564091 -0.8068976907 -0.5119728662
P_00314 1 204.1925917 38.30130828 -0.8009194645 -0.3404524082
P_00317 1 115.490099 54.0075646 0.2311214614 -1.068108969
P_00319 1 92.90322347 43.13563897 0.6910145341 -0.4433862788
P_00319 1 145.006771 50.79437949 -0.4691331792 -0.6587515905
P_00320 0 142.6116315 45.80269643 -0.1373248012 -0.8096074305
P_00320 0 128.0480458 36.47124594 -0.5869959421 -0.3514083223
P_00328 0 103.1898272 38.08044276 1.132034057 4.438256907
P_00328 1 85.46953511 39.07837405 0.344924396 -0.7143650631
P_00328 1 136.409096 45.51271254 -0.2640737874 -0.788863967
P_00328 1 102.1253455 34.58488598 0.0196443969 -0.0294614441
P_00328 1 121.5021036 57.03686643 -0.497063051 -0.6463764564
P_00330 0 131.4707862 49.38460349 0.1855146916 -1.072855702
P_00330 0 132.5078755 57.20810877 -0.0135282662 -1.313275261
P_00332 0 136.0858607 51.47225701 -0.350188752 -0.6896966579
P_00332 0 130.4726164 46.99197462 0.3182560514 -0.9753313783
P_00332 0 117.9392837 51.02356527 0.1170397845 -1.187657772
P_00332 0 153.003539 34.1837368 0.3525956632 -1.037580759
P_00333 0 120.6863791 46.8623479 -0.0820008317 -0.4425377431
P_00333 0 131.3252211 37.61945252 -0.418580078 0.080357821
P_00334 0 152.7937004 68.49432378 -0.8075148441 -0.5412653155
P_00335 1 166.3404825 46.52043795 -0.6911065034 0.1072000711
P_00342 0 125.5661046 56.24087342 0.1841796621 -1.104653969
P_00342 0 136.0581504 43.29809857 -0.1218936606 -0.6916574423
P_00342 0 111.1973004 47.74214687 0.4835507902 -0.5808455782
P_00342 0 92.05945122 30.23049898 -0.8253275113 -0.0243760361
P_00348 0 119.7234507 48.75268409 0.4324009178 -0.3019181594
P_00348 0 112.0293308 46.67976998 0.3949551891 -0.6931049801
P_00351 0 153.6052902 46.70885719 -0.465751922 -0.2164638875
P_00351 0 146.2702617 55.1438392 -0.5329620728 -0.6518574885
P_00354 1 149.1371524 52.66339037 -0.1504688979 -0.7756224796
P_00354 1 152.465947 51.09468386 -0.3509820955 -0.6103523237
P_00356 1 106.1664782 37.4473331 0.0872760148 -0.1215202701
P_00361 1 155.8787927 57.66279009 -0.6232703568 -0.6211120663
P_00363 1 88.69973517 43.79377959 0.5227352463 -0.4488984294
P_00363 1 91.38109732 46.06117682 0.5630155489 -0.6103284799
P_00366 0 80.02468934 32.86378698 0.3534055603 -0.5004573294
P_00366 0 109.9830132 44.6057697 0.3402717932 -0.2389098476
P_00370 1 120.0601852 47.87849367 -0.0569783541 -0.7866589964
P_00370 1 107.6481322 43.79341611 0.4187673367 -0.2199044077
P_00376 0 148.1313344 36.03047438 -0.9808011511 1.280435698
P_00376 0 127.8922566 41.52888667 0.3095778465 -0.625397284
P_00376 0 152.3318897 40.62910419 -0.8313890517 0.2845797973
P_00376 0 107.9165356 39.77200937 0.4952965664 -0.0404136483
P_00376 0 125.7992021 43.88364173 0.4015667806 -0.6630916292
P_00383 1 172.2240555 41.58345985 -1.322841925 1.797219604
P_00384 0 131.6780303 47.82729755 0.0441285776 -0.9817520756
P_00384 0 143.0778819 50.98979842 -0.5574664165 0.1076816876
P_00385 0 146.1514579 53.09611788 -0.3003368459 -0.9658299973
P_00385 0 107.1167206 45.02647693 0.0750913746 -1.023595031
P_00386 1 88.44370171 35.75407017 1.085481302 0.9634207833
P_00386 1 83.18432192 26.38062858 0.4291988368 -0.4225407219
P_00389 0 180.554542 56.76233596 -1.103923256 0.1754798914
P_00396 1 103.9118829 45.70921133 0.7019642972 -0.296047021
P_00396 1 129.983588 50.94063053 -0.1272619201 -0.9250314996
P_00399 1 67.64935502 34.82590723 0.8156461631 -0.2593260116
P_00399 1 136.7520943 49.32626538 -0.3389888029 -0.3730373878
P_00401 0 119.276119 48.80600723 0.3308899727 -0.9304516225
P_00401 0 115.9937884 44.33969178 0.4335490658 -0.4880493716
P_00406 1 177.6631803 42.28035525 -0.9004843264 1.489104006
P_00406 1 146.7621953 59.8573603 -0.5835061706 -0.9633559568
P_00408 1 197.0834077 41.22418065 -1.267451766 0.9170004285
P_00408 1 186.4290511 36.27175098 -0.6426972118 -0.2076071851
P_00411 0 147.0728893 51.32736831 -0.6146741056 -0.4314745822
P_00411 0 88.59446738 59.24144262 0.2454996853 -0.6772716548
P_00412 0 158.9309284 53.64893491 -0.5309136113 -0.5362081478
P_00412 0 138.6986664 54.73070693 -0.2468072336 -1.09161637
P_00413 1 138.7500785 54.92286053 -0.2879531156 -0.9732848176
P_00413 1 168.6818501 40.9457498 -1.121680057 1.984683394
P_00414 1 91.01537272 53.20588364 0.9753179399 0.0100229135
P_00414 1 128.8448329 57.70138456 -0.0069109645 -1.165798957
P_00415 1 74.60848649 40.92534462 0.8357541057 -0.3327276519
P_00415 1 118.2350032 47.14019007 0.1623233808 -0.7028708936
P_00417 0 165.2061264 23.34946546 -1.860232039 6.523608958
P_00417 0 191.8873203 47.71295678 -1.990215134 3.696997937
P_00419 0 146.3893574 56.46109599 -0.3362551385 -0.9917760564
P_00419 1 144.1273614 54.27272004 -0.2314185932 -1.145598374
P_00419 1 140.798129 56.02648589 0.0609858656 -1.099744718
P_00419 0 136.516038 46.84203073 -0.3180431513 -0.5504355321
P_00419 0 165.0697495 32.02456507 -0.263314635 0.787150032
P_00419 0 85.85528908 30.19536604 0.1104797377 -0.1779935281
P_00420 1 129.4716084 45.25183409 0.2782827529 -0.6380748456
P_00420 1 113.4972159 40.90582727 0.448584808 -0.1484996377
P_00420 1 122.3300728 45.28326146 0.5832938773 -0.4181202625
P_00420 1 121.7263441 40.03156477 -0.2923631078 -0.3709079711
P_00421 0 140.6660808 41.7479398 -0.6413603122 0.3355537658
P_00421 0 98.99248815 35.95599517 1.025118929 1.099249828
P_00423 1 155.1739693 46.50361478 -0.4914304997 -0.3288588848
P_00426 0 123.6221626 75.68832896 -0.2669023988 -1.416523835
P_00426 0 143.5463613 53.21367507 -0.4122513888 -0.793057481
P_00427 0 143.5157341 55.62870563 -0.4303008114 -0.9568255179
P_00428 0 191.0614899 19.98405853 -0.0608731904 0.7755683021
P_00430 0 158.6732092 54.19929874 -0.6387249403 -0.2259015713
P_00430 0 126.9461492 52.64366514 -0.0164449711 -0.8948199054
P_00431 0 149.4901753 47.76632017 -0.2400950166 -0.8430417741
P_00431 0 137.9826436 48.49558895 -0.0555907093 -0.7312562718
P_00432 1 102.19109 37.19468538 0.3438959447 -0.5038087837
P_00432 1 150.2581969 47.93510904 -0.7365406 -0.2833954267
P_00432 1 115.9174153 38.79228738 -0.2734188703 -0.6708495164
P_00432 1 134.7455204 45.02537132 -0.0131871237 -0.8315579043
P_00435 1 181.7578278 53.18106463 -1.223194401 0.7151524628
P_00436 0 145.5496421 54.9698489 -0.5960979138 -0.6815524402
P_00436 0 123.0427276 51.65024084 -0.3254657917 -0.880353582
P_00437 0 132.5732147 44.0404338 -0.3471988127 -0.6587153616
P_00437 0 160.5161621 38.08887262 -0.868153189 1.243443506
P_00439 1 111.3434601 42.77064402 0.7154095404 0.1429145627
P_00439 1 147.3797317 41.90209786 -0.2794088412 -0.608966064
P_00440 1 163.8534842 37.17087726 -1.259170539 1.681077404
P_00441 0 120.9443221 48.72676009 -0.0157791769 -0.9661941247
P_00442 0 129.7609235 58.46202881 -0.0820161473 -1.356015615
P_00442 0 128.7558331 62.3244561 -0.0794285642 -1.41616266
P_00444 1 114.6659836 49.23046536 0.332837306 -0.8400788837
P_00444 1 89.27642006 41.49960056 0.0005258411 -1.128998341
P_00450 1 146.5369176 31.17139719 -0.574940775 0.2408162516
P_00450 1 167.6629687 39.91616446 -1.188222954 1.860936421
P_00451 0 126.9498288 50.52168684 0.3958382092 -0.8886954683
P_00451 0 137.9590954 41.91353461 -0.1142600293 -0.6903627567
P_00453 0 154.5458828 48.15031025 -0.7680532192 -0.044771266
P_00453 0 142.0724323 46.96025234 -0.092595915 -0.5207889947
P_00454 0 131.0252525 51.14073979 0.2181519095 -1.060690454
P_00454 0 126.8200656 53.87697628 -0.1687471006 -0.896991275
P_00462 0 157.9058962 59.9140469 -0.2980666715 -1.14412723
P_00462 0 144.0325606 57.04409096 0.0196981436 -1.021698427
P_00465 1 101.7357249 31.44687566 0.2427459123 2.936100275
P_00465 1 142.2654394 53.49097896 0.0434406009 -1.071226958
P_00468 0 112.1390942 79.35049624 -0.0983268803 -1.472907946
P_00468 0 99.92298034 66.38313987 -0.1490814916 -1.144209376
P_00471 1 144.9286155 58.43672809 -0.1166502194 -1.044778064
P_00471 1 158.4930298 51.87072783 -0.1821442762 -0.959534808
P_00475 0 144.1790251 41.32347879 -0.2321194159 -0.5148567366
P_00475 0 114.3668765 45.77925248 0.6005532653 -0.4220178328
P_00484 1 176.8459497 52.51069991 -1.471812114 1.346430164
P_00487 0 95.82184461 36.76642114 0.33163855 -0.3057670165
P_00487 0 123.7200126 52.14106274 -0.4348505591 -0.9863262945
P_00488 0 153.3491224 51.44118008 -0.540149506 -0.7110858297
P_00488 0 116.4807506 48.00078228 0.3763213549 -0.4500889926
P_00492 0 156.9616403 37.16603778 0.203686831 0.2029934908
P_00495 0 217.6489177 29.68457731 -2.903715073 11.07085233
P_00495 0 162.5199607 43.88274892 -1.035476822 0.8938502307
P_00496 0 104.8872407 49.22613135 0.6495784218 -0.4137674184
P_00496 0 141.662371 44.82451301 -0.1157420751 -0.4999773096
P_00499 0 122.9104103 41.9082298 0.0411037709 -0.773460327
P_00499 0 133.2308949 42.92406206 -0.1283522773 -0.4438957125
P_00504 1 126.7412862 52.07268748 0.1869747676 -0.8661717422
P_00506 0 117.0654317 54.29775961 0.0067622729 -0.9940030376
P_00509 0 115.9763831 49.65035088 0.3680976422 -0.5649661322
P_00509 0 109.2687648 43.59250215 0.3396194369 -0.5835578277
P_00512 0 150.5274296 42.55505604 -0.3757585255 -0.4917722344
P_00512 0 133.8116506 50.82177351 -0.1795946378 -0.8730692932
P_00515 0 146.871745 57.32129566 -0.1407479559 -0.9477091162
P_00515 0 164.4805481 49.87182634 -0.8277148982 0.1827490893
P_00515 0 158.789762 45.49591381 -0.444452661 -0.0266313178
P_00517 0 155.41809 44.47677993 -1.149946312 0.7124440768
P_00517 0 150.9601074 41.94726294 -0.6484268256 -0.1433235116
P_00518 0 97.51878492 30.25608274 0.1684266776 -0.4761140213
P_00518 0 93.79730997 31.74885271 0.4489135586 -0.4234256729
P_00519 1 140.5393741 54.96790138 -0.3608966743 -0.9474091773
P_00519 1 144.5600234 41.93170544 -0.4425012157 -0.1956607933
P_00522 0 138.806135 57.43342882 -0.2182446369 -0.8270690733
P_00526 1 151.8501573 56.85177156 -0.5459269749 -0.9074305491
P_00526 1 142.6869641 43.56302103 -0.6252380306 -0.2136501981
P_00528 0 145.5561267 58.46721912 -0.4501177134 -0.9239147542
P_00528 0 149.7717987 58.35044446 -0.5743362687 -0.8967423967
P_00528 0 190.3618076 43.20516756 -1.527850738 1.944755834
P_00528 0 124.1037269 33.92757785 -0.5234290701 -0.1050690505
P_00532 0 151.472783 45.34911034 -0.5375622626 0.1262645262
P_00534 0 149.4115831 70.19760443 -0.6935439601 -0.6678983778
P_00534 0 150.0580652 63.54488747 -0.7003202984 -0.4450581185
P_00535 0 96.91445317 40.7954248 0.9149158796 0.5765417917
P_00539 1 173.1026415 41.55855074 -0.6759683027 -0.2882222942
P_00539 1 186.4799272 41.40590602 -1.093755253 1.187926537
P_00540 1 130.1569505 46.32620851 -0.0098056891 -0.9971208722
P_00540 1 127.1981203 44.44457252 0.1767880647 -0.6823872548
P_00543 1 130.094107 42.52129053 -0.3920780113 -0.5308733227
P_00543 1 80.07303503 29.42379543 0.4080784997 -0.2613123121
P_00545 1 134.2186289 40.14183899 -0.4439815628 -0.4867281046
P_00549 0 100.3146176 34.78981268 0.5231619123 -0.3020755192
P_00549 0 109.5259895 42.17543521 0.3050450254 -0.7664691415
P_00550 0 185.2972473 55.13768481 -1.491756295 1.380977373
P_00553 1 113.2163245 43.40220183 0.8795361111 0.0972126602
P_00553 1 97.87813959 46.6574275 0.7414032391 -0.4006463434
P_00554 1 114.9303168 40.21518398 0.5565923144 -0.0170808371
P_00554 1 118.1736273 34.3620524 0.7043357762 0.6515004459
P_00559 0 97.28059581 34.17951605 0.1172540424 -0.5512880012
P_00559 0 126.0397749 35.67456671 -0.3623003393 -0.2565054473
P_00560 0 148.5440411 46.21582397 -0.4400302442 -0.1207895684
P_00564 1 138.7529913 48.74694686 0.0654780054 -0.6692342439
P_00566 1 151.9750618 44.38747498 -0.8804188127 0.8775929388
P_00566 1 148.273097 62.81919518 -0.5628672235 -0.7955369567
P_00568 1 189.6348273 55.15004276 -1.107179555 0.1701127297
P_00568 1 187.3995094 68.04826329 -1.228094138 0.3538582092
P_00569 0 107.4799945 38.70130535 -0.4851364207 -0.995757876
P_00569 0 144.6446826 55.63331684 -0.3142322024 -1.134408803
P_00572 0 172.2506179 41.29445366 -0.661205193 0.5210715552
P_00572 0 168.4241914 44.5988144 -0.8734367848 0.370731504
P_00573 1 149.7354393 57.81194257 -0.3056241519 -1.120131705
P_00573 1 142.3335143 66.28816529 0.0189964867 -1.447997279
P_00575 1 143.2432348 54.55295999 -0.5230298218 -0.9370593511
P_00577 1 136.0457537 44.70031391 0.054952436 -0.858480916
P_00577 1 100.554912 30.242389 -0.4726046824 0.0986710973
P_00581 1 102.4564639 52.09345024 0.6660375448 -0.4901654247
P_00584 1 129.633297 48.33587949 0.1536198937 -0.9196204052
P_00586 1 163.3332318 45.43143143 -0.6702705777 0.0586720714
P_00586 1 121.7519773 48.05599163 0.3650300011 -0.8291329705
P_00586 1 144.4025806 43.74645038 -0.198963714 -0.2268847193
P_00592 0 138.533377 47.95615244 -0.2032259889 -0.9434072632
P_00592 0 125.8522647 42.55564191 0.0821097886 -0.8596152527
P_00596 0 153.2165071 41.0217902 -0.4543794615 -0.4768630604
P_00596 0 145.451787 41.62893694 0.3859296626 -1.070998084
P_00596 1 112.6725802 28.31549407 0.9345191005 1.066108856
P_00596 1 129.6101693 39.29485781 0.5634482051 -0.4830173542
P_00597 0 151.9333426 48.31893253 -1.167716684 0.8364079835
P_00604 1 163.5205011 59.28897862 -0.8143592536 -0.4376353421
P_00604 1 162.8153258 53.17353174 -0.8283374736 -0.5457212103
P_00605 1 127.9942919 76.61343738 -0.2881546832 -1.158417394
P_00607 1 92.30667106 46.76697058 0.2749163902 0.6940349833
P_00607 1 78.90276106 59.31522616 0.2635628902 -0.8328155994
P_00611 0 122.9705754 49.59252354 -0.1357788343 -1.036608314
P_00611 0 143.9825167 49.27807671 -0.4696346599 -0.634847816
P_00616 1 132.5702634 51.88039304 0.1391083741 -1.158218153
P_00617 0 146.21423 60.6636159 -0.5009680947 -0.9996063654
P_00622 0 57.35139491 19.89990691 -0.0662146874 1.160857969
P_00626 0 160.756 37.79311709 -0.5861406947 0.8403017965
P_00626 0 153.5263879 45.84931084 -0.7071399566 0.2785242263
P_00630 0 99.17164307 47.06454212 0.4085208156 -0.9550129181
P_00630 0 137.4083367 47.96201837 0.0331903903 -0.7368454863
P_00634 0 102.5698202 39.88220432 -0.0416632223 0.485921215
P_00634 0 191.7120992 39.15967014 -1.430144327 2.015811892
P_00634 0 146.5272249 46.40309919 -0.3957790336 -0.1423054307
P_00634 0 151.9217228 33.70775675 -0.5439967668 0.5729413233
P_00634 1 160.5290342 39.6306371 -0.5208086922 -0.0352504259
P_00637 1 130.8033464 50.07520444 -0.019449329 -0.8494645216
P_00640 0 134.598569 45.91598983 -0.5587404923 -0.4598842597
P_00640 0 150.4234986 51.48862614 -0.8759803723 0.2442502938
P_00644 1 131.3965606 46.42670249 -0.2597235713 -1.027255054
P_00644 1 160.9031174 52.83962736 -0.6763954037 -0.4954758838
P_00648 1 115.8375992 56.8018388 0.0892527424 -1.044022634
P_00648 1 98.1510601 42.58774768 0.4925918749 -0.681763702
P_00651 0 170.3317326 47.86020018 -1.03949464 0.6788684122
P_00653 1 182.2974777 51.93346873 -1.218909825 0.6921612016
P_00653 1 158.7616137 56.32401119 -0.9938691227 -0.0291831603
P_00659 0 125.2968874 52.63842151 -0.0481807183 -0.8745600609
P_00660 1 105.5383288 34.56080232 0.6601799002 0.324627592
P_00660 1 103.1650195 38.60476324 1.001984236 1.186703894
P_00661 1 118.9501686 33.60922866 -0.1589522157 -0.0856855196
P_00661 1 133.1226857 59.77391503 -0.1793707239 -1.061424786
P_00665 1 150.3628629 45.9226221 -0.3742543014 -0.8734896343
P_00666 0 97.60181159 41.11869942 0.8763927759 0.3636175789
P_00666 0 118.3345792 42.20439577 0.6096685598 -0.0900512024
P_00670 0 112.1098507 48.274723 0.7363191948 0.0048268079
P_00670 0 99.37736615 37.55560958 0.1309568312 -0.821328434
P_00673 0 169.2421283 49.07869877 -0.8292493951 -0.3390983395
P_00673 0 102.3045833 21.23435355 0.4831713258 -0.0460032437
P_00673 0 147.2867371 43.47265082 -0.5975042903 -0.5322183846
P_00675 0 121.6767344 51.67901472 -0.0508223158 -0.8934290785
P_00675 0 76.19526002 29.45171278 0.3926633371 -0.4642099196
P_00678 1 162.5076636 45.01712031 -1.123534144 0.8356174508
P_00678 1 158.5759199 36.25750204 -0.75869149 0.2679208835
P_00687 0 139.2867147 46.79331809 -0.0875379814 -0.7124915323
P_00687 0 122.479443 58.81748018 0.0458915642 -1.11650843
P_00690 1 115.5514187 55.7848743 0.1012815897 -1.086137104
P_00692 0 157.7606496 49.36972291 -0.7153448753 0.1756497689
P_00694 0 136.4205231 41.81508074 -0.0654487443 -0.659963922
P_00694 0 163.6557397 58.41996272 -0.7926227963 -0.2557423556
P_00695 1 160.4084089 56.14548307 -0.650300704 -0.6197466382
P_00695 1 174.9857753 55.54084168 -1.086435483 0.3099240587
P_00698 1 156.2988612 57.85441414 -0.6374258635 -0.6845618354
P_00698 1 139.6459277 52.77590743 -0.35632005 -0.4758912363
P_00700 0 123.3021191 41.7935387 -0.5563963788 -0.1220001436
P_00700 0 142.9963738 31.0255901 -0.2021940941 1.536294342
P_00702 1 165.3457924 45.63501475 -0.685330486 -0.5433635369
P_00702 1 119.2399559 48.58145522 0.3110587986 -0.7736686121
P_00703 0 127.2363428 39.81316976 -0.055594908 -0.6323862303
P_00703 0 131.6002505 46.14388176 0.2883534722 -0.6601543834
P_00706 1 190.8357748 52.54151419 -1.140894502 0.3441446682
P_00706 1 202.4903026 52.34520616 -1.549404749 1.476152924
P_00708 0 63.37899117 73.31868053 1.925059194 2.054116763
P_00708 0 134.9554825 42.27575309 -0.2584647513 -0.5969681044
P_00710 0 92.09691722 26.96725715 -0.1849815318 -0.6484951916
P_00710 0 83.74399388 33.51492536 0.1991792542 1.639186709
P_00710 0 166.358582 42.79843054 -0.826049959 0.9579835798
P_00710 0 146.1787084 68.94321589 -0.660940211 -0.8133070541
P_00710 0 142.3048696 50.13711452 -0.1981945482 -0.8872688213
P_00711 1 132.6148107 53.08984299 0.0675912485 -1.046001618
P_00711 1 138.3480198 37.8330301 -0.1477321409 -0.0710401873
P_00711 0 103.6440956 46.78081913 0.7311751491 -0.4443604015
P_00711 0 129.6605 43.58745255 0.104384248 -0.2633790624
P_00715 0 84.47707316 34.83006236 -0.0279615195 -0.8929237058
P_00715 0 104.3665648 46.79170431 0.2701482346 -0.7519778985
P_00716 1 100.8034164 36.29300405 -0.0228771109 -0.4655204926
P_00717 1 118.516015 53.87962176 0.4025530296 -0.9121889304
P_00717 1 110.5551744 45.14041611 0.8728832565 -0.0445907659
P_00719 1 218.4338637 54.36684481 -3.021162408 8.247800314
P_00719 1 175.9831392 58.79598753 -0.7846836057 -0.7645496709
P_00720 1 111.6746704 80.20123086 0.8198910422 -0.6244692902
P_00723 0 92.39135072 34.04404844 0.1081686971 -0.8354305184
P_00726 0 127.1004524 42.97194996 0.1259392872 -0.6365734781
P_00726 0 107.2764871 47.16995792 0.435729798 -0.5053417658
P_00728 1 112.0045321 36.913018 -0.1545459432 -0.2897693301
P_00728 1 147.9519491 51.832691 -0.5499557182 -0.545392339
P_00730 1 128.0473864 57.08464466 -0.126459669 -1.24116116
P_00731 0 143.2641117 53.38613291 -0.2227540306 -0.9956850852
P_00731 0 133.541503 50.52549431 -0.0757046385 -1.026603112
P_00732 1 158.0890008 38.73658073 -0.5599885538 0.2822426013
P_00732 1 178.840866 42.81171788 -1.420961424 2.603594094
P_00733 0 60.38402499 35.8167941 3.214114823 15.27612306
P_00733 0 130.3970458 45.1008139 -0.1725683808 -0.839616758
P_00734 1 169.2302287 54.88103377 -0.5112523435 -0.721474303
P_00737 1 150.8068966 54.41120039 -0.2262835804 -0.2307735595
P_00737 1 180.0520401 55.06134449 -1.183958615 0.4359861652
P_00739 0 125.5084124 52.62724648 -0.0663886888 -1.224297438
P_00739 0 126.4786213 31.8858264 0.0252170563 -0.4506713517
P_00742 0 86.87244799 30.22847002 0.2594268597 -0.7043870161
P_00742 0 123.033678 44.75104255 -0.1099120559 -0.8033009726
P_00746 1 87.89926342 41.37712393 0.1881198862 -0.9726610401
P_00746 1 144.6671176 55.08488693 -0.2374597561 -0.8497672997
P_00747 0 137.9447696 61.11591462 -0.5712149319 -0.8542586514
P_00747 0 185.0220408 40.55067223 -1.551334141 2.902600898
P_00753 1 105.5023647 58.96557695 0.3911496996 -1.270959395
P_00753 1 108.6322973 43.65418606 0.2481675011 -0.9562158187
P_00754 0 77.06322267 26.34950491 0.1150130563 -0.7927859292
P_00754 0 118.1112784 42.8601211 0.643196538 -0.2949522263
P_00764 0 119.813248 40.51152104 0.1673097517 -0.5362670748
P_00764 0 150.5923455 48.69996939 -0.1800101856 -0.8618918591
P_00765 0 95.51113435 35.44435503 0.9877796344 1.359775187
P_00765 0 99.18069638 42.14619115 0.7278600167 0.1211546885
P_00770 1 117.2122107 48.15461029 0.1336829442 -0.9399787171
P_00775 0 104.6621756 26.05163611 -0.3487416881 -0.5170069204
P_00775 0 148.0282121 41.02497285 -0.8096396215 0.3369569286
P_00776 1 112.5018275 52.18325628 0.513663908 -0.7247049005
P_00776 1 168.5813362 35.61080636 -0.3412781194 -0.5962348247
P_00778 0 72.4561208 38.90155492 -0.5059087668 -0.8578236196
P_00778 0 47.55630634 48.90297223 0.8589102372 0.2068805183
P_00778 0 123.7227576 64.09401375 -0.2955350599 -0.9088673375
P_00778 0 63.33798407 57.48263498 1.049337481 0.3423370802
P_00779 1 116.0982538 59.94037229 0.5162965928 -1.045508968
P_00779 1 116.263089 56.85180079 0.5553483351 -0.9602941518
P_00781 0 157.8197791 51.90426386 -0.7806175031 -0.1413532737
P_00781 0 111.0278697 75.01342794 -0.1136467824 -1.429192666
P_00782 1 131.1095167 50.12279352 -0.2153829378 -1.02693642
P_00794 0 136.2212035 47.59422219 0.1613780211 -0.7365898478
P_00794 0 133.5913851 53.48016937 -0.0430711963 -1.052506692
P_00797 0 149.5178963 50.24940908 -0.3187463535 -0.8412830257
P_00797 1 169.9931549 48.20719077 -0.654343102 -0.291970268
P_00797 0 183.6470512 54.64809349 -1.486661724 1.775266559
P_00797 1 119.1024095 48.37741285 -0.0738244805 -0.8732182585
P_00797 0 155.5816215 48.60670396 -0.396035614 -0.6553773594
P_00797 0 163.9234382 36.870545 -0.2936521219 -0.2300023478
P_00798 0 150.0744086 59.20887121 -0.6096238467 -0.863764826
P_00798 0 145.1281344 52.60592414 -0.5109480363 -0.6731579687
P_00801 1 127.6434038 41.36456096 -0.4947505254 -0.2508368041
P_00801 1 131.1241836 51.74126629 -0.1765941387 -0.7223193733
P_00802 1 104.7958682 45.37922159 0.3201903714 -0.7127917479
P_00802 1 199.1790861 42.93737986 -1.908877365 3.825159085
P_00802 1 136.5262336 56.33719653 0.0707299123 -1.116553318
P_00802 1 109.6736387 32.7994403 0.5744253667 -0.6098450495
P_00803 1 130.3698553 46.40227459 -0.2905440926 -0.1505069377
P_00810 1 106.0168031 40.9814563 -0.0564883872 -0.923200334
P_00814 0 51.48530358 22.36649306 2.51400911 19.77043618
P_00814 0 85.31835451 27.62529306 -0.7729325133 -0.211680004
P_00815 1 148.6706185 40.66818944 -0.8063383592 -0.0624684938
P_00815 1 112.9380519 39.39038659 -0.1762452817 -0.8573584722
P_00816 0 85.45201557 62.12499837 1.949809857 2.858219463
P_00816 0 93.24075151 68.20596038 1.480261501 1.233916461
P_00818 1 132.5603896 58.45333673 -0.3074680058 -0.9973715029
P_00818 1 153.5991604 48.79962684 -0.5446637771 -0.8003367365
P_00823 0 118.0582512 53.53756084 0.1416930793 -1.062676493
P_00823 0 140.7238462 58.60601025 -0.217125776 -1.061953639
P_00826 0 108.6016886 42.4456673 -0.240213663 -0.8383267155
P_00826 0 113.5021848 51.18363335 0.2010192283 -0.9477339325
P_00828 1 151.6950212 56.01818973 -0.3900710788 -0.913867047
P_00829 0 81.0575061 29.19578033 -0.6619589115 0.5837923094
P_00829 0 87.1555496 58.05432348 0.260331154 -0.9407890723
P_00831 1 190.9943791 49.25481227 -1.648912781 2.577012499
P_00836 1 114.9610128 46.38238949 0.2650767734 -0.4410218437
P_00836 1 107.4352391 45.72673301 0.3349935021 -0.3993588472
P_00841 0 74.41650801 30.86823741 0.2419068311 -0.7860483704
P_00841 0 90.92819596 45.43042862 0.3542493192 -0.7976142207
P_00844 0 156.9920597 44.81427471 -1.469075876 1.533657032
P_00844 0 138.0258745 45.66162208 -0.3166027673 -0.5062512848
P_00845 1 143.08626 46.24730319 -0.2993907178 -0.7326342654
P_00847 0 140.6937402 45.10159586 0.2588810318 -0.785475139
P_00848 1 123.0884381 35.88234018 -0.1229877483 0.890878648
P_00848 1 164.6699407 50.55222387 -1.181559577 0.5400867526
P_00849 1 145.6822745 45.90912412 -0.5357429534 -0.6867070077
P_00849 1 189.6996144 49.41082094 -1.282305284 0.7007313092
P_00851 1 142.6308055 62.38190029 -0.3733639692 -1.063654342
P_00851 1 130.2685077 51.42561151 -0.0815446468 -0.8650343296
P_00853 1 134.3791837 46.59211347 -0.184789785 -0.7595468854
P_00859 0 130.5470282 51.58339499 0.0868985434 -1.010973491
P_00859 0 77.55427751 27.53856426 0.3205043757 -0.0803974586
P_00863 0 141.3450359 54.1273674 -1.038846213 -0.0056822843
P_00863 0 86.43338841 27.44242685 -0.1952986766 -0.581424017
P_00865 1 121.1963125 49.25852291 -0.3390345178 -0.9061260307
P_00865 1 98.19581281 38.68815944 0.4302477642 -0.3479292327
P_00869 0 133.2888427 50.78066705 -0.4133580543 -0.5836919475
P_00869 0 113.5840931 39.37162018 0.366282688 -0.4541435324
P_00870 1 155.2309939 57.8679594 -0.1713332149 -1.301201492
P_00870 1 187.9162334 53.16063745 -1.016787634 0.0998499547
P_00871 1 145.5625495 44.01977811 -0.5025918875 -0.5729201599
P_00871 1 170.568892 54.45600015 -1.404299262 0.8335734198
P_00881 1 113.5585765 45.55332772 -0.4163462123 -1.005313597
P_00881 1 106.9880356 51.12701416 0.5522580126 -0.662709987
P_00884 0 140.3113026 45.3116801 0.0670521424 -0.4853394031
P_00886 1 119.7113774 49.87948572 -0.4978939048 -0.8712608025
P_00886 1 136.1104274 42.8193398 -0.4408044139 -0.5853746793
P_00889 1 157.3538373 46.6291013 -0.5029941291 -0.4966714016
P_00889 1 159.4948319 52.78217758 -0.7581139147 -0.1525520638
P_00891 1 131.4823587 49.93781893 0.3324024838 -0.7120408915
P_00891 1 110.9032401 53.43671464 0.4056494732 -1.102435155
P_00892 1 133.8958416 52.45739488 0.2738444388 -1.408621536
P_00892 1 148.2531426 53.90800999 -0.1665230451 -0.9280842095
P_00894 0 121.5887121 45.50871559 -0.3101806749 -0.6351739737
P_00896 0 126.2832075 50.48982886 0.0744678696 -0.7646191008
P_00898 1 126.240778 51.80353817 0.2244801233 -0.9197315773
P_00900 1 159.9561006 54.95596023 -0.8103790593 -0.4053267662
P_00901 1 148.5360459 52.08018587 -0.0158090101 -0.8400988536
P_00901 1 147.8015222 47.76979906 -0.4809930067 -0.235692927
P_00902 1 175.4122523 41.55387134 -0.9865655066 0.9596924401
P_00902 1 172.5491255 44.06419131 -0.692823216 -0.1619029047
P_00903 1 86.52359625 41.24387954 -0.2629649844 -0.2087052159
P_00906 1 154.8641286 43.93199737 -0.6120749405 -0.4960132864
P_00906 1 166.7050121 36.00315813 -0.7636507049 0.3167172009
P_00911 0 149.5716576 37.76867904 -0.4449443622 -0.2525747548
P_00913 1 153.5842439 40.88750435 -0.9411701575 0.9272879874
P_00913 1 122.184294 55.30824282 0.1832724423 -1.031257596
P_00914 1 140.2491158 46.58741447 -0.1305387251 -0.8582545345
P_00914 1 164.1204039 42.34786153 -0.7331671712 0.0341879188
P_00914 1 149.9299398 47.68033058 -0.1751088589 -0.8654984
P_00914 1 152.5085601 46.60174518 -0.435286965 -0.8323933155
P_00914 1 125.6809953 47.13257572 -0.2017599904 -0.9538346204
P_00914 1 167.4619103 40.18506548 -0.8061434552 0.4104621314
P_00915 1 117.6622841 48.21761446 0.0808185401 -0.874549075
P_00915 1 127.2087087 46.13892354 -0.0098088733 -0.9308381589
P_00917 0 158.5787717 55.214338 -0.6554603838 -0.7135818597
P_00920 0 154.6761596 60.53886596 -0.8255165666 -0.3176584719
P_00920 0 163.1978175 41.82232396 -0.6178719381 0.3730153748
P_00921 1 130.5105035 53.45067663 -0.2901168083 -0.0961198631
P_00927 0 55.87380348 62.12110435 2.547564262 5.031446313
P_00927 0 104.9018607 42.10295187 0.4356505634 -0.6060878063
P_00929 1 136.2051073 43.79324998 0.2839363651 -0.4193366768
P_00929 1 163.6414532 50.17461574 -1.188947153 0.8775906816
P_00931 1 104.9100166 47.36866978 0.456352796 -0.5882456902
P_00931 1 101.7088397 45.72976711 0.4169576784 -0.4151683359
P_00935 1 115.5974918 50.19661784 0.2768665762 -0.7820635965
P_00935 1 136.2474412 41.73997634 -0.2899421928 0.0231195204
P_00939 0 55.99384994 41.24006766 3.058671798 11.52655344
P_00939 0 140.6239266 64.24416428 -0.3772175052 -1.137765444
P_00941 0 132.6367473 52.26804403 -0.0151567556 -0.9992638459
P_00949 0 196.6611055 41.54849366 -1.865249906 3.373299094
P_00949 0 167.1230534 50.73964217 -0.987536417 0.3847504261
P_00950 1 105.9578742 35.01240753 -0.1151178664 -0.7756564403
P_00952 0 195.3119447 19.8900548 -0.3544269934 0.1686665867
P_00952 0 115.932306 48.10721447 0.1720911515 -0.8450340614
P_00958 0 183.9487594 54.69111875 -1.228244189 0.4737600911
P_00958 0 177.9848983 45.83209005 -0.9379438362 0.2326966159
P_00959 1 178.2897015 53.22754162 -0.8781762657 -0.3407891647
P_00961 1 160.4948093 49.86914733 -0.4920369663 -0.7663002415
P_00963 0 122.2543232 76.42206106 -0.383191732 -1.358804659
P_00963 0 118.9127199 66.31282101 -0.3622353333 -0.9727370699
P_00968 1 137.7585172 44.23419219 -0.7581046175 0.4119042121
P_00968 1 134.4018664 30.22017839 -0.3317601731 2.917763683
P_00970 0 69.31303104 33.22661465 0.3912271421 -1.004794834
P_00972 1 121.9675989 48.09812217 0.3336556675 -0.8634789308
P_00972 1 112.7845264 48.23622575 0.620822825 -0.7199214777
P_00976 0 138.1671837 42.93172038 -0.2425987304 -0.6625539099
P_00976 0 83.69274536 37.29609095 0.6956502889 0.4538471841
P_00978 0 181.2859558 57.28453166 -1.132433795 0.322496927
P_00978 0 130.4842945 62.1332305 -0.0535175941 -1.296501872
P_00982 0 117.5767713 44.45511366 0.2505803778 -0.8413606546
P_00982 0 85.57029277 25.62444518 0.1825050327 -0.3905554194
P_00984 1 145.0556652 66.56696644 -0.7900913119 -0.2937275631
P_00984 1 149.638626 55.72436894 -0.0138162126 -1.003809764
P_00988 0 100.7930856 37.19587737 0.9654438558 0.9948580776
P_00988 0 116.7541711 42.17103083 0.4808897964 0.0316765408
P_00990 1 137.9819991 38.47108162 0.0709686218 -0.1058840096
P_00990 1 125.2505894 41.07318847 -0.1773981487 -0.2333524987
P_00994 0 167.9240848 49.90229939 -0.8160362196 -0.3281856457
P_00995 1 111.8467404 58.23212656 0.4317613925 -0.6080011138
P_00995 1 133.1511617 49.83046258 -0.1350581697 -0.6840642596
P_00996 0 102.7941313 43.95914211 0.3085398782 -0.4289008533
P_00997 1 182.1333661 57.06693604 -0.7960956806 -0.189232224
P_00997 1 154.2038123 53.64015939 -0.5177729057 -0.8367014627
P_00999 1 127.8064292 49.13386366 -0.0033421604 -0.9242606774
P_00999 1 98.85488799 34.66138924 -0.0197399006 -0.7155549888
P_01000 1 158.3909656 59.10598549 -0.6762313667 -0.9234106984
P_01000 1 103.743699 62.61190015 0.1976110148 -1.31103197
P_01008 1 124.9660662 48.05073193 -0.8026088877 -0.3282697199
P_01008 1 139.9686848 53.73850715 -0.804253041 -0.650980812
P_01009 1 153.4105404 64.33783212 -0.8476549114 -0.2237866974
P_01009 1 158.1557997 60.3887823 -1.211697156 0.543616788
P_01018 0 110.0915105 52.04566466 0.3615352736 -0.6660964821
P_01031 1 91.6520322 32.42417025 0.0932616442 -0.5917809255
P_01032 0 156.9928396 43.43148203 -0.8606583362 0.3497956299
P_01034 1 107.3698415 44.2318508 0.1035524308 -0.8644037861
P_01034 1 92.96781826 49.30982182 0.6165296571 -0.7436875726
P_01035 1 164.2891437 42.59771449 -0.7873921597 0.4251237412
P_01035 1 126.7246241 48.43434377 0.0560533016 -0.576960857
P_01036 0 144.820264 65.25758597 -0.6923832247 -0.9492339345
P_01039 1 143.7647125 38.8857138 0.4019643654 -0.749675185
P_01039 0 76.36037384 24.11618798 -0.2409575084 -0.6102307221
P_01039 0 127.4256179 40.97664604 0.1240562489 -0.7280426798
P_01039 0 133.2586885 39.74734922 -0.0210520345 -0.3456526293
P_01039 0 154.1181619 51.84249155 -0.5021738239 -0.5241917342
P_01039 0 74.50415255 26.04273175 0.6004511992 -0.2158568928
P_01039 0 112.4412294 45.11120627 0.4880881377 -0.3867435858
P_01039 0 168.2191793 43.81366299 -0.9978502218 0.3673009105
P_01039 0 139.166608 35.25625223 -0.0659849833 -0.573387541
P_01039 0 125.1514286 40.11385629 0.2009659208 -0.59718554
P_01039 0 151.795419 42.18609325 -0.1184305935 -0.7647416591
P_01039 0 139.0011071 54.48624937 -0.3053565575 -0.8288892373
P_01047 1 114.7975941 72.37896048 -0.2701537093 -1.202213881
P_01047 1 141.6957157 44.32277284 -0.7083348541 -0.2052815471
P_01048 0 142.1041753 51.4871529 -0.3813833791 -0.7521420349
P_01048 0 162.9398821 53.23856481 -0.8405809264 0.0804764508
P_01051 0 100.8122121 43.80552782 -0.3453225843 0.6613121214
P_01051 0 111.7145449 59.67022578 -0.5264058661 -0.8223642072
P_01052 0 127.0291768 38.52308216 -0.4315837164 -0.1083551854
P_01052 0 114.287217 43.10610215 0.1231921587 0.0750741836
P_01054 1 126.8881132 39.13212606 0.1634154007 -0.3240626942
P_01057 1 93.5536423 45.88150156 0.505696416 -0.8610355446
P_01057 1 121.7533108 63.35343483 0.3343018323 -1.244159272
P_01062 0 159.0449442 45.29687695 -0.8451742862 0.1657657187
P_01062 0 144.1933863 46.98730081 -0.119835924 -0.8614745057
P_01070 1 106.9548106 41.17042387 0.6455133621 0.3039159777
P_01070 1 122.8585244 58.24828167 -0.1887959049 -1.208938886
P_01071 1 87.43648152 34.57582087 0.291428534 -0.1173140174
P_01071 1 139.2361208 44.74243875 -0.5494595844 0.2833010761
P_01076 1 146.9357317 54.24389473 -0.317450833 -0.7867224726
P_01076 1 142.8496428 56.40469132 0.1455211484 -1.03249116
P_01077 0 113.7978592 59.27982437 0.2764866706 -1.333262821
P_01079 1 157.7064704 46.40121987 -0.0077301656 -0.7472949408
P_01079 1 141.6764028 49.63663191 -0.1221566738 -0.9582131046
P_01082 0 119.1418219 51.80932457 -0.1477157663 -1.305535835
P_01083 1 143.766344 55.50946095 -0.5429941799 -0.7683914971
P_01084 1 162.7934339 43.25078293 -1.335272698 1.915585382
P_01084 1 143.0492847 41.52386599 -0.4233287493 -0.6825408846
P_01086 1 146.4260771 62.38565744 -0.4256930995 -1.180922962
P_01088 1 101.5299083 42.09388446 0.3896025802 -0.6822592955
P_01088 1 127.2503248 58.19911003 -0.0262036813 -1.292029509
P_01093 1 93.74096194 39.94994514 0.1566334556 -1.02020899
P_01093 1 124.7545397 51.82402481 0.2070044186 -0.9972496391
P_01097 1 167.6789298 39.23350843 -0.7913911572 0.2661597536
P_01097 1 195.7192895 33.741831 -1.668118147 3.225917444
P_01103 0 116.4905276 60.30289173 0.3029008498 -1.201898995
P_01103 1 111.7966437 61.53172802 0.4782380773 -1.118879598
P_01103 1 132.1762428 44.1114389 0.0574666874 -0.6700193285
P_01103 0 128.5655698 55.00391024 -0.3234409879 -0.7004183587
P_01103 1 157.2306563 42.836223 -0.6032200451 0.1544591654
P_01103 1 147.8318027 50.81487896 -0.3923515412 -0.745825897
P_01104 0 150.7393346 52.9769123 -0.4233414959 -0.8961327873
P_01109 1 126.8559035 53.06378972 0.1970917457 -1.018007658
P_01112 0 141.4046514 45.39565119 -0.3043660458 -0.7508613906
P_01112 0 115.7811272 38.9321126 0.2800752836 0.0791815096
P_01115 0 140.0088398 46.2262233 -0.4947515023 -0.1641257066
P_01115 0 102.9467499 31.19821409 -0.489930251 0.2271387843
P_01118 0 99.03367611 40.69439172 0.5558481721 0.1215760886
P_01118 0 130.2565202 42.73687401 -0.0013343562 -0.2231391655
P_01120 1 128.6431367 46.63777093 -0.1854521696 -0.789300823
P_01120 1 133.7092871 47.34251854 -0.0984046522 -0.7728710427
P_01123 0 100.2581967 38.59362282 -0.3190101426 -0.9490793039
P_01123 0 163.537944 53.29751303 -0.9537939565 0.1083860166
P_01124 0 146.5547359 48.67364046 -0.6178775649 -0.2652471445
P_01124 0 147.4249158 49.59991256 -0.4843910784 -0.5736912753
P_01130 1 119.7267708 49.24366377 -0.2147192365 -1.128422677
P_01130 1 114.4913941 43.08935748 -0.1845105739 -1.024472885
P_01131 0 173.4656991 52.27554084 -0.7568766197 -0.1477817345
P_01131 0 157.9436878 50.29810256 -0.5564537593 -0.586123245
P_01133 0 139.2805335 43.26063635 0.0271652139 -0.2490764396
P_01134 1 142.1357061 53.09050276 -0.3519347317 -0.6266422239
P_01134 1 150.4197413 46.62796663 -0.2947609494 -0.6714276624
P_01138 1 163.6886429 45.05684435 -1.076141778 0.3228459676
P_01138 1 178.7532403 23.75083652 -1.689717786 2.914870165
P_01142 0 127.5106748 47.92083614 -0.0887972961 -0.6072317003
P_01142 0 158.5176531 44.98325944 -0.4357937322 -0.163708187
P_01144 1 120.4065752 48.33356149 0.3786882788 -0.5560205009
P_01144 1 154.9806995 46.31630436 -0.2050519355 -0.5051485741
P_01146 0 73.20878838 83.40996954 1.531884345 0.7047502564
P_01149 1 161.4680759 43.06484031 -0.8281552558 0.2681746306
P_01149 1 131.2705335 75.55005398 -0.4532564918 -1.15604503
P_01150 0 134.8812479 51.24038288 -0.1276573272 -0.9155032571
P_01150 0 118.5419459 47.97926187 0.2639119551 -0.6038563769
P_01151 1 100.5682633 30.85795567 -0.1141625864 -0.4170532913
P_01151 1 100.412617 27.45294047 -0.1763781775 -0.0226574805
P_01152 0 118.9214528 42.23260914 -0.2366429326 -0.8152925608
P_01152 0 119.7722373 43.16819663 0.6207947289 -0.3675714049
P_01152 0 157.8197805 52.22591899 -0.6856534555 -0.3013585844
P_01152 0 141.6769434 46.61999533 -0.5694249575 -0.214850115
P_01153 0 116.8073734 41.46990558 -0.0502032287 -0.6233237774
P_01155 1 149.9459935 70.26162922 -0.9613199204 -0.2949156826
P_01155 1 134.5060831 52.88424806 0.1269112948 -1.269412524
P_01158 0 124.3993904 52.50750566 -0.3944302256 -0.567495115
P_01158 0 165.9371076 48.94518379 -0.4679405636 -0.6323736488
P_01162 0 129.8557928 46.15959596 -0.288917653 -0.4563933899
P_01162 0 145.0453325 39.8159712 -0.0085342058 -0.5446025255
P_01163 1 138.2899567 57.75729419 0.148657986 -1.223998611
P_01163 1 126.9504769 53.61117474 -0.1981743429 -1.330959293
P_01164 0 125.1743096 55.07168899 0.284923139 -0.9332099553
P_01164 0 135.1971082 55.88188699 0.0304471681 -1.147383231
P_01165 0 156.8490128 42.96670045 -0.6094617962 -0.6893109869
P_01165 0 138.3216836 42.46673871 0.2755405655 -0.417972683
P_01165 1 166.3719895 56.54777005 -1.021118599 0.3260280334
P_01171 0 90.42276587 68.72991982 0.1290564558 -1.288352625
P_01171 0 130.3316618 56.18237704 0.168920381 -1.097129453
P_01173 1 116.210797 59.11883764 0.0950991014 -1.387554786
P_01173 1 120.673481 46.84720196 -0.1085031425 -0.8218296718
P_01175 0 104.3856311 42.4367253 0.6158519243 -0.1610035784
P_01175 0 58.25552995 22.35477016 0.725918694 0.6480658545
P_01175 0 131.6534776 39.80753295 -0.0291191475 -0.5557087173
P_01178 0 146.8829557 57.3903357 -0.1051033108 -1.159212698
P_01178 0 171.421662 49.77153329 -1.025218017 0.2999820016
P_01179 1 146.3319954 52.99304222 -0.4475445636 -0.6177662377
P_01179 1 139.2627412 63.22512599 -0.2373586438 -1.229438014
P_01181 0 154.1984044 45.08338791 -0.5871858432 -0.2616255339
P_01181 0 130.7299043 53.12277593 -0.2914660136 -0.6567323362
P_01182 0 86.05970409 27.2729571 0.2371072821 -0.51407182
P_01182 0 106.3541788 35.31905415 -0.2972163446 -0.499238119
P_01185 0 124.6052451 41.24002996 -0.5435039001 -0.619640852
P_01185 0 185.828422 42.4661676 -1.558298269 2.23747659
P_01189 1 147.0928529 41.17514495 -0.5658624454 0.0494553528
P_01189 1 195.092922 48.61753762 -1.320921383 1.235463942
P_01190 1 104.7063429 40.81540325 0.4503691277 -0.1221316973
P_01190 1 101.3947611 31.73663412 -0.56310243 -0.124621192
P_01194 0 144.3877624 44.69082939 -0.4750449984 -0.3643145721
P_01201 1 171.7499787 59.58426654 -1.042941915 -0.1399667998
P_01201 1 172.8840935 32.85055133 -1.252974577 1.767921803
P_01203 0 129.3610152 45.90043877 -0.4215354344 -0.7526985065
P_01203 0 101.2972082 38.51847916 -0.0355242811 -0.8673348433
P_01206 1 74.28230469 29.92754692 0.2179622463 -0.3755330744
P_01206 1 110.8799127 30.66130798 0.2679883591 0.1214308395
P_01207 0 150.1183981 42.21373902 -0.6163222196 0.7677842062
P_01209 0 82.03820364 30.98485782 0.1492642603 -0.9826312058
P_01212 0 143.5765481 48.65671194 -0.4002537328 -0.6080068076
P_01212 0 129.9170741 49.88958749 -0.2877202727 -0.9648284019
P_01215 0 100.5747685 46.34507373 0.8941202107 0.2952190763
P_01215 0 96.88391696 36.77606668 0.7673668787 0.6137895534
P_01216 0 109.9735648 39.35101812 -0.0815068919 -0.8770369085
P_01216 0 120.4464232 47.36824352 0.2694241849 -0.383578256
P_01218 1 130.8627913 51.39798498 0.1175133861 -1.070009453
P_01218 1 138.0284511 46.79752211 -0.2371064219 -0.7748162312
P_01221 1 163.0975059 44.78862786 -0.6207140367 -0.0517256307
P_01221 1 186.3454214 43.32849158 -1.22051116 1.116773323
P_01222 1 146.7278019 52.45695221 -0.5558016774 -0.6574297073
P_01225 0 154.261563 41.16584176 -1.230259761 1.168433859
P_01225 0 127.13719 45.21302323 -1.158979616 0.748309999
P_01226 0 118.1478672 47.67458151 0.2324878081 -0.4927569982
P_01230 1 83.00054349 38.95699657 0.5380376855 -0.2898855889
P_01231 0 121.6958566 45.99651559 0.6305810384 0.815094045
P_01231 0 156.0137821 44.40495687 -0.3600683003 -0.3062458584
P_01232 1 151.1427663 43.395858 -0.5656656096 0.0300904051
P_01232 1 105.9736511 38.02765956 0.4232141961 -0.2300286257
P_01233 0 125.5536961 50.64499929 0.216109955 -0.9581077635
P_01233 0 146.9520988 42.09026709 -0.425291636 -0.4273792393
P_01237 0 118.460703 54.21875285 0.2250718837 -1.116664633
P_01238 0 180.3006334 46.77400199 -1.526797922 1.807222407
P_01238 0 189.8602793 42.30674281 -1.428329953 1.470480067
P_01239 0 154.3215256 63.58683483 -0.5764944946 -1.076524276
P_01241 1 157.6958274 38.84238416 -0.2833437837 -0.2017024645
P_01241 1 157.961594 56.50380251 -0.6399467607 -0.7422109938
P_01243 0 143.471344 46.37624196 -0.6336726514 -0.3920330033
P_01243 0 131.935006 39.96350237 -0.2889497427 -0.1492514692
P_01248 1 136.1515422 58.53378924 -0.1503873548 -1.190636079
P_01248 1 124.8547725 47.96342072 0.1806764259 -0.938301812
P_01250 0 123.4020885 23.45927585 -0.1982534608 -0.5631273878
P_01250 0 130.2645652 49.24460837 -0.0983486095 -0.718627487
P_01258 1 119.6449814 56.06539402 0.1604679219 -0.9790704442
P_01260 1 155.8360911 56.62843588 -0.5319645355 -0.8523194719
P_01261 1 95.58748778 33.50960533 0.6898907701 1.319151073
P_01261 1 121.7731522 47.83826014 0.3108062379 -0.8521619025
P_01262 1 110.6093352 52.82697869 0.8761640523 0.7949663297
P_01262 1 98.82965618 73.59584217 -0.4156991124 -1.614513619
P_01262 1 129.0971363 35.94156789 -0.0391141486 1.564118979
P_01264 0 129.3326459 50.34412577 -0.5188144538 -0.9446820211
P_01265 0 113.4679698 43.49613627 0.1910807363 -0.7799522616
P_01265 0 114.2328197 40.29954416 0.1102676105 -0.6616089045
P_01267 0 113.7216905 42.46535249 0.0228700467 -0.5493506666
P_01268 0 84.88096858 37.43185478 0.2368972829 -0.7973048129
P_01268 0 166.2545788 45.4774647 -1.380587924 1.448651949
P_01270 0 93.52163572 51.66728863 0.8678247273 -0.4275295702
P_01270 0 118.756029 46.59020971 0.291553598 -0.7242431568
P_01270 1 152.395164 79.82159259 -0.384608019 -1.439574238
P_01270 1 146.1152367 67.2196003 -0.531783781 -0.7241312528
P_01270 1 166.7234139 71.05204344 -0.6624849601 -1.069662676
P_01271 0 56.60612878 33.37459299 3.316681999 16.91510095
P_01271 0 124.9164674 42.37857858 0.0477517458 -0.5559953063
P_01273 0 93.29413363 37.63242323 0.1952880075 -0.7453550679
P_01273 0 104.0981542 41.18620122 0.3073792039 -0.7785440412
P_01273 0 92.13301439 30.39462656 -0.0006148193 -0.8792337128
P_01273 0 162.0119606 25.14216819 -0.2285460749 -0.3619934046
P_01273 0 48.76212676 15.77035026 0.3772383152 0.614870957
P_01273 0 101.5084483 40.65362508 -0.0702838699 -1.10213328
P_01274 0 136.0839351 58.67553052 -0.2118156187 -1.195887861
P_01279 0 134.041845 52.03252027 -0.1534290081 -0.886644887
P_01280 0 89.30280448 37.9955678 0.3520142151 -0.7268604076
P_01280 0 107.5767653 46.95136404 0.4016777786 -0.5214355145
P_01281 1 125.5597382 45.3526702 0.2255079989 -0.6559789004
P_01283 0 71.11922506 25.59987188 -0.0106028691 -0.3504838788
P_01285 0 120.7141327 44.49386354 0.3277557751 -0.3247755529
P_01285 0 116.8382579 46.59929918 0.1192472701 -0.906347654
P_01290 1 119.037631 53.30539811 0.1588206722 -0.9896818446
P_01297 0 168.559986 38.42020599 -1.408988829 1.572757348
P_01297 0 152.7290294 56.31413925 -0.884737305 0.0790579282
P_01299 0 111.8288391 45.881231 0.442736026 -0.5812599439
P_01301 0 115.68997 54.48113234 1.109495061 0.7406561818
P_01301 0 162.8460119 60.13843326 -0.7119147923 -0.7726819361
P_01302 1 128.7113098 51.12123979 -0.2008429563 -1.105410767
P_01302 1 151.3161558 66.05071393 -0.4578227073 -0.9673883224
P_01304 1 165.1015927 48.33887445 -1.082836786 0.4363453061
P_01304 1 181.3097471 43.39702715 -1.162206276 1.719811696
P_01305 0 170.869543 61.53123245 -0.7234114837 -0.7573228414
P_01305 0 153.1772933 52.48214062 -1.003841364 0.1384392668
P_01312 1 188.7337694 49.20700076 -1.423877877 1.313351432
P_01317 0 131.3425175 48.48326737 -0.244095375 -0.9905667441
P_01324 1 134.6320543 36.74436984 -0.6153225865 0.2795704539
P_01324 1 147.2653227 41.85250397 -0.3792346337 -0.4113674228
P_01325 1 134.1290991 44.8093578 -0.1595047648 -0.3395506728
P_01326 1 156.7348753 51.32310144 -0.8673442205 -0.0802122881
P_01326 1 109.4000418 42.00348777 -0.1527806478 -0.8139751615
P_01327 0 133.239929 44.22844027 -0.4837181952 -0.5480715237
P_01328 1 115.3005887 50.61775216 0.2101816198 -0.7502088306
P_01328 1 105.6753218 55.90084739 0.0690078553 -0.9007186018
P_01330 0 146.1687278 43.29426855 -0.8095080556 0.526911118
P_01332 0 111.6782913 42.58744722 -0.399502499 -0.8507782177
P_01332 0 123.4554283 37.58211989 0.4064241686 -0.5482999228
P_01340 0 141.4431373 44.94328893 -0.0096856994 -0.8624675853
P_01343 1 147.9808559 49.8813981 -0.1786744724 -0.8235921099
P_01343 1 184.0511586 48.75418709 -1.093495985 0.8078235272
P_01343 1 162.650863 59.38203333 -0.8840353018 -0.4462915076
P_01343 1 153.0049032 56.46403313 -0.1747399684 -1.139822091
P_01349 0 93.5245839 51.80494123 -0.0268886893 -1.061277849
P_01350 1 144.3532991 47.86029991 -0.0179940438 -0.8196878958
P_01350 1 118.9840403 44.09228434 0.1098484391 -0.7223418029
P_01354 0 132.3651732 42.1404575 0.1311370889 -0.8005211624
P_01355 1 156.4662816 41.26067336 -0.877891925 0.75048786
P_01356 1 171.8851534 56.14036727 -0.8838098285 -0.070964486
P_01356 1 167.9835021 51.47114787 -0.57038373 -0.7789184769
P_01357 1 76.5682219 27.33538027 0.0767482757 -0.8205603
P_01360 1 112.7699576 46.22157936 0.4285082125 -0.4392765367
P_01360 1 131.3540688 48.20440117 0.008978426 -0.7901950087
P_01362 0 82.20082809 31.20370105 -0.1645131258 -1.056719821
P_01363 0 122.7323585 48.83206126 0.2563564416 -0.9706872191
P_01363 0 146.4097358 55.36886022 -0.2214367962 -0.9930645558
P_01364 1 140.3607308 65.17511254 -0.1913787246 -1.377939216
P_01364 1 151.8509955 59.16257514 -0.3377375535 -1.093650867
P_01367 0 153.9003048 39.98151188 -0.0777826546 -0.3336123734
P_01371 1 172.4827005 50.4427897 -0.6566693676 -0.1510767752
P_01371 1 152.3633197 52.31548783 -0.5375255749 -0.3935561916
P_01373 1 171.3219067 45.72761554 -1.080731872 0.7991713569
P_01373 1 144.9617313 45.45151534 -0.4522058843 -0.4860122957
P_01374 1 104.2019879 40.70630374 0.932589168 0.8287653197
P_01374 1 77.94717782 31.74054222 0.6382902462 -0.0861321959
P_01379 1 91.07260028 57.44929487 1.205215566 1.417641229
P_01379 1 148.112296 44.15291156 -0.5893961269 -0.3280108566
P_01382 0 138.2518354 48.63804129 -0.0764535648 -0.8040504908
P_01382 0 122.5691153 48.97318174 0.4903330516 -0.6062418402
P_01383 1 142.1399731 48.01075745 -0.1120168239 -0.921782197
P_01383 1 138.0535781 45.80035525 0.1480229806 -0.6654662156
P_01386 0 121.4509593 42.39097282 0.0877054979 -0.5981936503
P_01388 0 174.0253468 47.3825602 -1.248016048 0.8220348445
P_01388 0 157.8628939 49.95591715 -0.9319335582 0.1955038752
P_01389 0 111.2425271 37.52662283 -0.1135268201 -0.8277660002
P_01389 0 148.2200603 52.97716714 -0.8477445071 0.0863670969
P_01391 1 160.6875834 64.2616923 -1.404775736 0.8591281151
P_01394 1 156.6886116 45.89398201 -0.80003907 0.1918292832
P_01394 1 85.32859878 37.8294245 0.1032541779 -1.060154747
P_01394 1 149.8151356 48.62246381 -0.0725312608 -0.8481706618
P_01394 1 141.4556071 59.4990333 -0.3867502579 -0.974488155
P_01394 1 131.791975 47.93182495 -0.0836888003 -1.066865725
P_01394 1 142.247161 55.04413158 -0.4298507288 -0.5299504722
P_01398 0 94.32071751 28.95609464 -0.6035574595 -0.4055830743
P_01398 0 131.8697483 45.10148318 -0.169676092 -0.8295257456
P_01402 1 147.6604827 44.1559063 -0.5261341653 -0.0993322167
P_01405 1 118.7722311 52.85957519 0.4694888989 -0.8234960551
P_01405 1 97.34217255 48.8891406 0.6703253036 -0.3517931931
P_01406 0 174.2491202 55.18149098 -1.24337059 0.5666187915
P_01411 1 89.87337649 34.8539234 0.0511666959 2.032330674
P_01412 1 104.9132991 43.95034837 0.7359129631 -0.2512623886
P_01412 1 127.6275396 43.66829975 0.0394703249 -0.6286271493
P_01413 1 74.62344779 50.47150616 0.7940931297 -0.4556026093
P_01413 1 81.26278905 51.19557155 1.035453678 0.3192564234
P_01417 0 145.2941613 44.72286153 -0.3398215177 -0.8484638255
P_01418 1 165.9695248 59.6066434 -0.7503432385 -0.6864229455
P_01418 1 120.4080554 49.41740324 0.2674243536 -0.9660813692
P_01423 0 101.563671 53.06271682 0.7531478274 -0.4916895703
P_01423 0 117.7196501 48.97325017 0.393065168 -0.781131494
P_01426 1 183.1423165 45.24311642 -1.256823353 1.060063297
P_01426 1 176.6580199 53.7970345 -1.096611288 0.429814702
P_01427 1 106.5961119 38.3858675 0.1945341415 -0.3645669739
P_01430 1 137.7142295 48.45846091 -0.2788897423 -0.5998288031
P_01431 0 126.0006831 52.12791608 -0.0793438353 -0.9882110611
P_01433 1 119.6848676 39.11116044 -1.109445533 0.6367186571
P_01433 1 121.6802129 41.79937787 -0.6263870042 -0.4771456357
P_01434 1 120.376626 53.88044082 -0.1723598404 -1.144443374
P_01434 1 139.5060204 52.28647308 -0.4570737448 -0.7212214734
P_01438 1 114.3683774 42.57646266 -0.1696041665 -0.9544058603
P_01439 0 129.874664 51.53238481 -0.0068684472 -0.9647175455
P_01439 0 137.2226038 45.26897807 -0.5781211426 -0.4334268234
P_01441 1 117.7193646 53.7615882 0.0805067091 -0.6373770124
P_01441 1 99.2270541 35.30959676 -0.4975447651 -0.2805135656
P_01442 0 138.3336925 47.68741975 -0.1965537328 -1.003303048
P_01442 0 126.7627145 55.8028731 0.1771806405 -1.193447948
P_01444 1 126.3637475 43.50796734 0.3370332401 -0.394530494
P_01445 1 181.4740831 57.14487975 -1.846676997 2.989141039
P_01445 1 113.4727862 48.46146439 -0.1083046728 -1.166046688
P_01447 0 72.22560965 36.59579825 0.1355871382 -1.339370331
P_01447 0 96.61020041 49.92307578 0.1363867163 -1.132702267
P_01452 0 113.4009246 44.78870835 0.2543828038 -0.2475619751
P_01453 0 162.3951261 64.30603042 -1.043263396 -0.2216095591
P_01454 1 97.82553876 38.13632291 0.3373304049 -0.4761965899
P_01461 1 135.6151426 47.64191728 -0.0976949334 -0.8094529452
P_01461 1 106.8547852 44.83355014 0.576849477 -0.2873278056
P_01473 0 115.9784566 45.8165162 0.3124037112 -0.7956832915
P_01474 1 144.8447708 67.55636716 -0.2741514765 -1.307690216
P_01474 1 97.12489273 34.26378874 -0.3759780921 -0.9276550509
P_01475 0 95.81203245 33.33360112 0.305509515 -0.3450195856
P_01475 0 48.27504104 17.90817836 0.4302734907 0.2283458076
P_01481 1 119.2552522 52.61061676 0.4127350164 -0.7081142198
P_01481 1 107.567753 43.60777747 0.8309217038 -0.0236777594
P_01482 0 172.1384887 38.95218735 -0.7803396623 -0.0676368114
P_01482 0 143.5031829 23.2221423 -0.9518332297 2.003405499
P_01484 0 188.0746043 50.28325123 -0.7938484872 -0.3400902552
P_01485 0 123.9058361 44.98041503 0.2792119188 -0.5576149534
P_01485 0 125.3269862 33.30891619 -0.1766326473 -0.0258877711
P_01486 0 137.9913712 44.75644371 -0.2411486296 -0.7129895183
P_01486 0 178.2578862 37.94328975 -1.235216676 1.379723839
P_01491 1 162.3847349 46.49229789 -0.8284874716 0.4760368933
P_01493 1 140.0922967 52.66676299 0.1969419543 -0.391340567
P_01494 1 152.6590977 48.2413829 -0.4539910318 -0.4221394057
P_01494 1 110.9762569 50.25972313 0.3842788449 -0.5923285483
P_01494 1 134.6518662 39.86673278 -0.7514803656 0.051020922
P_01495 0 131.5961062 46.11676036 -0.5128482877 -0.7465520326
P_01498 0 127.6011794 40.37681293 -0.0092136219 -0.7149636852
P_01499 0 178.6849451 50.46877227 -1.13302837 0.6698291405
P_01499 0 177.5316474 45.90044264 -1.229155384 1.115206291
P_01501 1 112.5872237 48.9033895 0.4344452253 -0.4390874361
P_01501 1 108.4262839 52.8928111 0.6169018141 -0.4039727161
P_01503 0 142.5523976 62.31904107 -0.4054806658 -1.131515752
P_01503 0 127.7820628 54.29799449 -0.1583003246 -1.076944149
P_01504 1 125.5960809 57.76506478 0.0080199791 -0.7983752946
P_01504 1 97.12994136 43.04694985 0.5660031189 -0.4152523875
P_01506 1 57.95470154 20.89576504 0.6152436186 0.5239623076
P_01506 1 141.8010844 33.38627424 0.4497332751 -0.2635570278
P_01508 0 140.995378 61.5640543 -0.3028306394 -1.101172757
P_01509 1 147.2482439 47.43386626 -0.5690597288 -0.1141967257
P_01509 1 90.81128186 47.72572717 0.1926767718 -1.246159771
P_01514 1 109.4030739 68.60665574 0.2618076677 -1.276139758
P_01514 1 123.6772449 56.43403244 0.2002164366 -1.011464034
P_01516 0 101.9881062 46.63561017 0.2784546125 -1.007225305
P_01516 0 123.1420446 46.23945606 0.050802161 -1.128679258
P_01517 1 206.0736343 32.11834486 -1.622202211 4.368941943
P_01529 1 196.2394497 44.69582582 -1.579839393 3.381800276
P_01529 1 202.3341685 46.65948767 -1.768253453 2.889314602
P_01531 0 151.2136913 32.88225976 -0.2393617317 -0.4979645819
P_01532 0 124.0491648 41.23985785 -0.6165896089 -0.2207292679
P_01532 0 135.3587821 53.93400768 -0.7648194549 -0.2636802431
P_01540 1 116.7424517 48.83863705 -0.1257052663 -1.250490269
P_01540 1 124.0997722 46.10772871 0.0735587791 -0.7193696935
P_01543 0 123.4891935 43.29420733 0.1613690194 -0.6166484959
P_01543 0 100.6613422 34.98161251 -0.2792901438 -0.5266098794
P_01544 1 173.2565199 45.67001538 -1.208555119 1.062345565
P_01544 1 91.56546238 29.47198551 -0.5225407912 -0.3082594574
P_01553 1 119.077437 37.88556403 0.36765608 -0.7396202632
P_01556 1 143.0903664 58.38497097 0.0150554349 -1.248170401
P_01557 0 124.4205975 48.4899228 0.4176568835 -0.6488780304
P_01557 0 107.4694882 61.30266773 0.9258699705 0.4422785258
P_01559 1 117.665944 51.13532355 0.0914537047 -0.9206814927
P_01560 0 142.1194737 40.45155443 -0.093930295 0.1437750249
P_01560 0 114.2871627 49.81235136 0.4398271889 -0.8720296188
P_01564 1 160.6796587 47.88048717 -0.610356488 -0.2812776934
P_01564 1 189.2578871 34.05502081 -1.133077783 2.822600096
P_01565 0 156.6427295 66.81973033 -0.4650011194 -1.061949432
P_01565 0 79.41192103 42.35312535 -0.5231980836 -0.9026033635
P_01567 0 101.0145116 29.56032858 -0.3075914519 0.9033979596
P_01572 0 91.80988098 30.07011116 0.3026321876 -0.5480375415
P_01572 0 102.3124593 50.32192486 0.3613722447 -0.8281103263
P_01573 1 119.7828475 55.89799669 0.2379783782 -0.7149363773
P_01573 1 141.1279332 40.54606264 -0.6267308716 -0.1685545649
P_01581 0 124.0781402 40.86847369 0.4823665248 -0.0803787693
P_01581 0 80.95579277 28.69685323 0.3857758579 -0.2983223452
P_01583 0 96.60491527 40.72909401 -0.4025884453 -0.9327685777
P_01589 1 142.236226 42.17960934 -0.3879585209 -0.4823419439
P_01589 1 89.60221526 35.04809364 0.3083883009 -0.8685285878
P_01591 1 168.1708505 51.96016013 -0.5101040771 -0.6500396622
P_01591 1 179.7779175 50.5193861 -1.045471459 0.2917388664
P_01593 1 131.2677478 51.20254871 0.2066816965 -1.021864661
P_01593 1 156.3480556 42.08070445 -1.13578962 1.263003908
P_01596 1 156.8235629 56.46874078 -0.5535899822 -0.92267982
P_01596 1 117.3332979 50.77582855 0.0888931675 -1.118660049
P_01600 1 155.2675872 52.07096733 -0.3419403167 -0.9085183912
P_01600 1 109.8347195 40.54284762 0.0884059096 -0.8630813198
P_01600 1 174.645882 53.35669599 -0.9682670805 0.1175177499
P_01604 1 139.1155624 39.6657008 -0.4840603581 -0.3460958458
P_01604 1 117.0500584 40.39842893 0.0146334619 -0.6730823278
P_01606 1 118.8865393 57.64620142 0.1675581769 -1.164888323
P_01608 0 138.9907976 42.03899467 -0.2905302117 -0.70615616
P_01608 0 133.8139804 48.75877108 0.1083088036 -0.5235800377
P_01611 0 77.26399839 27.05411604 0.3522620233 -0.196986067
P_01611 0 110.1417059 40.66320307 0.3125212061 -0.4315007477
P_01612 0 172.1222045 31.82169722 -2.662154493 8.198903301
P_01612 0 171.3263823 72.25492538 -1.080780414 -0.2262303252
P_01613 0 186.8447423 43.67652037 -1.361426577 1.885578347
P_01613 0 167.6611159 55.92475024 -0.8503902129 -0.0753126553
P_01619 0 126.2426481 45.38806885 -0.2598482444 -0.7711833898
P_01619 0 115.5803947 47.33213442 0.2739571691 -0.9028570675
P_01620 0 209.5345855 34.43845609 -1.669077055 3.905817882
P_01620 0 139.1023061 47.44555617 -0.4861346537 -0.4782610085
P_01621 0 107.4085571 45.12403234 0.6154611937 -0.2126886267
P_01621 0 126.2752207 50.95656821 -0.0349499194 -0.877885934
P_01630 0 192.6263128 55.69931905 -1.455949527 1.21118003
P_01632 0 58.94684322 16.75237656 0.5281487005 0.9811633332
P_01632 0 152.7597983 38.06281599 -0.5915251437 0.7710277368
P_01632 0 137.3626943 42.60664313 -0.3430023104 -0.4574787284
P_01632 0 139.356665 34.35431704 0.1651341921 -0.5623869422
P_01632 1 134.9182368 42.70270408 0.0135016748 -0.3066409007
P_01632 1 122.3759469 44.71282867 -0.1497953636 -0.9465511806
P_01633 1 106.4699575 49.28542929 0.861777287 -0.3314712636
P_01633 1 124.6253247 50.71957071 0.1079108831 -1.199441971
P_01634 1 136.9959682 41.73628383 -1.170245826 0.8337589049
P_01634 1 141.2383505 37.6535773 -0.5704025152 -0.2429671272
P_01635 0 104.5423084 44.80231751 0.9007905315 2.050024979
P_01635 0 113.3012683 34.16986701 -0.3999090982 1.017926355
P_01635 0 98.41906884 59.70083717 1.188179692 0.7387429125
P_01635 0 73.21532484 38.50412143 2.219332185 8.019426092
P_01636 1 102.1368805 41.29709 0.0610994121 -0.8396669444
P_01637 0 106.7891976 52.15400489 0.4793277064 -0.7877822811
P_01638 0 75.30924078 54.68408408 -0.1127489003 -1.262156962
P_01638 0 177.9354157 55.83185191 -1.471082939 1.413935182
P_01641 1 108.2777974 47.62329747 0.2277370671 -0.8617551004
P_01641 1 127.0770303 41.46404857 0.7812933753 -0.2170788693
P_01642 1 84.91900826 40.61835717 0.8474121717 0.0717744787
P_01642 1 70.35348997 29.8233159 0.4325881797 -0.8281968884
P_01644 0 123.5967742 50.18913663 0.0553700102 -0.9863335521
P_01644 0 131.5008681 48.59316731 -0.169488835 -1.112177848
P_01644 1 119.2841785 50.82528546 0.1476139004 -0.9873329228
P_01644 1 132.4891749 55.15680686 0.2373235356 -1.108486723
P_01646 1 104.012409 35.99173951 0.7768423023 0.5450354558
P_01646 1 134.1857586 41.43921553 -0.3216616073 0.0195907952
P_01649 0 153.2060709 61.39731624 -0.6185876519 -0.8406565018
P_01650 0 136.783343 45.42685294 -0.5917749464 -0.0840982798
P_01650 0 148.3340209 49.96109248 -0.350913761 -0.5139501618
P_01652 1 132.8971412 46.48102743 0.472358547 -0.8793272086
P_01652 1 135.8921951 52.07185586 -0.1810257389 -0.8583727443
P_01653 0 120.4100352 54.82582882 -0.5887432855 -0.3539475834
P_01654 1 153.7612587 43.44584514 -0.9633407182 0.3051369501
P_01654 1 90.68689123 33.05667873 0.4233020306 -0.5411202864
P_01656 1 98.91657277 43.72652187 0.3909293388 -0.7544245745
P_01656 1 98.43213543 43.51323813 0.034549848 -0.1071433349
P_01656 1 159.4938243 47.82187809 -1.395080404 1.534970851
P_01656 1 136.1457744 53.15009789 -0.3299097377 -0.8119938806
P_01656 1 87.16662109 45.95947727 0.8181337494 0.1376460682
P_01663 0 190.0869701 54.27974467 -0.9227509826 -0.2430528298
P_01663 0 141.8239979 67.46750414 -0.564554866 -0.8474634382
P_01668 1 167.3153345 45.41713443 -0.1155489264 -0.6565295606
P_01668 1 170.5031504 51.14246071 -0.7845176591 -0.1305697225
P_01669 1 165.4275149 59.02211717 -0.9030818023 0.1991287142
P_01669 1 170.0103476 57.81857055 -1.212118275 0.6963608981
P_01671 1 154.765214 62.69840856 -0.4025752142 -1.256823002
P_01671 1 156.5355186 54.57523774 -0.6512146661 -0.5885995234
P_01674 1 173.3379305 57.70770857 -1.025402597 0.0872659441
P_01675 1 108.3142857 43.11410051 -0.2706481 -0.8663071623
P_01675 1 83.47477683 33.2194364 0.1773681952 -0.9231981439
P_01680 0 148.3885768 51.14811441 -0.6699557524 -0.5860384738
P_01682 1 180.1808871 40.37492314 -1.320497644 1.699572603
P_01682 1 185.5341154 62.64482287 -1.40972918 0.6079123967
P_01685 0 144.0541703 43.77815022 -0.6768568411 -0.4108550335
P_01685 0 140.9581066 45.27895075 -0.4569134243 -0.4848497048
P_01686 0 117.433388 49.30132172 0.3714651578 -0.7570793991
P_01686 0 128.3971225 46.5731513 -0.0426429066 -0.5879268442
P_01687 0 158.9840238 43.21777782 -0.8848890922 0.6310234409
P_01687 0 158.8605557 46.34112654 -0.6751411039 -0.2187986921
P_01689 0 104.0929893 40.80196112 0.2785399586 -0.4990989987
P_01694 1 115.2420471 33.00462674 0.1385702453 0.1377300482
P_01694 1 139.9208867 51.2803045 0.0438181689 -1.08274091
P_01698 0 114.1427893 48.29694341 -0.3316516384 -1.001789852
P_01698 0 85.07984174 38.24275478 0.5362357936 -0.5892511923
P_01701 1 159.975401 43.03886643 -0.7913459781 0.2783973275
P_01701 1 172.2035535 58.43419813 -0.8521853208 -0.202398815
P_01702 0 103.2500999 37.20897956 -0.1090797285 -0.7867905879
P_01702 0 104.9059631 44.28501335 0.1588789161 -0.7340081745
P_01710 0 56.89259315 25.70884971 0.7008419892 -0.0843342531
P_01710 0 106.1436787 51.51084217 0.5739781743 -0.6744402808
P_01712 0 166.482515 49.43170438 -0.4648892055 -0.3653912762
P_01712 0 138.3873093 50.0614176 -0.4068401219 -0.9051143814
P_01712 0 69.32116858 29.30403099 0.3366912039 -1.016053679
P_01712 0 124.3026075 37.19040733 0.0073968199 -0.3846775742
P_01714 0 134.6918089 47.89054272 -0.1884236212 -0.7130348666
P_01714 0 139.4544545 51.32912775 -0.2857739686 -0.5793715444
P_01715 0 71.79296815 36.92134256 0.4882048392 -0.9153419182
P_01715 0 112.7425902 50.00342221 0.2464577028 -0.7446990892
P_01717 0 117.2991418 44.67045215 0.1067814214 -0.7156753276
P_01717 0 68.34213383 20.44158509 -0.3604044044 -0.4212811298
P_01720 0 146.359174 56.02927971 -0.4154989622 -0.8142144641
P_01720 0 140.4056773 48.63912984 -0.2734980756 -0.9642063116
P_01725 1 153.4607951 69.3137681 -0.7310583195 -0.6264306287
P_01725 1 151.732803 64.23807101 -0.5845810275 -0.8823630837
P_01733 0 111.4774555 35.76398216 0.2415502829 0.1990793964
P_01735 1 85.65968875 41.86214376 1.047298311 0.8207793529
P_01735 1 108.630035 45.38102913 0.7571741401 -0.1950295384
P_01737 0 152.5132329 61.52436172 -0.5702441382 -0.7718017447
P_01737 0 127.8576684 65.28012267 -0.5145249096 -0.8293539033
P_01739 0 147.3792971 43.4384134 -0.4470538913 -0.4319993668
P_01739 0 98.27612728 39.98819285 -0.6496067166 -0.6656567249
P_01739 0 92.75717663 35.96992934 0.7108047808 -0.0862797339
P_01739 0 96.30022703 39.39561203 0.599050262 -0.0995114147
P_01744 1 101.9188026 43.38252896 0.4510819587 -0.6438461016
P_01745 1 108.9814573 31.21081357 -0.1703894822 0.0013881811
P_01749 0 132.5593484 42.43232129 -0.1946798809 -0.365483663
P_01749 0 119.119546 51.45621431 0.6562709963 1.085502649
P_01751 0 140.4511822 50.82995573 -0.3876774337 -0.7590699092
P_01751 0 145.1386808 47.06713254 -0.1159391243 -0.9246917958
P_01753 1 125.7049789 59.07335558 -0.2427028147 -1.303805149
P_01753 1 137.4556874 40.98361355 -0.6762039438 -0.2249598435
P_01754 1 119.9551457 51.35416851 0.186788442 -0.9279086134
P_01754 1 124.3575103 55.05798612 0.0831563486 -1.263640676
P_01755 0 141.0287339 40.14236809 -0.5871354434 0.0560997158
P_01755 0 119.6387539 45.04138504 0.1809510129 -0.6618638175
P_01757 0 158.1310725 58.95714758 -0.7306080388 -0.7206725484
P_01757 0 113.6590526 47.83595644 0.2048716382 -0.9450788523
P_01761 1 83.14014929 26.19348381 0.4279098427 -0.2218284014
P_01761 1 132.2625023 48.00746931 -0.3672240467 -0.5552824608
P_01768 1 140.2839489 43.10139983 -0.522356035 0.0336424597
P_01768 1 41.10875354 27.6566688 0.2526535209 -0.6070075849
P_01775 1 169.7809883 64.31208344 -0.5536642916 -0.876920905
P_01776 0 78.89226522 32.45777517 1.458363637 4.227123144
P_01776 0 154.0080129 42.87127628 -0.3698270546 -0.7558549803
P_01780 1 101.939525 56.88973634 0.3000458688 -1.258549596
P_01780 1 111.1514515 62.234909 0.6255097569 -0.810447223
P_01785 0 118.5618302 43.92623178 0.1668305744 -0.4868633888
P_01785 0 93.64087862 44.84733494 0.8800068259 0.0340397706
P_01786 0 127.7782891 36.69325555 -0.8236759553 0.4507677578
P_01788 1 130.2306108 41.53232002 -0.8823564429 0.0911156261
P_01788 1 121.8217741 44.99465152 -0.2354205215 -0.6985902697
P_01790 1 173.8613839 34.62403225 -1.128556352 1.879714195
P_01790 1 106.3605655 34.58370239 -0.0772796117 -0.4402287231
P_01798 0 122.8237584 44.88481007 -0.4008594947 -0.9524999924
P_01798 0 93.17018767 39.86570207 -0.1371149574 -1.210829835
P_01799 1 140.5112216 57.4296582 -0.4041238568 -0.7783726391
P_01799 1 162.1968133 57.16533252 -0.6298272468 -0.7032193887
P_01801 1 117.4626599 46.78179237 -0.2816593309 -0.9566613236
P_01801 1 96.75557346 40.11491666 0.8250378873 0.5183474839
P_01802 0 123.1092374 39.03432767 0.0181667817 -0.1890260786
P_01803 1 155.9839696 47.56046856 -0.8831548351 0.3121021385
P_01803 1 132.5159424 61.89815379 -0.2991839556 -1.092217934
P_01804 0 128.6652503 45.80130932 -0.3732987076 -0.3413649737
P_01805 0 56.68158129 18.89254967 1.069623409 8.016363603
P_01805 0 128.3904125 49.16032292 0.0478494236 -1.015886771
P_01805 0 90.84547794 39.71433896 0.2097617006 -0.8349088389
P_01814 1 142.81041 46.89584806 -0.9387944191 0.1949455342
P_01816 1 68.63079882 36.62261651 0.7049228157 0.4557660398
P_01816 1 93.84794142 37.57779968 0.8056202947 1.387409859
P_01817 0 126.5322318 65.9047104 -0.4891240265 -0.9646036118
P_01817 0 143.3173317 56.93535867 -0.585177717 -0.7445154326
P_01819 0 100.3042071 44.26308365 0.8625424047 0.1211924241
P_01821 0 160.331762 51.71487281 -0.7736107888 -0.1903558163
P_01821 0 165.5893366 58.46108098 -0.7788635995 -0.5294623168
P_01822 0 114.3603556 45.885656 0.5681048804 -0.2157604191
P_01822 0 125.1026741 42.95687306 0.1307604531 -0.6063878654
P_01824 1 128.0677253 47.10379856 0.2690936615 -0.6117179876
P_01824 1 82.30701973 31.57351203 0.6541637638 0.1061752869
P_01826 0 144.3340992 44.38976703 -0.1794088025 -0.597407322
P_01826 0 140.7830324 50.18279749 -0.4428494145 -0.6507528924
P_01829 0 145.6842052 41.66957552 -0.5585451299 -0.2048885731
P_01831 0 128.9774048 70.43580861 -0.5780333344 -1.040555759
P_01831 0 171.4298398 42.89718653 -1.328696583 1.430122179
P_01832 1 126.7857311 48.1159505 0.0633927774 -0.7398881741
P_01840 0 134.3293712 47.4884398 -0.3061322601 -0.9239964875
P_01841 1 172.1468563 41.31821302 -1.577509369 2.871056206
P_01841 1 162.0435546 48.9919096 -1.188160969 0.473682542
P_01844 1 168.6691122 48.20298064 -1.23229433 0.7541876281
P_01848 1 120.4017089 47.39461291 0.2885606038 -0.8884234219
P_01848 1 100.9255489 56.00716528 0.8750063365 -0.3931364833
P_01849 0 100.1160032 38.77980187 0.7803892217 0.138943602
P_01849 0 115.6699419 41.49798541 0.4656032927 -0.487176658
P_01850 0 148.0518057 38.48786991 -0.2230585861 -0.0259229584
P_01850 0 155.6729805 55.98881439 -0.3825046786 -0.8035349748
P_01853 1 94.70692499 39.2633842 1.113585546 0.9514698967
P_01853 1 138.1924967 37.0651564 -0.4680212218 -0.1171021029
P_01860 1 176.9648532 47.7474751 -1.061999336 0.2441477908
P_01864 0 71.47297436 22.28365575 0.2035142665 -0.0434415725
P_01866 0 129.9991025 46.03383379 -0.1029314663 -0.7379205457
P_01866 0 111.6532208 40.57497985 0.1651593848 -0.4446698614
P_01876 0 137.9281548 67.7532573 -0.6404108455 -0.6810949304
P_01876 0 146.5295215 59.70026154 -0.3899936072 -1.001862368
P_01877 0 158.1462674 35.28516452 -0.4379398184 0.8247608362
P_01877 0 123.6744363 47.28057379 -0.2135172086 -0.3427198785
P_01878 0 123.4753085 31.26425346 -0.2919537989 -0.1541418292
P_01878 0 126.5247329 44.20193568 0.1360718957 -0.5027137458
P_01883 0 136.9138961 73.00557987 -0.5123127178 -0.9861314449
P_01886 0 116.3882214 41.77904768 -0.0344080404 -0.3750747464
P_01887 0 121.8277841 47.07813201 0.1484225681 -0.7451617058
P_01887 0 165.7984087 43.76749002 -1.309140717 1.595441789
P_01888 1 169.2400711 53.52380627 -0.7505611271 0.008975864
P_01889 0 119.6393623 49.13123437 0.2062201999 -0.9723979734
P_01889 0 126.1762656 45.21040109 0.0431790573 -0.7755492971
P_01890 1 99.51599685 36.29775634 0.0045203246 -0.8375770591
P_01908 1 124.4017051 53.42368736 0.3819367332 -1.016648893
P_01946 1 133.5960751 49.63300977 0.1949440801 -0.4652809066
P_01946 1 148.0245361 39.4479494 -0.4733424448 0.0805219442
P_01981 1 116.1145368 55.18509948 0.0449855482 -1.232973582
P_01981 1 109.4647891 41.08662757 0.0144282977 -0.8532221096
P_01983 1 143.8583444 61.68542204 -0.2123660038 -1.194543156
P_02033 1 154.2861402 57.44762805 -0.4120675775 -1.085211166
P_02033 1 155.4895823 55.30269586 -0.5286881505 -0.6860968034
P_02079 1 121.4582068 51.59138977 -0.0194194466 -1.07118399
P_02079 1 174.7024694 48.47860909 -1.056345513 0.5474174527
P_02092 1 103.0189512 38.69205983 0.4135350145 0.001407872
P_02092 1 99.67689557 32.97647668 0.4257275859 -0.6588428304
