Precisão média por imagem
0.408
0.450
0.496
0.528
0.525
0.511
0.503
0.502
0.498
0.509
0.516
0.521
0.520
0.516
0.510
0.509
0.514
0.518
0.521
0.524
0.529
0.526
0.531
0.534
0.533
0.534
0.531
0.533
0.528
0.527
0.526
0.525
0.524
0.523
0.523
0.523
0.524
0.524
0.525
0.522
0.522
0.519
0.518
0.518
0.520
0.520
0.520
0.520
0.520
0.521
0.521
0.521
0.521
0.522
0.522
0.523
0.522
0.520
0.520
0.522
0.521
0.523
0.523
0.522
0.523
0.523
0.522
0.523
0.522
0.522
0.522
0.522
0.522
0.521
0.521
0.521
0.521
0.522
0.523
0.522
0.523
0.525
0.525
0.525
0.524
0.524
0.524
0.524
0.524
0.525
0.525
0.525
0.525
0.524
0.524
0.525
0.526
0.526
0.525
0.525
0.526
0.526
0.525
0.523
0.524
0.524
0.523
0.523
0.522
0.522
0.523
0.523
0.522
0.522
0.523
0.522
0.521
0.522
0.522
0.521
0.521
0.522
0.522
0.523
0.523
0.523
0.524
0.525
0.525
0.526
0.527
0.527
0.527
0.528
0.528
0.527
0.527
0.527
0.528
0.527
0.527
0.527
0.526
0.526
0.527
0.527
0.527
0.526
0.525
0.525
0.526
0.526
0.526
0.527
0.526
0.526
0.525
0.525
0.525
0.525
0.525
0.525
0.524
0.525
0.525
0.525
0.525
0.525
0.525
0.525
0.525
0.525
0.525
0.525
0.525
0.524
0.524
0.524
0.524
0.524
0.524
0.524
0.524
0.523
0.524
0.524
0.524
0.524
0.524
0.524
0.524
0.524
0.525
0.525
0.525
0.526
0.526
0.526
0.526
0.527
0.527
0.526
0.526
0.526
0.526
0.526
0.526
0.526
0.526
0.526
0.525
0.526
0.526
0.526
0.527
0.526
0.527
0.527
0.527
0.527
0.527
0.527
0.527
0.527
0.527
0.527
0.527
0.527
0.527
0.527
0.528
0.527
0.528
0.527
0.528
0.528
0.528
0.528
0.528
0.528
0.528
0.528
0.528
0.528
0.528
0.528
0.528
0.528
0.529
0.528
0.528
0.529
0.529
0.529
0.529
0.529
0.530
0.530
0.530
0.530
0.530
0.530
0.530
0.529
0.529
0.529
0.529
0.528
0.528
0.529
0.529
0.529
0.529
0.530
0.530
0.530
0.529
0.529
0.529
0.529
0.529
0.529
0.529
0.529
0.529
0.528
0.528
0.528
0.528
0.528
0.528
0.528
0.528
0.528
0.527
0.527
0.527
0.527
0.527
0.527
0.527
0.527
0.526
0.526
0.526
0.526
0.526
0.526
0.526
0.526
0.525
0.526
0.526
0.526
0.526
0.526
0.526
0.526
0.526
0.526
0.526
0.525
0.525
0.525
0.525
0.525
0.525
0.525
0.525
0.526
0.526
0.526
0.525
0.525
0.525
0.525
0.525
0.525
0.525
0.525
0.525
0.525
0.526
0.526
0.526
0.526
0.526
0.526
0.526
0.525
0.525
0.526
0.526
0.526
0.526
0.526
0.526
0.526
0.526
0.526
0.526
0.526
0.526
0.526
0.526
0.526
0.526
0.526
0.526
0.526
0.526
0.525
0.525
0.525
0.525
0.525
0.525
0.525
0.525
0.525
0.525
0.525
0.525
0.525
0.525
0.524
0.524
0.524
0.524
0.524
0.524
0.524
0.523
0.523
0.523
0.523
0.523
0.523
0.523
0.523
0.523
0.524
0.524
0.523
0.523
0.523
0.523
0.523
0.523
0.523
0.523
0.523
0.523
0.523
0.523
0.522
0.523
0.523
0.523
0.523
0.523
0.523
0.523
0.523
0.523
0.523
0.523
0.523
0.523
0.523
0.523
0.523
0.524
0.523
0.524
0.523
0.524
0.524
0.523
0.524
0.524
0.524
0.524
0.524
0.524
0.524
0.524
0.524
0.524
0.523
0.524
0.524
0.524
0.524
0.524
0.524
0.524
0.523
0.523
0.524
0.524
0.524
0.524
0.523
0.524
0.524
0.524
0.524
0.524
0.524
0.524
0.524
0.524
0.524
0.524
0.524
0.524
0.524
0.524
0.524
0.525
0.525
0.525
0.525
0.525
0.525
0.525
0.525
0.525
0.526
0.525
0.525
0.525
0.525
0.525
0.525
0.525
0.525
0.525
0.525
0.525
0.525
0.525
0.525
0.525
0.525
0.525
0.525
0.525
0.525
0.525
0.525
0.525
0.525
0.525
0.525
0.525
0.526
0.526
0.526
0.526
0.526
0.526
0.526
0.526
0.527
0.526
0.526
0.526
0.526
0.526
0.526
0.526
0.527
0.527
0.527
0.527
0.526
0.526
0.527
0.527
0.527
0.527
0.527
0.527
0.527
0.527
0.527
0.527
0.527
0.527
0.527
0.527
0.527
0.527
0.527
0.526
0.526
0.526
0.526
0.526
0.526
0.526
0.526
0.526
0.526
0.526
0.526
0.526
0.526
0.526
0.526
0.526
0.526
0.526
0.526
0.526
0.526
0.525
0.525
0.525
0.526
0.526
0.525
0.526
0.525
0.525
0.525
0.525
0.525
0.526
0.525
0.526
0.525
0.525
0.525
0.525
0.525
0.525
0.525
0.525
0.525
0.525
0.525
0.525
0.525
0.525
0.525
0.525
0.526
0.525
0.526
0.525
0.525
0.526
0.525
0.525
0.525
0.525
0.525
0.525
0.525
0.525
0.525
0.525
0.525
0.525
0.525
0.525
0.525
0.526
0.526
0.526
0.526
0.526
0.526
0.526
0.525
0.525
0.525
0.525
0.525
0.525
0.525
0.525
0.525
0.525
0.525
0.525
0.525
0.525
0.525
0.525
0.525
0.525
0.525
0.524
0.525
0.524
0.524
0.524
0.524
0.524
0.524
0.524
0.524
0.524
0.524
0.524
0.524
0.524
0.524
0.523
0.523
0.523
0.523
0.523
0.523
0.523
0.523
0.523
0.523
0.523
0.523
0.523
0.524
0.523
0.523
0.523
0.523
0.523
0.523
0.523
0.523
0.523
0.523
0.523
0.523
0.523
0.523
0.523
0.523
0.523
0.523
0.523
0.523
0.523
0.523
0.523
0.523
0.523
0.523
0.523
0.523
0.523
0.523
0.523
0.523
0.523
0.524
0.524
0.524
0.524
0.524
0.524
0.523
0.523
0.523
0.523
0.524
0.523
0.523
0.523
0.523
0.524
0.523
0.524
0.524
0.523
0.523
0.523
0.523
0.523
0.523
0.523
0.523
0.523
0.523
0.523
0.523
0.523
0.523
0.523
0.523
0.523
0.523
0.523
0.523
0.523
0.523
0.523
0.523
0.523
0.523
0.523
0.523
0.523
0.523
0.523
0.523
0.523
0.523
0.523
0.523
0.523
0.523
0.523
0.523
0.522
0.523
0.523
0.522
0.523
0.523
0.523
0.523
0.522
0.522
0.522
0.522
0.522
0.522
0.523
0.523
0.522
0.523
0.523
0.523
0.523
0.523
0.523
0.523
0.523
0.523
0.523
0.523
0.523
0.523
0.523
0.523
0.523
0.523
0.523
0.523
0.523
0.523
0.523
0.523
0.523
0.523
0.523
0.523
0.523
0.523
0.523
0.523
0.523
0.523
0.523
0.523
0.523
0.523
0.523
0.523
0.523
0.523
0.523
0.523
0.523
0.523
0.523
0.523
0.523
0.523
0.523
0.523
0.523
0.523
0.523
0.523
0.523
0.523
0.524
0.523
0.524
0.524
0.524
0.524
0.524
0.524
0.524
0.524
0.524
0.524
0.524
0.524
0.523
0.523
0.523
0.523
0.523
0.524
0.524
0.523
0.524
0.524
0.524
0.524
0.524
0.524
0.524
0.524
0.523
0.523
0.524
0.524
0.524
0.524
0.524
0.523
0.524
0.524
0.524
0.524
0.524
0.524
0.524
0.524
0.524
0.524
0.524
0.524
0.524
0.524
0.524
0.524
0.524
0.524
0.524
0.524
0.524
0.524
0.524
0.524
0.524
0.524
0.524
0.524
0.524
0.524
0.524
0.524
0.524
0.524
0.524
0.524
0.524
0.524
0.524
0.524
0.524
0.524
0.524
0.524
0.524
0.524
0.524
0.524
0.524
0.524
0.524
0.524
0.524
0.524
0.524
0.524
0.524
0.524
0.524
0.524
0.524
0.524
0.524
0.524
0.524
0.524
0.524
0.524
0.524
0.524
0.524
0.524
0.524
0.524
0.524
0.524
0.524
0.524
0.524
0.524
0.524
0.524
0.524
0.524
0.524
0.524
0.524
0.524
0.524
0.524
0.524
0.524
0.524
0.524
0.524
0.524
0.524
0.524
0.523
0.523
0.524
0.524
0.524
0.524
0.524
0.524
0.524
0.524
0.524
0.524
0.524
0.524
0.523
0.523
0.523
0.523
0.523
0.523
0.523
0.523
0.523
0.523
0.523
0.523
0.523
0.523
0.523
0.523
0.523
0.523
0.523
0.523
0.523
0.523
0.523
0.523
0.523
0.523
0.523
0.523
0.523
0.523
0.523
0.523
0.524
0.523
0.523
0.523
0.523
0.523
0.523
0.523
0.523
0.523
0.523
0.523
0.523
0.523
0.523
0.523
0.523
0.523
0.523
0.523
0.523
0.523
0.523
0.523
0.523
0.523
0.523
0.523
0.523
0.523
0.523
0.523
0.523
0.523
0.523
0.523
0.523
0.523
0.523
0.523
0.523
0.523
0.523
0.523
0.523
0.523
0.523
0.523
0.523
0.523
0.523
0.523
0.523
0.523
0.523
0.523
0.523
0.523
0.523
0.523
0.523
0.523
0.523
0.523
0.523
0.523
0.523
0.523
0.523
0.523
0.523
0.523
0.523
0.523
0.523
0.523
0.523
0.523
0.523
0.523
0.523
0.523
0.523
0.523
0.523
0.523
0.523
0.523
0.523
0.523
0.523
0.523
0.523
0.523
0.523
0.523
0.523
0.523
0.523
0.523
0.523
0.523
0.523
0.523
0.523
0.522
0.523
0.522
0.523
0.523
0.522
0.522
0.522
0.522
0.522
0.522
0.522
0.522
0.522
0.522
0.522
0.522
0.522
0.522
0.522
0.522
0.522
0.522
0.522
0.522
0.522
0.522
0.522
0.522
0.523
0.523
0.523
0.523
0.523
0.523
0.523
0.523
0.523
0.523
0.523
0.523
0.523
0.523
0.523
0.523
0.523
0.523
0.523
0.523
0.523
0.523
0.523
0.523
0.523
0.523
0.523
0.523
0.523
0.523
0.523
0.523
0.523
0.523
0.523
0.523
0.523
0.523
0.523
0.524
0.523
0.523
0.523
0.523
0.523
0.523
0.523
0.523
0.523
0.523
0.523
0.523
0.524
0.524
0.523
0.523
0.523
0.523
0.524
0.523
0.524
0.523
0.523
0.523
0.523
0.523
0.523
0.523
0.523
0.523
0.524
0.523
0.524
0.523
0.523
0.523
0.523
0.523
0.523
0.523
0.524
0.523
0.523
0.524
0.524
0.524
0.524
0.524
0.524
0.524
0.524
0.523
0.523
0.523
0.523
0.523
0.523
0.523
0.523
0.523
0.523
0.523
0.523
0.523
0.523
0.523
0.523
0.523
0.523
0.523
0.523
0.523
0.523
0.523
0.523
0.524
0.524
0.524
0.524
0.523
0.524
0.524
0.524
0.524
0.524
0.524
0.524
0.524
0.524
0.524
0.524
0.524
0.524
0.524
0.524
0.524
0.524
0.524
0.524
0.524
0.524
0.524
0.524
0.524
0.524
0.524
0.524
0.524
0.524
0.524