Precisão média por imagem
0.614
0.526
0.560
0.544
0.526
0.511
0.483
0.473
0.482
0.482
0.499
0.504
0.511
0.518
0.512
0.504
0.501
0.502
0.498
0.503
0.500
0.510
0.508
0.507
0.506
0.505
0.504
0.503
0.504
0.505
0.506
0.508
0.506
0.505
0.502
0.500
0.499
0.498
0.501
0.503
0.502
0.500
0.509
0.509
0.518
0.517
0.522
0.521
0.518
0.517
0.515
0.516
0.516
0.515
0.516
0.515
0.513
0.511
0.513
0.512
0.511
0.510
0.509
0.508
0.506
0.505
0.505
0.505
0.506
0.504
0.506
0.505
0.504
0.507
0.506
0.508
0.511
0.511
0.514
0.514
0.513
0.515
0.514
0.512
0.512
0.511
0.510
0.510
0.509
0.508
0.508
0.508
0.507
0.507
0.508
0.507
0.509
0.508
0.508
0.507
0.508
0.507
0.507
0.510
0.510
0.514
0.513
0.512
0.512
0.511
0.512
0.511
0.510
0.510
0.512
0.510
0.511
0.510
0.509
0.511
0.510
0.512
0.511
0.511
0.510
0.509
0.510
0.510
0.509
0.509
0.509
0.509
0.510
0.509
0.509
0.510
0.509
0.511
0.510
0.511
0.511
0.511
0.510
0.510
0.510
0.510
0.509
0.509
0.509
0.508
0.508
0.508
0.508
0.507
0.507
0.509
0.508
0.510
0.509
0.510
0.510
0.510
0.510
0.512
0.514
0.515
0.517
0.518
0.518
0.520
0.520
0.519
0.518
0.517
0.517
0.518
0.518
0.518
0.518
0.518
0.518
0.518
0.518
0.519
0.519
0.520
0.519
0.519
0.520
0.519
0.519
0.519
0.519
0.518
0.518
0.518
0.517
0.516
0.515
0.515
0.515
0.515
0.514
0.514
0.513
0.514
0.513
0.514
0.513
0.514
0.514
0.514
0.514
0.515
0.516
0.516
0.517
0.517
0.518
0.517
0.518
0.518
0.519
0.519
0.519
0.519
0.519
0.518
0.518
0.518
0.518
0.517
0.517
0.517
0.517
0.518
0.519
0.520
0.520
0.520
0.520
0.520
0.520
0.520
0.519
0.520
0.520
0.519
0.519
0.518
0.518
0.519
0.519
0.520
0.521
0.521
0.522
0.522
0.521
0.522
0.521
0.522
0.521
0.522
0.523
0.523
0.523
0.524
0.524
0.525
0.527
0.527
0.528
0.527
0.527
0.527
0.527
0.527
0.528
0.527
0.527
0.528
0.528
0.529
0.529
0.530
0.531
0.531
0.532
0.532
0.532
0.531
0.531
0.531
0.531
0.532
0.531
0.532
0.533
0.533
0.534
0.534
0.534
0.535
0.536
0.537
0.537
0.538
0.537
0.537
0.537
0.536
0.536
0.536
0.536
0.535
0.535
0.535
0.534
0.534
0.534
0.533
0.533
0.533
0.533
0.533
0.533
0.534
0.535
0.535
0.536
0.536
0.537
0.538
0.538
0.538
0.538
0.538
0.538
0.538
0.538
0.538
0.538
0.538
0.538
0.538
0.538
0.538
0.539
0.539
0.539
0.539
0.539
0.538
0.538
0.538
0.538
0.538
0.538
0.537
0.537
0.537
0.537
0.537
0.538
0.537
0.537
0.537
0.536
0.536
0.536
0.535
0.536
0.535
0.535
0.535
0.535
0.535
0.534
0.535
0.535
0.535
0.535
0.535
0.535
0.534
0.534
0.534
0.535
0.535
0.536
0.537
0.537
0.537
0.538
0.538
0.539
0.539
0.540
0.540
0.540
0.541
0.540
0.540
0.541
0.541
0.541
0.541
0.541
0.541