Precisão média por imagem
0.433
0.438
0.440
0.436
0.409
0.422
0.458
0.487
0.500
0.521
0.506
0.516
0.518
0.528
0.544
0.548
0.552
0.534
0.534
0.536
0.541
0.535
0.528
0.524
0.521
0.520
0.518
0.512
0.508
0.510
0.508
0.506
0.503
0.504
0.502
0.500
0.501
0.503
0.501
0.501
0.497
0.494
0.501
0.494
0.497
0.489
0.490
0.485
0.483
0.485
0.485
0.482
0.480
0.477
0.475
0.471
0.468
0.466
0.470
0.472
0.475
0.478
0.481
0.481
0.482
0.481
0.479
0.477
0.479
0.479
0.478
0.478
0.476
0.474
0.472
0.473
0.472
0.473
0.475
0.474
0.473
0.470
0.469
0.467
0.465
0.464
0.465
0.465
0.465
0.465
0.466
0.467
0.466
0.466
0.464
0.465
0.467
0.469
0.470
0.469
0.466
0.465
0.467
0.468
0.470
0.467
0.469
0.472
0.475
0.475
0.476
0.476
0.477
0.475
0.474
0.472
0.471
0.472
0.471
0.470
0.471
0.472
0.470
0.468
0.468
0.467
0.466
0.466
0.467
0.467
0.466
0.466
0.467
0.466
0.465
0.465
0.463
0.461
0.462
0.461
0.460
0.460
0.461
0.459
0.459
0.459
0.459
0.458
0.459
0.459
0.459
0.459
0.458
0.457
0.457
0.456
0.456
0.456
0.456
0.456
0.455
0.455
0.454
0.453
0.453
0.454
0.455
0.455
0.454
0.453
0.453
0.452
0.453
0.451
0.450
0.449
0.449
0.447
0.448
0.449
0.449
0.449
0.449
0.449
0.449
0.449
0.449
0.449
0.449
0.448
0.448
0.447
0.447
0.447
0.446
0.446
0.446
0.446
0.446
0.445
0.445
0.444
0.445
0.445
0.445
0.445
0.444
0.444
0.444
0.444
0.444
0.443
0.442
0.442
0.441
0.440
0.440
0.439
0.438
0.438
0.437
0.436
0.436
0.436
0.436
0.435
0.436
0.435
0.436
0.436
0.435
0.435
0.435
0.435
0.434
0.434
0.434
0.435
0.435
0.435
0.435
0.434
0.434
0.434
0.434
0.433
0.433
0.434
0.434
0.434
0.433
0.433
0.433
0.433
0.433
0.433
0.433
0.433
0.433
0.434
0.435
0.436
0.435
0.435
0.435
0.436
0.435
0.435
0.435
0.435
0.434
0.434
0.433
0.433
0.433
0.433
0.433
0.432
0.431
0.431
0.431
0.430
0.430
0.430
0.429
0.429
0.430
0.430
0.430
0.429
0.429
0.429
0.428
0.428
0.428
0.428
0.428
0.427
0.428
0.427
0.428
0.428
0.428
0.429
0.429
0.428
0.428
0.428
0.429
0.428
0.428
0.427
0.426
0.426
0.425
0.424
0.424
0.423
0.424
0.425
0.426
0.427
0.428
0.429
0.430
0.431
0.431
0.430
0.430
0.430
0.431
0.430
0.430
0.431
0.431
0.430
0.430
0.429
0.429
0.429
0.428
0.429
0.429
0.429
0.429
0.428
0.428
0.429
0.428
0.428
0.428
0.428
0.429
0.428
0.428
0.427
0.427
0.428
0.427
0.427
0.427
0.427
0.428
0.427
0.427
0.427
0.427
0.427
0.427
0.427
0.428
0.429
0.430
0.431
0.430
0.431
0.432
0.433
0.433
0.433
0.433
0.433
0.433
0.433
0.433
0.433
0.432
0.432
0.432
0.432
0.432
0.432
0.432
0.432
0.432
0.432
0.432
0.432
0.432
0.432
0.432
0.431
0.432
0.432
0.432
0.431
0.431
0.430
0.430
0.430
0.430
0.430
0.430
0.430
0.429
0.429
0.429
0.428
0.428
0.428
0.428
0.428
0.428
0.428
0.428
0.428
0.428
0.428
0.428
0.428
0.428
0.428
0.429
0.429
0.430
0.430
0.431
0.431
0.431
0.430
0.430
0.430
0.430
0.430
0.430
0.431
0.430
0.430
0.430
0.431
0.430
0.430
0.430
0.429
0.428
0.428
0.428
0.428
0.428
0.428
0.428
0.428
0.428
0.428
0.428
0.428
0.428
0.428
0.428
0.428
0.429
0.429
0.429
0.429
0.429
0.429
0.429
0.429
0.429
0.429
0.429
0.429
0.429
0.429
0.429
0.429
0.429
0.430
0.430
0.430
0.430
0.430
0.430
0.430
0.430
0.430
0.430
0.430
0.430
0.430
0.430
0.430
0.430
0.430
0.430
0.430
0.429
0.429
0.429
0.428
0.428
0.428
0.428
0.428
0.428
0.428
0.427
0.427
0.427
0.427
0.427
0.427
0.427
0.427
0.427
0.427
0.427
0.426
0.426
0.427
0.427
0.427
0.427
0.426
0.426
0.426
0.426
0.426
0.426
0.426
0.426
0.426
0.426
0.426
0.426
0.426
0.426
0.426
0.426
0.426
0.426
0.426
0.427
0.427
0.427
0.427
0.427
0.426
0.426
0.427
0.427
0.426
0.426
0.426
0.426
0.425
0.425
0.424
0.425
0.425
0.424
0.425
0.424
0.424
0.424
0.424
0.424
0.424
0.424
0.424
0.424
0.424
0.424
0.423
0.423
0.423
0.423
0.424
0.423
0.423
0.423
0.423
0.424
0.424
0.424
0.424
0.424
0.424
0.424
0.424
0.424
0.423
0.424
0.423
0.424
0.423
0.423
0.423
0.423
0.423
0.423
0.423
0.423
0.424
0.424
0.423
0.423
0.423
0.423
0.422
0.423
0.423
0.423
0.423
0.422
0.423
0.423
0.423
0.423
0.423
0.423
0.423
0.424
0.423
0.424
0.424
0.424
0.424
0.424
0.423
0.424
0.424
0.424
0.424
0.424
0.424
0.424
0.424
0.424
0.424
0.424
0.424
0.424
0.424
0.424
0.424
0.424
0.424
0.424
0.424
0.424
0.424
0.424
0.424
0.424
0.423
0.423
0.423
0.423
0.423
0.423
0.423
0.423
0.423
0.423
0.423
0.423
0.423
0.423
0.423
0.423
0.423
0.423
0.422
0.422
0.422
0.422
0.422
0.422
0.422
0.422
0.422
0.422
0.422
0.422
0.422
0.422
0.422
0.422
0.422
0.421
0.421
0.421
0.421
0.421
0.421
0.421
0.421
0.421
0.421
0.421
0.421
0.421
0.421
0.421
0.421
0.421
0.421
0.421
0.421
0.422
0.422
0.422
0.422
0.422
0.422
0.421
0.421
0.421
0.422
0.421
0.421
0.421
0.421
0.421
0.422
0.422
0.422
0.422
0.422
0.422
0.422
0.422
0.422
0.422
0.422
0.422
0.422
0.422
0.422
0.422
0.422
0.422
0.422
0.422
0.421
0.421
0.421
0.421
0.421
0.421
0.421
0.421
0.421
0.421
0.421
0.421
0.422
0.422
0.422
0.422
0.422
0.422
0.422
0.422
0.422
0.422
0.422
0.422
0.422
0.422
0.422
0.422
0.422
0.422
0.422
0.423
0.423
0.423
0.422
0.422
0.422
0.422
0.423
0.423
0.423
0.423
0.423
0.423
0.422
0.422
0.422
0.422
0.422
0.422
0.422
0.422
0.422
0.422
0.422
0.422
0.422
0.422
0.422
0.422
0.421
0.421
0.421
0.421
0.422
0.422
0.422
0.422
0.422
0.422
0.422
0.422
0.422
0.422
0.422
0.422
0.422
0.422
0.423
0.423
0.422
0.423
0.423
0.423
0.423
0.423
0.423
0.423
0.423
0.423
0.423
0.423
0.423
0.423
0.423
0.423
0.423
0.423
0.423
0.423
0.422
0.422
0.422
0.422
0.422
0.422
0.422
0.422
0.422
0.422
0.422
0.422
0.422
0.422
0.422
0.422
0.422
0.422
0.422
0.422
0.422
0.422
0.422
0.422
0.422
0.422
0.422
0.422
0.422
0.422
0.422
0.422
0.422
0.422
0.421
0.421
0.422
0.422
0.422
0.422
0.422
0.422
0.422
0.422
0.422
0.422
0.422
0.422
0.422
0.422
0.422
0.422
0.422
0.423
0.423
0.422
0.422
0.422
0.422
0.422
0.423
0.423
0.423
0.423
0.423
0.423
0.423
0.423
0.423
0.424
0.424
0.424
0.424
0.424
0.424
0.424
0.424
0.424
0.424
0.424
0.424
0.424
0.424
0.424
0.424
0.424
0.424
0.424
0.424
0.423
0.423
0.423
0.423
0.423
0.423
0.423
0.423
0.423
0.423
0.423
0.423
0.423
0.423
0.423
0.423
0.424
0.424
0.424
0.424
0.424
0.423
0.423
0.423
0.423
0.423
0.423
0.423
0.423
0.423
0.422
0.422
0.422
0.422
0.422
0.422
0.422
0.422
0.422
0.422
0.421
0.421
0.421
0.421
0.421
0.422
0.422
0.422
0.422
0.422
0.422
0.422
0.422
0.421
0.421
0.421
0.421
0.421
0.421
0.421
0.421
0.421
0.421
0.421
0.421
0.421
0.421
0.421
0.421
0.421
0.421
0.420
0.420
0.420
0.420
0.420
0.420
0.420
0.420
0.420
0.421
0.421
0.421
0.421
0.421
0.421
0.421
0.420
0.420
0.420
0.420
0.420
0.420
0.421
0.421
0.421
0.422
0.422
0.422
0.423
0.423
0.423
0.423
0.424
0.424
0.424
0.424
0.424
0.424
0.424
0.424
0.424
0.424
0.424
0.424
0.424
0.424
0.424
0.424
0.424
0.424
0.424
0.424
0.424
0.424
0.424
0.424
0.424
0.424
0.424
0.424
0.424
0.424
0.424
0.424
0.424
0.424
0.424
0.424
0.424
0.424
0.424
0.424
0.424
0.424
0.424
0.424
0.424
0.424
0.424
0.423
0.424
0.424
0.423
0.423
0.423
0.423
0.423
0.423
0.423
0.423
0.423
0.422
0.423
0.423
0.423
0.422
0.422
0.422
0.422
0.423
0.422
0.422
0.422
0.422
0.422
0.422
0.422
0.422
0.422
0.422
0.422
0.422
0.423
0.423
0.423
0.423
0.423
0.424
0.424
0.424
0.424
0.424
0.424
0.424
0.424
0.425
0.425
0.425
0.425
0.425
0.425
0.425
0.425
0.425
0.424
0.424
0.424
0.424
0.424
0.424
0.424
0.424
0.424
0.424
0.424
0.424
0.424
0.424
0.424
0.424
0.424
0.424
0.424
0.424
0.424
0.424
0.424
0.424
0.424
0.424
0.424
0.424
0.424
0.425
0.424
0.424
0.424
0.424
0.424
0.424
0.424
0.424
0.424
0.425
0.425
0.425
0.425
0.425
0.425
0.425
0.425
0.425
0.425
0.425
0.425
0.425
0.425
0.425
0.425
0.425
0.425
0.425
0.425
0.425
0.424
0.424
0.424
0.424
0.424
0.424
0.423
0.423
0.423
0.423
0.423
0.423
0.423
0.423
0.423
0.423
0.423
0.423
0.423
0.423
0.423
0.423
0.423
0.423
0.423
0.423
0.423
0.423
0.423
0.423
0.423
0.423
0.423
0.423
0.423
0.423
0.423
0.423
0.423
0.423
0.423
0.423
0.423
0.424
0.424
0.423
0.423
0.423
0.423
0.423
0.423
0.424
0.423
0.423
0.424
0.423
0.423
0.424
0.423
0.423
0.423
0.423
0.423
0.423
0.423
0.423
0.423
0.423
0.423
0.423
0.423
0.423
0.423
0.423
0.423
0.423
0.423
0.423
0.422
0.422
0.422
0.422
0.422
0.422
0.422
0.422
0.422
0.422
0.422
0.422
0.422
0.422
0.422
0.423
0.423
0.423
0.423
0.423
0.423
0.423
0.423
0.423
0.423
0.423
0.423
0.423
0.423
0.423
0.423
0.423
0.423
0.423
0.423
0.423
0.423
0.423
0.423
0.423
0.423
0.423
0.424
0.424
0.424
0.424
0.424
0.424
0.424
0.424
0.424
0.424
0.424
0.424
0.424
0.424
0.424
0.424
0.424
0.424
0.424
0.424
0.424
0.424
0.424
0.424
0.424
0.424
0.424
0.424
0.424
0.424
0.424
0.424
0.424
0.424
0.424
0.424
0.424
0.424
0.424
0.424
0.424
0.424
0.424
0.424
0.424
0.424
0.424
0.424
0.424
0.424
0.424
0.424
0.424
0.424
0.424
0.424
0.424
0.424
0.424
0.424
0.424
0.424
0.424
0.424
0.423
0.423
0.423
0.423
0.423
0.423
0.423
0.423
0.423
0.422
0.422
0.422
0.422
0.423
0.423
0.423
0.423
0.423
0.423
0.424
0.424
0.424
0.424
0.424
0.424
0.424
0.424
0.424
0.424
0.425
0.425
0.425
0.425
0.425
0.425
0.425
0.425
0.425
0.425
0.425
0.425
0.425
0.425
0.425
0.425
0.425
0.425
0.425
0.425
0.425
0.424
0.424
0.424
0.424
0.424
0.424
0.424
0.424
0.424
0.424
0.424
0.424
0.424
0.425
0.425
0.425
0.425
0.425
0.425
0.425
0.425
0.424
0.425
0.425
0.425
0.425
0.425
0.424
0.424
0.424
0.424
0.424
0.424
0.424
0.424
0.424
0.424
0.424
0.424
0.424
0.424
0.424
0.424
0.424
0.424
0.424
0.424
0.424
0.424
0.424
0.424
0.424
0.424
0.424
0.424
0.424
0.424
0.424
0.424
0.424
0.424
0.424
0.424
0.424
0.424
0.424
0.424
0.425
0.425
0.425
0.424
0.424
0.425
0.425
0.425
0.425
0.425
0.425
0.425
0.425
0.425
0.425
0.425
0.425
0.425
0.425
0.425
0.425
0.425
0.425
0.425
0.425
0.425
0.425
0.425
0.426
0.425
0.425
0.425
0.425
0.426
0.426
0.426