0 1 15.5730 5.6390 24.2060 -118.2640 
0 1 14.2740 6.3310 -30.6800 -79.2450 
0 1 10.9400 4.7350 -18.5180 -131.3100 
0 1 15.8480 7.1040 -54.1850 -131.8300 
0 1 11.2170 6.2070 68.3680 -80.5800 
0 1 10.7380 6.5670 57.5310 -55.7620 
0 1 13.6880 4.8820 -121.8320 68.5110 
0 1 12.1050 7.9660 24.9010 -144.5010 
0 1 9.3770 4.7350 28.8130 -119.0640 
0 1 16.3320 8.3250 -15.2170 -146.3080 
0 1 12.2900 6.9960 14.3550 -86.4430 
0 1 8.2750 4.2440 131.6380 330.9850 
0 1 16.9880 4.5200 -94.4140 131.9550 
0 1 18.9670 7.2040 -56.8130 -123.4800 
0 1 12.7690 6.3710 44.3210 -129.1880 
0 1 12.9680 4.7910 -5.4580 -96.5230 
0 1 12.1820 6.6570 36.5970 -51.0170 
0 1 19.6940 7.3230 -75.6300 -115.0140 
0 1 18.3110 7.3920 -68.5680 -89.8090 
0 1 22.6640 4.6080 -148.7390 113.7530 
0 1 19.5120 8.3040 -111.2160 -40.0490 
0 1 9.4260 7.5250 44.5340 -129.6800 
0 1 9.3990 6.9920 32.0540 -92.5720 
0 1 22.4450 7.2030 -198.7960 205.1610 
0 1 12.4410 5.6410 21.3010 -101.0870 
0 1 11.4920 6.6840 32.7140 -112.8790 
0 1 10.3330 6.7370 63.2750 -67.2930 
0 1 11.8280 6.7200 -13.2820 -133.5390 
0 1 18.6300 7.7690 -60.6940 -127.7500 
0 1 18.3030 7.2810 -38.2910 -138.0630 
0 1 19.1800 7.0480 -69.0930 -84.9880 
0 1 12.4730 4.9540 65.9580 -25.6700 
0 1 8.4600 6.8100 50.2690 -102.8990 
0 1 12.7510 6.2990 -16.5150 -115.5910 
0 1 16.0530 9.8530 -26.4230 -171.9130 
0 1 17.0910 6.2660 -45.8690 -119.9070 
0 1 20.7630 5.0040 -136.0620 139.1380 
0 1 19.9040 6.8730 -118.7620 16.2410 
0 1 19.5340 7.6070 -84.5220 -89.0680 
0 1 17.2930 4.5050 -68.0650 180.1000 
0 1 10.3900 5.4820 54.3150 -12.0980 
0 1 16.4360 8.8320 -2.7400 -185.1770 
0 1 17.5940 7.8680 -32.2040 -135.4650 
0 1 17.9690 6.8820 -102.7780 29.0850 
0 1 14.5870 7.1280 -26.4530 -139.4910 
0 1 12.7920 6.2720 -59.8200 -144.0460 
0 1 8.8510 4.7340 74.9700 20.0260 
0 1 15.0650 5.7620 -44.9660 -55.8570 
0 1 17.5450 4.8770 -72.7080 -116.8800 
0 1 8.4450 4.7470 34.4070 -67.6340 
0 1 11.1950 5.3120 45.6130 -75.8730 
0 1 9.5860 6.8950 44.8020 -111.2440 
0 1 10.0370 4.6520 53.4070 -41.0890 
0 1 20.5990 5.9770 -70.3470 -103.3060 
0 1 6.9630 4.5610 42.2410 -52.2320 
0 1 15.8820 8.3760 -11.0110 -162.2060 
0 1 16.5130 8.9970 -17.5230 -170.6650 
0 1 18.6170 6.9890 -84.0200 -38.3510 
0 1 9.1730 3.9750 66.1600 126.4830 
0 1 17.8040 7.4520 -25.2340 -152.2400 
0 1 18.9870 8.5260 -106.5150 -49.3020 
0 1 9.2130 7.1450 83.8480 -45.0200 
0 1 13.3580 6.6470 -68.0110 -77.5300 
0 1 13.3530 5.7670 24.4210 -60.2080 
0 1 16.5850 3.4530 -82.7170 325.1400 
0 1 9.5740 3.8930 49.3890 -7.3710 
0 1 21.6070 4.1490 -92.3140 86.0220 
0 1 12.5900 5.7030 -37.0360 -98.9970 
0 1 12.4580 8.4830 5.2990 -143.8470 
0 1 20.4920 6.8820 -106.0260 -26.4280 
0 1 17.5820 8.3470 -55.1210 -129.5810 
0 1 17.5890 9.4200 -75.4000 -106.3390 
0 1 16.6870 8.4760 -322.0000 -185.5650 
0 1 11.6900 7.2860 87.4470 -34.7980 
0 1 12.0810 5.8510 29.8470 -75.2250 
0 1 14.4230 8.1170 -4.0700 -164.5470 
0 1 14.8960 8.9780 23.7540 -186.5050 
0 1 13.8620 6.7310 23.2460 -128.4250 
0 1 16.8850 7.2800 2.3070 -150.8810 
0 1 10.8920 6.2240 11.6510 -98.1310 
0 1 12.6970 7.8890 -21.7100 -146.3760 
0 1 13.6790 9.1970 27.2300 -158.3180 
0 1 16.0650 7.1210 -19.2290 -122.9190 
0 1 20.0620 7.2460 -90.5680 -78.9230 
0 1 20.0620 7.2460 -90.5680 -78.9230 
0 1 5.0880 2.9380 114.0690 197.4720 
0 1 11.7450 5.4960 -26.9970 -99.8530 
0 1 21.4890 7.5750 -169.9400 133.9590 
0 1 4.2350 5.3130 92.1910 -9.4460 
0 1 20.6160 8.1460 -138.7740 28.7330 
0 1 17.1740 6.9950 5.8800 -148.9120 
0 1 15.8360 8.2080 -9.2330 -150.5610 
0 1 22.3230 4.1230 -118.0100 46.8520 
0 1 16.4010 6.6820 -10.2550 -136.7430 
0 1 10.0370 7.6750 9.1970 -159.9170 
0 1 8.6040 6.3060 74.5750 -38.9180 
0 1 22.3590 4.8710 -117.4090 -39.8490 
0 1 18.1340 8.1470 -50.0460 -141.9840 
0 1 14.6900 4.6790 3.0690 -72.6230 
0 1 10.4290 5.4460 50.6250 -14.6210 
0 1 5.4790 5.4610 89.4840 7.2080 
0 1 20.8960 5.4490 -57.0250 -142.9150 
0 1 14.0350 5.9100 35.9660 -98.5540 
0 1 19.1350 7.7610 -93.3020 -65.6160 
0 1 6.1100 6.0500 96.5090 8.2880 
0 1 16.5150 6.0950 6.5250 -99.9370 
0 1 12.0120 8.5330 45.2810 -135.4860 
0 1 19.9760 5.8480 -89.7340 -9.5720 
0 1 12.4890 5.6540 49.6220 -89.3290 
0 1 10.3960 6.1880 24.6770 -81.6940 
0 1 19.5640 5.7160 -26.1290 -150.8070 
0 1 14.9010 3.1330 -92.0030 84.5980 
0 1 6.7240 6.1790 44.2870 -120.7620 
0 1 14.2190 7.4060 -62.3340 -73.9290 
0 1 12.8650 5.8080 24.4560 -54.8290 
0 1 14.5320 6.8520 53.4730 -105.8780 
0 1 14.6570 8.2970 36.5920 -164.9980 
0 1 17.8170 7.5980 -33.1380 -139.8710 
0 1 8.3420 3.6180 70.5320 58.2120 
0 1 18.1390 8.1960 -30.3410 -173.8730 
0 1 12.3060 8.3970 -3.2660 -146.7980 
0 1 20.1760 8.3510 -120.4990 -28.1210 
0 1 17.0020 8.5340 -32.1550 -148.2280 
0 1 6.7360 6.1200 53.7800 -93.7850 
0 1 14.7600 8.9490 18.8620 -171.1810 
0 1 12.0470 5.7950 3.8820 -86.4740 
0 1 16.2110 8.6700 -22.4540 -152.7150 
0 1 9.8330 7.1740 46.1920 -92.8300 
0 1 10.5840 9.0850 29.8000 -145.2540 
0 1 11.8080 7.5300 39.6510 -84.4590 
0 1 20.2750 6.3920 -99.3120 11.9210 
0 1 15.3760 6.3010 -72.1020 -72.5630 
0 1 15.3760 4.6710 -43.5080 -20.6130 
0 1 14.8120 9.6590 8.2040 -182.6950 
0 1 7.3310 6.9420 107.5530 7.4250 
0 1 15.3990 8.3300 -6.7190 -163.4740 
0 1 20.2720 5.9090 -64.9990 -76.9330 
0 1 13.5370 7.4340 -29.5960 -109.9090 
0 1 12.5740 5.1990 -50.6650 -79.5420 
0 1 9.4860 7.4390 87.2260 -47.5440 
0 1 9.8550 7.0000 46.6120 -102.0690 
0 1 16.6570 9.8500 -45.0290 -156.2990 
0 1 15.5470 9.5780 -31.0970 -156.4830 
0 1 13.8190 7.1250 -14.0090 -123.6910 
0 1 19.5620 6.4730 -66.3450 -95.8640 
0 1 15.4940 4.4470 -28.0640 -16.9120 
0 1 7.5480 3.4400 82.5870 104.7940 
0 1 9.7940 5.7090 26.6820 -101.9470 
0 1 12.5740 6.0930 -9.1410 -109.9110 
0 1 22.0590 6.5480 -189.9910 252.8100 
0 1 7.1640 6.2300 83.9780 3.9780 
0 1 14.5170 7.9410 -3.9120 -143.9900 
0 1 16.8950 7.1130 -1.2270 -132.2920 
0 1 6.4050 5.2720 119.5670 49.4120 
0 1 15.6490 4.7830 -87.2040 139.2100 
0 1 15.9760 8.6220 6.2030 -180.8110 
0 1 10.6190 7.3260 -44.4740 -150.8530 
0 1 20.4620 7.1060 -78.7380 -123.5400 
0 1 5.0380 5.5910 93.8180 -12.2430 
0 1 20.3000 5.7640 -67.9750 -93.9400 
0 1 18.5830 6.8840 -36.3610 -119.3050 
0 1 15.8640 10.3790 -26.3560 -178.5570 
0 1 10.7560 5.0240 39.9150 -41.3540 
0 1 16.2650 3.2980 -177.1880 251.3610 
0 1 9.0440 5.9190 30.3780 -68.1420 
0 1 11.6010 2.8320 -93.0000 -34.0910 
0 1 7.8460 4.7010 63.9440 -65.7310 
0 1 8.1040 6.2890 94.3590 -3.7340 
0 1 13.8970 6.0830 -37.8570 -80.3390 
0 1 13.6300 6.9560 -32.0940 -107.6770 
0 1 18.2630 8.0310 -84.3600 -73.9910 
0 1 20.9330 6.5860 -143.3080 88.3960 
0 1 23.1820 4.6950 -222.9610 432.0510 
0 1 14.7500 2.8640 -11.9090 27.1100 
0 1 12.0550 6.7740 1.0000 -136.1090 
0 1 13.6520 5.5010 28.3400 -107.3180 
0 1 8.5600 6.2850 105.1980 21.8030 
0 1 14.6760 6.4670 42.0440 -68.5520 
0 1 14.9210 10.4980 -17.1930 -180.3640 
0 1 16.8660 9.8700 -35.7590 -179.5010 
0 1 16.8660 9.8700 -35.7590 -179.5010 
0 1 17.6500 7.3220 -11.9820 -162.5050 
0 1 7.7650 5.9720 98.2480 -11.3550 
0 1 12.5620 6.6350 16.6530 -131.9200 
0 1 14.4960 4.6100 -30.6870 -35.3320 
0 1 6.7640 5.3310 129.8910 97.2070 
0 1 17.5810 8.5840 -45.2200 -129.8230 
0 1 20.8010 7.5550 -127.2680 -2.2290 
0 1 19.6120 7.1980 -78.7740 -81.5850 
0 1 13.6970 5.6010 -11.3150 -73.8910 
0 1 15.8610 4.9840 -113.3100 63.0160 
0 1 12.8140 6.3390 28.8180 -95.5660 
0 1 13.2610 9.6150 14.7020 -163.1140 
0 1 12.5530 5.6870 -37.7600 -79.4220 
0 1 11.0480 7.3220 84.3970 -56.9440 
0 1 13.2140 5.0820 42.5700 -48.5310 
0 1 10.4560 4.8070 96.1200 73.6670 
0 1 9.4990 6.4020 108.7310 44.7610 
0 1 16.6820 9.4310 -25.3380 -173.3690 
0 1 16.5870 3.9690 20.6790 30.8380 
0 1 13.2020 8.9110 14.8280 -176.4280 
0 1 10.7520 6.1590 38.4360 -67.1160 
0 1 10.2740 3.7240 52.2510 -67.9620 
0 1 15.3380 8.7270 14.1170 -179.5550 
0 1 12.4380 6.4060 42.0940 -150.8460 
0 1 20.4410 6.5140 -86.2240 -64.9300 
0 1 19.0490 8.8200 -83.4380 -101.2480 
0 1 16.2840 6.5570 463.0000 -75.7940 
0 1 9.8980 3.8220 82.5030 212.8770 
0 1 14.8200 7.1700 -47.3540 -96.0880 
0 1 17.2420 9.5180 -57.4200 -135.2380 
0 1 13.5600 7.4800 -42.3140 -146.4900 
0 1 16.5550 8.1810 -54.8570 -104.3770 
0 1 18.6820 6.2150 -34.1390 -122.4620 
0 1 13.2390 8.2410 35.6350 -147.3890 
0 1 15.3300 10.1490 -8.0600 -188.5770 
0 1 19.7680 4.3970 -114.7770 107.8270 
0 1 19.6610 5.8040 -45.6970 -120.2350 
0 1 13.0020 7.6360 -5.3210 -134.8080 
0 1 8.1680 6.4670 117.5460 105.3730 
0 1 16.7510 8.1520 2.1090 -184.0250 
0 1 9.7570 5.8490 24.0650 -65.4910 
0 1 9.0900 6.5660 48.3330 -105.3390 
0 1 16.9540 7.3640 -43.8000 -88.9210 
0 1 9.0900 6.5660 48.3330 -105.3390 
0 1 14.7420 9.8280 9.6460 -189.5440 
0 1 12.7200 8.9470 47.8320 -139.6140 
0 1 15.4810 3.9740 16.7120 35.6300 
0 1 17.1310 9.3390 -39.2790 -163.6680 
0 1 11.8210 6.9430 -7.4480 -87.4810 
0 1 16.8610 5.7990 -81.9870 -46.0190 
0 1 9.3530 3.4840 64.9770 216.2760 
0 1 19.1670 7.8520 -71.5700 -119.7210 
0 1 11.3680 5.6500 -126.0000 -108.6880 
0 1 8.2940 3.2390 11.1080 229.6180 
0 1 12.2290 5.1510 21.2040 -84.5170 
0 1 19.0070 7.5230 -50.7850 -134.5430 
0 1 20.0250 7.5170 -82.8040 -102.7400 
0 1 15.3360 5.6840 -42.3540 -18.8420 
0 1 15.0900 8.8530 -15.9180 -137.9620 
0 1 12.5620 7.4550 -15.9960 -183.0700 
0 1 9.8810 4.2910 -12.9520 -10.6130 
0 1 11.4600 6.5520 52.2740 -38.5180 
0 1 17.9120 7.1750 -67.4050 -71.8140 
0 1 7.5090 6.0290 69.5540 -46.2040 
0 1 20.0890 5.9570 -31.9560 -171.4040 
0 1 8.6390 5.7610 95.3910 -14.7530 
0 1 11.3130 5.9200 -22.7750 -117.4570 
0 1 20.1490 6.8980 -106.6980 4.6080 
0 1 5.6180 5.5500 71.9530 -31.8870 
0 1 14.9860 5.8490 -28.3930 -135.7980 
0 1 21.1050 4.6720 -116.0060 87.6210 
0 1 12.3510 9.0250 22.4860 -164.4360 
0 1 9.9700 5.4350 25.0030 -66.7340 
0 1 15.3500 8.0370 29.8580 -171.5690 
0 1 9.9700 5.4350 25.0030 -66.7340 
0 1 15.3500 8.0370 29.8580 -171.5690 
0 1 13.9870 8.2090 25.1610 -126.8150 
0 1 13.1020 3.2100 2.6300 -3.9510 
0 1 14.0590 8.2230 17.6410 -177.2350 
0 1 15.6580 8.3960 -2.7700 -158.2960 
0 1 17.9670 7.3380 -37.9830 -126.6100 
0 1 10.2590 4.5580 7.6210 -62.6310 
0 1 19.8210 6.3920 -95.0610 604.0000 
0 1 22.1450 5.6550 -173.8860 229.0770 
0 1 14.1310 7.5070 -56.9710 -117.5530 
0 1 14.1310 8.3900 30.8290 -139.3210 
0 1 7.4990 5.4070 53.6580 -38.3960 
0 1 17.7530 4.7960 -5.3240 16.3520 
0 1 21.2060 6.9790 -140.7830 65.9030 
0 1 9.7860 6.1330 44.7320 -31.8020 
0 1 22.2340 5.7200 -191.6970 276.8850 
0 1 19.6400 7.6580 -87.0010 -65.9740 
0 1 6.0610 5.4220 213.4840 458.8680 
0 1 10.4300 6.4580 42.4060 -56.7650 
0 1 20.9290 4.8960 -60.0170 -95.6030 
0 1 14.2680 5.6370 -35.3130 -80.2000 
0 1 10.4950 7.4510 40.1610 -113.8560 
0 1 15.6170 7.1220 8.9940 -121.5270 
0 2 14.7280 7.1220 -5.2480 -148.2720 
0 2 11.9610 5.9740 26.6630 -54.0160 
0 2 12.0560 6.7230 -14.3580 -127.5300 
0 2 11.2890 4.5380 20.5180 -119.5840 
0 2 11.4910 7.5030 54.5400 -108.7730 
0 2 12.5740 6.9760 -13.0330 -121.6280 
0 2 13.1200 7.2160 32.6090 -121.2760 
0 2 14.2450 7.8470 17.7670 -119.8700 
0 2 13.1300 7.4310 -19.4300 -111.6290 
0 2 11.1470 5.2940 59.3170 -18.7620 
0 2 10.4500 6.8010 31.6820 -86.7210 
0 2 11.1970 5.3160 63.0190 -18.2110 
0 2 11.3820 5.3920 -14.2010 -62.7470 
0 2 11.4060 6.0540 38.4090 -41.4430 
0 2 19.6240 6.4550 -51.9810 -137.9730 
0 2 9.9120 6.3130 76.5340 -10.9640 
0 2 9.6180 5.4420 33.5000 -85.7000 
0 2 13.6880 7.0660 14.9280 -96.0120 
0 2 12.2930 7.1710 33.3130 -109.9900 
0 2 11.0230 6.0490 -9.8720 -113.9690 
0 2 12.3340 2.9970 -66.3420 22.0540 
0 2 14.6210 5.7860 -28.0300 -110.4810 
0 2 13.5900 5.8050 -32.0630 -99.3110 
0 2 14.7690 4.2110 -27.7500 13.0450 
0 2 20.4740 7.1680 -137.1070 65.3890 
0 2 11.9290 6.1500 32.1770 -101.9540 
0 2 11.8600 6.2080 60.5640 -57.1520 
0 2 5.8260 5.9200 110.5920 47.7730 
0 2 10.3540 7.8180 96.6510 -30.1790 
0 2 12.6950 6.6960 17.6170 -59.9000 
0 2 12.7340 4.8830 32.7280 -5.4650 
0 2 11.6540 4.1370 9.3840 -61.5940 
0 2 11.2600 5.7880 -2.6660 -119.1990 
0 2 12.3140 5.7630 39.0830 -21.3150 
0 2 13.6250 6.9470 16.9510 -125.6160 
0 2 11.9320 7.8730 50.4530 -131.7330 
0 2 16.7840 6.3330 -31.6760 -94.6690 
0 2 10.2880 5.3970 28.2150 20.3020 
0 2 14.8300 4.7670 -21.7360 -70.9220 
0 2 14.9050 4.8280 30.6270 -96.4780 
0 2 12.7700 4.9180 74.2860 104.7820 
0 2 13.8050 4.7860 9.3910 -90.8020 
0 2 15.7360 8.8270 -25.8000 -156.0920 
0 2 11.2790 4.9620 5.3520 -88.7680 
0 2 11.0730 7.0040 36.1820 -112.4410 
0 2 6.6660 3.4680 102.9920 168.5400 
0 2 10.8030 6.0550 35.8320 -34.0860 
0 2 8.9690 8.3040 76.7290 -79.7640 
0 2 11.6190 6.5920 81.8880 -46.6480 
0 2 12.6450 7.4430 40.5820 -93.8510 
0 2 11.8880 4.5990 16.8050 -36.0310 
0 2 14.0290 6.5800 -6.7230 -105.6600 
0 2 14.4800 8.0290 28.7090 -140.2110 
0 2 14.5800 4.7080 -16.5110 -154.2600 
0 2 14.5840 8.1470 -12.9160 -148.7450 
0 2 12.6770 6.3600 36.4680 -95.8430 
0 2 11.0470 8.1630 55.7400 -111.0040 
0 2 10.9360 7.0860 103.8030 -21.9310 
0 2 13.2780 7.0480 59.8190 -89.7380 
0 2 7.4020 6.3420 85.1940 -56.0300 
0 2 14.9280 6.1760 -83.8930 -54.2830 
0 2 9.0360 6.0470 -11.2010 -130.9310 
0 2 11.0030 6.4160 16.4200 -81.3710 
0 2 11.9610 3.9870 31.2150 -45.2400 
0 2 11.6830 9.0010 6.4260 -153.4060 
0 2 13.7730 5.3310 -35.5920 -80.8510 
0 2 13.1910 3.7130 -53.5580 -31.7540 
0 2 11.9350 6.4090 90.5570 -4.0100 
0 2 6.0170 5.0460 130.5420 179.9100 
0 2 11.2000 6.6850 79.1300 -5.7400 
0 2 10.2710 4.8310 1.6570 -67.5920 
0 2 11.4170 5.6860 23.9620 -28.8550 
0 2 10.1980 4.2930 7.0830 -7.5100 
0 2 11.0060 7.6960 33.6880 -137.3400 
0 2 10.3890 7.6230 69.0410 -85.6280 
0 2 14.4460 5.4930 -10.6820 -77.9220 
0 2 3.8450 4.6520 159.4150 231.0330 
0 2 3.8450 4.6520 159.4150 231.0330 
0 2 12.4790 9.0690 14.8700 -146.8130 
0 2 13.2900 5.6630 5.5740 -48.0630 
0 2 9.9360 7.1230 123.8310 44.1620 
0 2 16.8690 5.0950 -63.5830 -44.3020 
0 2 13.5340 5.1400 37.8550 -53.6930 
0 2 12.1510 8.2940 22.8300 -134.2130 
0 2 13.7000 6.9330 -29.1210 -88.0310 
0 2 9.0960 6.2120 94.2620 -4.8970 
0 2 12.3740 6.2150 12.6580 -121.3580 
0 2 14.3410 6.6100 30.7520 -71.7930 
0 2 10.3900 7.1680 115.8120 1.4650 
0 2 11.8970 6.7000 -34.3580 -155.8400 
0 2 7.5980 6.9030 25.4660 -159.5470 
0 2 9.8850 5.9840 73.9380 -19.3200 
0 2 10.6960 7.0620 34.9610 -105.6310 
0 2 15.8970 6.3920 -38.0160 -94.8700 
0 2 8.5100 8.0370 104.7050 -8.7860 
0 2 16.7450 5.4790 -98.1230 -29.9330 
0 2 9.8920 6.6560 84.8780 -22.7900 
0 2 12.7910 7.0380 -7.4700 -107.1040 
0 2 8.6780 6.8160 81.2380 -84.6840 
0 2 12.6910 7.7760 42.2820 -105.6770 
0 2 11.6800 8.5010 50.9190 -133.8910 
0 2 14.0090 7.3030 15.8670 -94.5180 
0 2 15.2690 8.0580 -3.4830 -130.2190 
0 2 11.5650 7.6240 88.0470 -79.6280 
0 2 13.6970 6.6170 3.1450 -154.7480 
0 2 14.1960 8.0560 2.0710 -149.5170 
0 2 12.8480 6.3500 -18.9720 -128.5040 
0 2 11.0670 5.5490 77.8200 -16.1950 
0 2 10.2360 6.0370 130.5390 112.6220 
0 2 12.5250 6.2870 -31.8950 -98.7640 
0 2 11.5360 7.2120 40.6080 -118.0120 
0 2 14.5540 5.9300 4.9820 -97.6130 
0 2 12.6920 6.3110 46.4480 -76.5080 
0 2 10.4360 6.0390 105.6790 -29.2440 
0 2 8.6640 6.4250 42.0210 -92.2330 
0 2 10.2720 6.7840 31.4850 -84.9460 
0 2 12.8520 5.0390 -48.6860 -55.4610 
0 2 12.0390 5.9180 -29.9400 -84.2920 
0 2 11.5230 5.6650 108.5150 80.0940 
0 2 14.1990 6.6620 -27.0920 -125.1660 
0 2 10.2800 5.5330 32.7630 -96.3300 
0 2 19.5660 6.2760 -111.1930 30.2280 
0 2 13.7200 6.7610 1.9830 -152.3850 
0 2 13.3720 5.8710 -3.2380 -38.2210 
0 2 11.1840 6.6630 114.1280 44.2720 
0 2 11.6680 6.2610 66.3480 3.2420 
0 2 11.7820 5.5200 58.1850 -22.6340 
0 2 11.0600 5.0280 -21.6680 -98.4040 
0 2 16.9810 5.7540 -31.8790 -5.4020 
0 2 11.1220 6.8080 70.0500 -51.2510 
0 2 10.5380 7.3540 40.4700 -124.7010 
0 2 9.2770 4.2190 34.2270 6.9850 
0 2 11.0620 5.4510 44.0430 -29.3170 
0 2 12.4730 4.6370 38.2690 -56.6030 
0 2 13.8620 5.4710 21.3000 -115.1980 
0 2 17.7950 7.1200 -47.8060 -90.5940 
0 2 11.5160 6.1380 -16.4730 -70.6640 
0 2 11.3140 5.3490 72.0660 -44.5040 
0 2 12.8800 8.4730 6.5550 -134.1150 
0 2 13.6560 5.6440 49.9430 -96.6900 
0 2 13.5780 6.9530 33.5180 -141.5040 
0 2 14.5320 6.7230 19.5670 -70.0400 
0 2 12.2770 5.7330 -15.7550 -72.2830 
0 2 11.3580 5.8610 -16.7340 -123.5100 
0 2 11.7080 4.6840 81.6510 151.8720 
0 2 14.1740 7.5250 -17.7870 -136.4290 
0 2 7.7560 8.2310 117.5600 -21.3970 
0 2 11.0910 6.7470 -5.3700 -139.1720 
0 2 5.6760 4.8020 229.2710 461.1200 
0 2 12.6960 4.3550 -59.9960 -51.3770 
0 2 12.0660 5.5820 -1.4090 -83.7950 
0 2 14.1140 5.5600 -52.1710 -63.3150 
0 2 12.4360 7.6000 29.3800 -102.4700 
0 2 11.9810 5.4780 15.2880 -80.7620 
0 2 9.7300 4.3380 37.7910 84.1860 
0 2 10.1970 6.2630 120.1480 20.0140 
0 2 16.8680 6.8210 -18.8020 -157.6560 
0 2 8.3110 5.5660 128.8760 77.1780 
0 2 14.5200 7.6750 -26.8170 -124.6270 
0 2 13.3540 6.2210 -44.2970 -94.2900 
0 2 13.6280 4.4610 2.4170 4.9110 
0 2 14.6720 6.6670 -19.0940 -140.8820 
0 2 14.0800 8.3190 15.8760 -138.0050 
0 2 13.3590 9.4050 -2.8600 -173.1990 
0 2 11.8480 7.3230 41.4520 -128.5590 
0 2 12.9650 6.6760 2.9060 -165.3000 
0 2 13.0100 6.5270 35.7040 -85.3630 
0 2 13.4170 5.2230 18.2250 42.1880 
0 2 11.6710 6.7410 2.9990 -124.9510 
0 2 11.3050 6.4400 50.6010 -65.3350 
0 2 8.2920 6.8500 77.0760 -65.1410 
0 2 11.3400 8.4090 3.2070 -142.9150 
0 2 11.2620 6.7190 36.5300 -89.0190 
0 2 14.2020 8.3720 23.4890 -151.8630 
0 2 13.0890 5.7130 -2.4860 -89.4990 
0 2 12.6880 7.2890 20.2790 -101.3200 
0 2 11.1670 7.2190 75.2210 -62.8170 
0 2 11.1670 7.2190 75.2210 -62.8170 
0 2 9.9940 5.6070 14.4580 -87.4900 
0 2 9.7150 7.4740 23.7050 -131.2490 
0 2 8.4340 5.8070 30.0510 -113.7870 
0 2 10.0970 5.6940 55.8210 -73.9500 
0 2 13.4100 5.1850 -19.5800 -81.9070 
0 2 8.1600 4.1040 -33.9170 -12.7220 
0 2 15.2110 7.1600 25.3000 -126.5070 
0 2 14.1590 6.9890 -4.4690 -93.6610 
0 2 11.8610 7.0620 44.7840 -114.5240 
0 2 14.8790 8.0260 -54.2850 -153.9320 
0 2 13.2710 5.2620 -46.3530 -77.2200 
0 2 12.7700 6.4690 54.5260 -83.5220 
0 2 14.0290 5.7170 -26.6560 -95.9290 
0 2 17.4700 5.8220 -31.5220 -93.9250 
0 2 14.3160 5.7150 -55.1030 -84.8410 
0 2 11.2400 7.1290 1.0490 -155.8360 
0 2 15.4600 7.0020 -13.2450 -112.8760 
0 2 14.3570 6.2610 70.6380 -38.5210 
0 2 11.8450 7.7260 28.4570 -123.4540 
0 2 11.6030 5.8860 -588.0000 -111.6990 
0 2 11.3980 4.1200 -8.0280 -18.4870 
0 2 9.3960 5.2930 -28.6770 -119.8520 
0 2 10.8410 6.6900 54.2250 -65.1110 
0 2 13.6990 8.7220 -3.9290 -164.7460 
0 2 8.8790 3.9490 35.9820 63.1320 
0 2 8.2620 6.0820 85.0060 -13.4190 
0 2 12.1610 6.9870 7.9180 -108.5650 
0 2 9.9570 8.3330 53.7140 -116.9530 
0 2 11.0880 7.2260 88.0100 -24.9520 
0 2 8.5510 5.9190 91.4020 16.2940 
0 2 10.7060 6.1730 -9.9360 -94.7050 
0 2 11.5480 5.3200 11.5760 -93.8520 
0 2 13.1210 5.5760 -29.2490 -44.2990 
0 2 15.0160 6.4340 32.8430 -110.1870 
0 2 12.1900 10.2790 9.7910 -165.1790 
0 3 7.2540 5.1320 94.1160 35.0800 
0 3 5.7210 5.8550 110.9430 20.3940 
0 3 10.4690 5.1940 -18.7770 -75.0760 
0 3 12.1630 7.9640 32.2610 -127.1560 
0 3 6.6310 6.9780 92.6250 -62.0590 
0 3 4.9940 4.8740 108.6500 -2.8050 
0 3 6.9820 5.5960 99.6230 48.5250 
0 3 14.5130 6.9440 7.6460 -125.3540 
0 3 6.0340 5.6650 102.7020 4.4500 
0 3 14.1430 7.6610 -26.2740 -136.9610 
0 3 16.3330 6.1740 -55.3390 -56.5710 
0 3 14.5160 5.4280 -79.4650 44.6470 
0 3 10.6200 5.5480 38.1770 1.4790 
0 3 10.2150 6.0890 65.2040 -54.7870 
0 3 15.2180 6.0570 23.4350 -125.2580 
0 3 13.3220 7.4920 45.9630 -114.3170 
0 3 12.3560 7.7340 28.8060 -133.2500 
0 3 13.0350 8.2070 17.0730 -153.0170 
0 3 7.9170 6.0320 81.0000 -32.0750 
0 3 14.6690 6.3210 -34.1580 -104.4080 
0 3 10.2370 5.3640 25.4070 -49.1700 
0 3 14.0330 6.7510 -8.5330 -112.2940 
0 3 8.1240 8.4090 82.3920 -81.4970 
0 3 14.5310 6.2660 16.3370 -102.0900 
0 3 7.0450 5.5470 90.9580 30.3990 
0 3 9.3720 7.5830 46.5370 -108.9060 
0 3 8.3110 5.4090 111.2870 145.6340 
0 3 16.2040 6.5170 -114.2290 13.1400 
0 3 6.0990 6.1060 117.1510 35.8930 
0 3 16.0620 7.5280 -50.8910 -99.9690 
0 3 10.5640 4.6010 52.8490 14.2240 
0 3 11.4770 6.3450 58.3070 -25.7430 
0 3 11.7860 8.5770 13.7920 -143.2870 
0 3 16.0930 7.9060 -32.4860 -138.1970 
0 3 15.4200 7.7920 -40.5930 -120.1140 
0 3 12.2730 6.7420 24.3360 -117.9570 
0 3 9.9570 7.6450 33.4700 -110.0130 
0 3 12.2000 8.1360 36.4280 -111.6420 
0 3 10.6110 6.1760 56.7080 -48.5280 
0 3 11.4040 7.0610 71.2960 -60.5160 
0 3 11.5020 7.2790 92.9830 -66.4490 
0 3 11.0550 4.9830 112.1830 107.7600 
0 3 12.8180 7.5090 31.7220 -133.5930 
0 3 14.6870 8.6570 21.7080 -170.3130 
0 3 12.2490 5.3630 81.5590 27.7740 
0 3 14.1590 9.8520 -20.0650 -159.5980 
0 3 14.1300 6.9990 16.5940 -93.8390 
0 3 10.0510 5.0890 47.5240 -30.7070 
0 3 9.4410 6.2650 34.9580 -73.4830 
0 3 8.1280 4.6420 47.9570 -30.6230 
0 3 10.8400 6.4510 14.4200 -74.5820 
0 3 12.3280 5.6680 -2.1960 -25.3610 
0 3 11.8200 7.4160 21.2300 -159.0120 
0 3 14.8520 5.2540 -85.4260 -1.8870 
0 3 9.9030 5.7270 60.3140 -35.1930 
0 3 10.8450 5.8840 40.2860 -73.1760 
0 3 8.0810 5.7250 35.4070 -65.2940 
0 3 5.4610 5.6990 125.5560 60.8490 
0 3 11.2020 4.7810 -15.2120 -19.5360 
0 3 9.2740 8.1810 66.6160 -95.5110 
0 3 11.7180 7.6820 18.3030 -115.7640 
0 3 13.5070 7.7940 -16.6370 -131.9190 
0 3 14.7700 7.7830 -8.0090 -142.0020 
0 3 7.3680 7.8950 107.3010 -28.1980 
0 3 10.9160 5.5580 38.5630 -106.0250 
0 3 15.3610 7.3360 -21.6030 -131.1390 
0 3 10.9570 8.0100 31.7880 -116.0430 
0 3 10.1930 5.9130 30.9210 -98.8040 
0 3 10.3350 4.8550 12.6470 -84.4290 
0 3 9.6140 6.0990 100.3770 38.3140 
0 3 13.6170 6.3290 20.3690 -86.2500 
0 3 7.1870 7.0690 132.3340 48.0520 
0 3 11.3270 6.5200 6.9170 -126.8230 
0 3 15.8120 7.6580 -12.1900 -141.2020 
0 3 11.1580 5.9260 60.0700 -34.3830 
0 3 11.2640 5.5480 48.4760 -7.2500 
0 3 11.4800 6.2750 23.2720 -76.4350 
0 3 9.7060 9.1510 52.0480 -136.7040 
0 3 12.2170 6.5330 28.5850 -101.5970 
0 3 8.5780 6.9890 67.0650 -87.4010 
0 3 9.4650 7.8450 50.4030 -125.5820 
0 3 11.7220 5.7970 48.2890 -56.4040 
0 3 10.4960 6.2260 31.1430 -106.5290 
0 3 6.5070 5.7890 133.8250 122.3530 
0 3 16.6980 7.2160 -41.7780 -119.0150 
0 3 12.4970 6.7120 318.0000 -129.1650 
0 3 10.7530 6.7280 107.3180 34.2930 
0 3 11.3670 6.7620 19.2880 -101.5830 
0 3 9.7550 6.7160 42.8180 -65.8050 
0 3 11.4820 5.6430 7.6100 -56.6290 
0 3 11.6670 6.4920 17.7020 -100.4280 
0 3 10.7800 6.6950 13.8340 -140.5390 
0 3 10.5080 5.2920 69.2380 -34.8150 
0 3 10.8180 4.8870 -24.9090 -61.7370 
0 3 10.1320 8.3570 49.4340 -126.0610 
0 3 16.4440 7.4140 -73.0900 -89.8460 
0 3 12.1050 8.7500 15.2130 -149.0490 
0 3 12.5650 5.7300 5.4310 -18.1220 
0 3 12.0280 6.0070 19.3510 -50.0230 
0 3 13.8640 7.4670 10.8020 -115.5030 
0 3 12.5580 4.3570 -36.2810 24.3780 
0 3 17.2300 6.3780 18.7760 -151.4060 
0 3 17.7440 6.3720 -34.0430 -111.3650 
0 3 11.1140 6.6450 30.6120 -71.0990 
0 3 11.2340 7.5210 67.2800 -71.6530 
0 3 7.6360 8.1280 55.6160 -138.2360 
0 3 8.8880 8.8390 69.7380 -102.8990 
0 3 13.6090 6.2670 19.3560 -82.9900 
0 3 14.9750 8.6970 -32.1460 -149.2140 
0 3 8.8640 7.0960 93.0860 -19.0250 
0 3 10.5070 5.4350 103.3890 40.2900 
0 3 13.5890 8.1480 -9.3680 -136.5670 
0 3 11.3600 5.9860 55.1130 -56.3980 
0 3 7.9050 5.1810 36.9170 -58.4960 
0 3 14.1730 5.9840 14.3470 -101.5830 
0 3 9.8760 7.2450 51.2370 -101.2980 
0 3 8.4550 6.8140 66.6420 -90.7540 
0 3 11.1280 7.1330 28.9010 -126.5890 
0 3 12.0660 5.8780 -8.9550 -121.8930 
0 3 12.5880 6.0160 7.2970 -83.0890 
0 3 8.6210 5.4760 -20.7830 -140.5930 
0 3 11.9860 7.9760 33.4100 -99.2070 
0 3 13.1470 7.5220 31.7350 -128.7060 
0 3 13.0110 7.7940 12.5090 -122.0870 
0 3 7.2200 6.9110 80.9360 -65.6350 
0 3 12.9050 7.1360 11.5870 -103.8290 
0 3 8.8270 5.6370 73.1270 -20.0840 
0 3 6.7580 5.2430 115.6760 103.9770 
0 3 5.1340 6.3980 161.4140 182.1050 
0 3 10.7110 7.7300 57.5160 -111.0360 
0 3 12.0180 7.8910 55.5380 -120.7240 
0 3 9.3100 5.5530 155.0240 214.4660 
0 3 9.6390 7.1460 57.0610 -78.3870 
0 3 10.6200 5.2540 60.0630 -46.3480 
0 3 11.6760 6.8130 19.9890 -82.3440 
0 3 10.7150 6.1820 25.5140 -62.4410 
0 3 10.2980 6.5660 28.5150 -105.0150 
0 3 12.9450 5.8620 -33.6350 -53.7840 
0 3 10.4700 5.4090 -14.5930 -86.1610 
0 3 11.9060 5.8790 49.1060 -53.9920 
0 3 8.6870 6.1440 101.3920 35.8520 
0 3 8.5460 7.6200 94.3740 -47.6230 
0 3 11.1420 5.8110 -6.3400 -101.3050 
0 3 15.9640 6.3920 20.2750 -94.6750 
0 3 9.3040 8.1160 75.7560 -87.9300 
0 3 10.0880 7.6630 73.1430 -88.4240 
0 3 5.2040 4.7990 163.3180 281.1720 
0 4 13.4140 6.5150 37.9130 -83.0510 
0 4 12.0370 6.0300 142.4730 68.5930 
0 4 12.5440 7.8190 -4.1040 -169.9100 
0 4 9.2440 4.8360 71.3100 -17.1960 
0 4 8.1180 6.5450 151.5850 112.2600 
0 4 11.4750 6.1110 19.8860 -95.9310 
0 4 13.4050 5.1280 581.0000 -40.4050 
0 4 15.2690 6.9970 23.9320 -105.4000 
0 4 16.6570 7.5550 -19.6300 -130.6310 
0 4 11.3350 7.4050 61.7350 -76.4710 
0 4 11.8170 4.1850 37.8950 -47.5670 
0 4 7.3160 3.4520 151.4930 320.5010 
0 4 6.8020 5.9300 72.2960 -88.1170 
0 4 10.0980 6.5080 69.0480 -80.8580 
0 4 20.4890 8.1880 -121.5740 -31.9360 
0 4 13.3100 7.4850 5.9030 -133.1880 
0 4 17.5060 8.9250 -66.9110 -110.5420 
0 4 8.1470 5.4990 151.5870 130.0570 
0 4 11.6480 5.9310 82.9650 1.7460 
0 4 12.5030 7.6460 -479.0000 -117.3930 
0 4 7.5650 5.0670 159.6850 205.9440 
0 4 7.2400 8.1830 117.1250 -16.6330 
0 4 7.8640 6.1920 88.4930 -42.5560 
0 4 8.1830 4.9510 116.6790 56.9520 
0 4 22.5540 4.7400 -206.3250 548.6310 
0 4 14.9540 8.1600 -2.6510 -133.8590 
0 4 12.2790 6.1130 46.3340 -76.7520 
0 4 8.7580 6.9720 81.1310 -65.4270 
0 4 10.8900 5.3490 71.8550 22.2480 
0 4 4.3520 5.2750 98.6410 -30.3550 
0 4 24.3910 2.7680 -312.1540 954.5480 
0 4 5.6050 2.5280 136.6960 470.3780 
0 4 11.0980 6.8390 13.8080 -146.0380 
0 4 24.2840 2.4200 -264.1880 380.5330 
0 4 12.6300 4.7060 7.4710 21.4830 
0 4 9.3770 2.8260 -7.9100 -47.5950 
0 4 18.5680 8.5600 -63.8550 -130.7940 
0 4 7.2830 3.4100 46.9870 101.0550 
0 4 14.3220 4.7920 -74.7880 44.2410 
0 4 10.4530 5.4190 41.9050 -54.4340 
0 4 8.5990 6.2670 159.4770 155.8830 
0 4 9.7150 3.1630 4.0570 -60.9650 
0 4 8.4950 4.9710 17.0450 -67.7870 
0 4 10.7690 5.7570 53.7660 -29.4540 
0 4 11.3890 6.0840 20.0750 -95.8700 
0 4 8.8940 7.1450 76.8510 -74.9270 
0 4 12.4340 5.9210 25.3060 -83.4090 
0 4 13.2910 6.1620 7.0830 -113.3850 
0 5 9.2970 6.2930 53.0380 -41.6230 
0 5 12.0780 5.3130 4.8700 9.6750 
0 5 10.7990 5.5030 -6.0730 -121.9560 
0 5 13.0980 5.2000 -74.1320 15.9920 
0 5 12.7430 7.6610 47.1340 -132.7440 
0 5 15.9840 6.6290 -41.4910 -130.2470 
0 5 10.9400 6.0890 49.1840 -94.4900 
0 5 14.3750 5.0210 -52.7700 -69.3440 
0 5 8.9210 4.5280 86.1230 54.1340 
0 5 12.4110 6.8260 -3.0310 -136.3980 
0 5 9.4830 5.4870 28.8030 -95.6500 
0 5 11.6570 5.7490 6.5500 -131.6930 
0 5 8.2200 5.5310 59.1940 -59.2530 
0 5 13.3260 5.8850 -36.5500 -56.5490 
0 5 11.2470 6.4280 51.4310 -35.6910 
0 5 13.0950 6.0980 13.8460 -87.3270 
0 5 12.7550 6.5750 -38.8150 -117.6310 
0 5 11.1660 4.8650 4.7830 -71.8650 
0 5 11.7270 5.0770 -989.0000 -87.1930 
0 5 9.8110 6.4220 -2.5870 -111.4410 
0 5 11.3300 7.0890 32.3310 -103.1230 
0 5 13.9130 6.8570 41.4690 -93.1320 
0 5 7.0670 4.4050 168.5800 455.9460 
0 5 11.3310 5.1940 16.0540 -52.2870 
0 5 12.9880 5.6390 -32.1160 -38.5800 
0 5 19.4520 5.1130 -191.0090 316.2810 
0 5 15.5030 4.7130 2.1280 -23.0530 
0 5 11.3070 6.6730 9.7670 -120.6690 
0 5 5.8110 4.1270 69.8750 271.0000 
0 5 8.2970 6.1960 19.2090 -72.1890 
0 5 11.2480 6.8170 29.2070 -122.0410 
0 5 12.9850 6.2120 11.6750 -120.7610 
0 5 13.7550 5.8940 -78.7620 -58.3580 
0 5 11.7430 7.2990 31.9910 -96.2500 
0 5 9.7920 5.5780 620.0000 -111.8640 
0 5 10.1100 4.1290 51.8810 30.6530 
0 5 12.8780 5.1780 -18.3860 -72.9470 
0 5 13.0400 6.7220 -22.8640 -118.4900 
0 5 11.3770 8.1000 39.9240 -124.4620 
0 5 11.4800 4.1420 42.2290 37.3470 
0 5 9.8750 5.6510 37.0620 -19.7240 
0 5 8.5210 5.9310 112.9620 38.2280 
0 5 16.1890 4.5290 -69.6620 36.9580 
0 5 14.4750 4.2060 -13.7540 -68.0490 
0 5 10.2460 5.3370 4.4440 -9.5600 
0 5 13.4460 4.4250 -10.0830 -38.9510 
0 5 14.6760 5.4390 6.3390 -49.1660 
0 5 12.5570 5.6450 -7.4220 -152.6130 
0 5 15.4300 4.4830 -51.3380 35.0480 
0 5 12.6800 4.6050 123.4170 186.1380 
0 5 16.8490 6.9530 -37.7620 -116.0490 
0 5 11.7340 5.8710 19.2320 -112.4600 
0 5 15.8960 7.2070 5.9450 -132.2930 
0 5 12.7020 4.7440 7.3690 -5.3090 
0 5 12.5420 4.1560 30.3350 75.3400 
0 5 10.8950 5.1020 -3.4910 -147.6050 
0 5 13.6320 5.1310 1.6650 -46.5080 
0 5 8.1550 5.8280 84.7610 28.5860 
0 5 14.6130 4.7560 -53.0740 -38.8420 
0 5 14.8840 6.2750 3.6510 -122.1160 
0 5 12.0850 6.0880 -16.2440 -108.8290 
0 5 13.5190 7.2660 1.4080 -145.1650 
0 5 11.1780 6.2090 51.8720 -21.3240 
0 5 10.0830 5.7710 43.9490 -24.2910 
0 5 13.9020 4.2620 -36.6240 27.4540 
0 5 11.4430 7.2620 2.3700 -129.6470 
0 5 11.8410 3.7880 -29.1510 17.1410 
0 5 13.1870 6.7020 25.0250 -110.2390 
0 5 14.3920 4.7050 -53.7090 -62.4900 
0 5 8.4010 5.5270 103.6330 68.8480 
0 5 13.3010 6.8700 4.9860 -112.8670 
0 5 10.0670 6.5330 36.6350 -78.3420 
0 5 6.0990 4.5500 181.0340 400.5100 
0 5 9.6820 5.7330 18.5300 -102.3090 
0 5 13.7810 6.9990 1.9780 -161.0340 
0 5 8.1400 5.1570 79.8810 -25.1520 
0 5 12.8950 5.7140 -31.0250 -45.9720 
0 5 14.2140 6.5020 -10.5540 -49.1050 
0 5 8.2960 6.0330 105.7290 85.1860 
0 5 14.6110 7.1380 -21.8430 -91.2790 
0 5 10.7950 6.3160 19.6060 -144.4330 
0 5 5.3230 3.2810 70.0640 -5.5720 
0 5 10.4800 4.3780 62.2680 35.6220 
0 5 15.3400 4.2420 -14.6930 -28.9440 
0 5 10.1480 5.6950 122.2320 68.7720 
0 5 13.7410 5.1610 -33.5190 -53.3980 
0 5 10.1710 4.8530 -28.8250 68.6080 
0 5 12.4200 4.9610 28.2670 -53.5550 
0 5 11.8860 5.8880 25.3660 -118.8250 
0 5 13.5370 8.4550 -21.1990 -149.3160 
0 5 11.9650 3.8090 -2.8850 50.3090 
0 5 13.1720 5.4010 16.1680 -58.9600 
0 5 8.3950 6.0620 95.0860 5.1360 
0 5 19.1490 5.5700 -36.8600 -125.5680 
0 5 11.1290 5.4510 17.1040 -71.4320 
0 5 10.5720 5.2220 21.1380 -59.4050 
0 5 10.3120 4.2400 32.5940 200.9970 
0 5 10.4700 4.2840 63.6150 42.0800 
0 5 7.7580 4.7390 94.7210 92.5100 
0 5 17.3510 4.0270 -96.5890 82.8860 
0 5 16.1490 4.9940 -793.0000 -75.6820 
0 5 17.6130 8.0620 -66.2320 -80.8090 
0 5 9.9720 4.1330 -35.4890 -42.8370 
0 5 10.0670 4.8250 16.3490 -67.7540 
0 5 14.0180 4.4080 -56.2250 -12.5060 
0 5 12.4710 4.8160 -17.4100 -3.5880 
0 5 10.4500 6.6060 28.7420 -87.5030 
0 5 11.8130 6.7280 1.9800 -131.4670 
0 5 13.0380 4.1560 -20.7420 -44.2760 
0 5 11.6830 6.9690 30.0520 -91.2810 
0 5 9.8550 6.5740 34.3030 -106.8460 
0 5 15.8630 3.9190 -116.2210 91.3250 
0 5 14.7340 5.8100 -39.2510 -54.6950 
0 5 7.5080 6.8260 109.7640 -18.4500 
0 5 12.9930 4.0310 -116.7040 62.7100 
0 5 10.7830 5.0010 -19.1730 -134.4930 
0 5 11.0750 6.1340 78.6790 31.9710 
0 5 12.9520 6.0580 5.3220 -83.9990 
0 5 14.7480 4.1150 -153.6690 214.8770 
0 5 10.4910 6.1970 96.9770 -22.5200 
0 5 14.9880 4.6170 -55.8890 -49.9720 
0 5 11.4110 7.4680 44.6740 -153.8570 
0 5 11.3830 5.8460 44.2780 -88.6730 
0 5 6.5560 3.7650 41.2620 38.8630 
0 5 10.6710 6.7610 -7.0360 -140.6960 
0 5 14.5570 5.9390 -11.1600 -106.7700 
0 5 12.3680 4.0220 -52.4950 5.8520 
0 5 12.8040 7.5650 290.0000 -126.1900 
0 6 6.8040 5.2280 153.3370 232.5720 
0 6 11.7040 5.0890 36.5190 15.6490 
0 6 14.7830 6.3600 37.2870 -96.8240 
0 6 11.0470 6.7000 81.9070 -62.7860 
0 6 12.2700 8.5460 3.9080 -141.4610 
0 6 9.0920 5.2920 132.6010 90.8990 
0 6 13.2660 6.8120 16.1220 -82.7110 
0 6 8.8810 4.3760 126.2220 217.5320 
0 6 10.9070 5.8560 18.5610 -58.5120 
0 6 11.2690 4.8240 -20.8600 28.1410 
0 6 12.5340 6.3100 -17.3400 -64.9880 
0 6 10.7240 4.5340 48.8000 -5.1920 
0 6 10.3270 5.6660 29.2320 -6.2490 
0 6 9.2850 4.8250 50.1240 107.4540 
0 6 10.8940 4.9300 80.4010 30.9180 
0 6 11.3180 4.5300 40.2970 72.6830 
0 6 12.3350 6.5520 20.4240 -70.7030 
0 6 7.8990 5.3710 66.6410 -76.5590 
0 6 12.0000 6.9770 598.0000 -118.0390 
0 6 11.7430 5.2240 47.5580 -11.6500 
0 6 9.2660 4.9110 95.1250 138.9280 
0 6 10.4450 7.8380 38.3810 -127.7290 
0 6 12.2260 6.3320 16.5920 -125.1340 
0 6 14.4540 7.5940 -24.3200 -116.3040 
0 6 11.5520 7.1140 28.2940 -95.9180 
0 6 11.5810 7.0610 -23.3230 -71.2790 
0 6 13.2850 7.8870 -1.9030 -126.4530 
0 6 11.8250 5.9800 27.8400 -38.8060 
0 6 11.5470 5.8910 18.1470 -104.7400 
0 6 12.7540 5.2560 6.4520 -19.7740 
0 6 10.6470 4.5910 140.3090 204.3430 
0 6 7.9350 7.7060 116.3060 -28.9760 
0 6 9.1480 4.0250 65.1850 -5.6760 
0 6 9.5930 5.2170 129.7980 66.9240 
0 6 14.3840 5.3830 -3.8070 -59.1820 
0 6 15.5010 6.5560 11.2960 -82.2520 
0 6 11.8810 8.0020 -4.3830 -145.4840 
0 6 11.3170 4.7540 41.9380 29.4150 
0 6 8.6680 4.4990 75.0750 22.5550 
0 6 8.7390 7.1430 70.0540 -87.8080 
0 6 7.7040 5.5810 139.7660 179.9450 
0 6 8.9550 4.1230 118.5270 319.5860 
0 6 8.8430 5.7930 92.7690 -29.3670 
0 6 10.5250 5.4930 109.5610 56.9630 
0 6 9.4820 6.5080 37.7470 -121.8310 
0 6 12.6580 7.6210 62.3990 -111.9460 
0 6 13.7810 5.3320 -1.5150 -44.2000 
0 6 9.2570 5.4440 53.3920 -39.5350 
0 6 11.0710 6.0080 62.2340 -32.6320 
0 6 7.8050 7.4300 127.8290 10.7760 
0 6 10.0410 6.2440 17.2060 -137.5750 
0 6 12.2310 5.5510 47.2240 -49.7370 
0 6 12.4340 5.0990 16.3260 -86.5370 
0 6 10.6510 5.6430 -3.8240 -121.2480 
0 6 10.6380 6.6820 68.1820 -64.2270 
0 6 10.4720 5.0500 14.5840 -57.9020 
0 6 10.6320 7.2640 7.8820 -114.3000 
0 6 10.9460 6.8310 -34.4560 -137.9340 
0 6 9.6740 6.5040 86.7460 -50.2050 
0 6 13.5190 4.8820 7.7730 -34.2080 
0 6 14.9080 8.6110 -14.5180 -162.3890 
0 6 10.7760 3.7760 23.0440 73.8820 
0 6 10.7820 5.7620 33.0710 -68.2600 
0 6 11.9310 4.6510 79.7530 69.0770 
0 6 10.4130 4.5450 74.0050 -39.4670 
0 6 15.9560 4.5100 -148.2850 233.8250 
0 6 12.2930 5.0020 -53.3170 -61.7060 
0 6 11.8150 6.8780 -8.5270 -121.4440 
0 6 8.6320 6.0320 102.1260 39.1710 
0 6 11.7740 3.7930 59.6400 207.1170 
0 6 8.8780 10.0610 73.2080 -123.5050 
0 6 12.2870 4.9540 12.9090 -18.6080 
0 6 10.3060 4.0320 70.9420 26.5500 
0 6 11.5950 6.1940 67.3710 -38.0300 
0 6 6.6540 6.9430 150.6570 129.9400 
0 6 8.9720 5.2460 38.6870 -73.4350 
0 6 12.6860 5.2590 64.7950 -34.9340 
0 6 12.6900 5.5670 -2.3680 -115.1170 
0 6 10.4080 5.1940 70.9900 -3.5630 
0 6 12.9850 4.4640 -2.3600 2.1750 
0 6 11.8360 5.1560 94.0190 8.2370 
0 6 13.0110 6.3600 6.0990 -124.5460 
0 6 7.0760 4.7160 70.4490 -36.4460 
0 6 11.4150 4.7260 106.1120 175.8010 
0 6 13.9650 5.1410 -129.4380 27.8010 
0 6 10.6880 5.3810 34.2560 -32.6500 
0 6 12.6890 6.8640 3.6520 -125.6150 
0 6 12.3830 7.1520 -60.0000 -103.9250 
0 6 15.3630 6.3600 -65.2750 -65.1840 
0 6 11.1410 5.6190 56.5280 -52.2650 
0 6 9.9990 6.6850 54.9330 -66.0550 
0 6 9.0150 6.6680 25.9460 -125.6680 
0 6 10.7460 6.0010 56.0140 -64.1660 
0 6 10.5250 4.0950 95.8640 149.0930 
0 6 14.0360 4.7610 8.2740 -109.3260 
0 6 11.8850 6.7930 23.1610 -105.9430 
0 6 9.8850 4.9860 86.7200 22.8310 
0 6 9.1830 5.8570 90.3040 29.8160 
0 6 12.0570 5.8530 -3.1930 -70.3660 
0 6 10.3290 6.9900 66.2870 -69.8680 
0 6 12.0520 7.2070 43.7080 -98.4710 
0 6 9.3650 4.1500 108.6120 226.6590 
0 6 11.8850 4.5960 105.9320 120.9650 
0 6 12.9860 7.1870 -16.4650 -124.4500 
0 6 12.4840 7.1160 17.3860 -119.6720 
0 6 12.5070 4.5380 6.5470 65.5480 
0 6 11.7240 3.4960 -103.8030 238.4100 
0 6 11.4630 4.9170 71.5260 4.0810 
0 6 12.2510 6.0090 72.8390 -26.4490 
0 6 10.9800 5.8470 81.7700 21.9560 
0 6 10.4200 7.5230 49.7330 -121.8830 
0 6 12.1270 6.9860 68.0830 -59.1040 
0 6 13.2730 4.9840 44.2240 -17.5980 
0 6 12.3040 4.8680 21.5960 -67.8080 
0 6 7.5030 5.8020 91.8070 39.7980 
0 6 12.5930 4.5300 34.6250 -26.9770 
0 6 8.8860 5.2440 120.3000 134.9280 
0 6 13.6050 7.7440 30.9120 -149.8870 
0 6 10.5320 6.5320 27.8590 -129.0510 
0 6 10.5320 6.5320 27.8590 -129.0510 
0 6 14.4760 7.7820 -55.8560 -125.5080 
0 6 12.8280 4.0790 -42.5660 105.0300 
0 6 11.3620 4.6460 38.6300 -57.7880 
0 6 8.3130 5.9170 85.4970 8.3890 
0 6 13.6050 3.1750 -34.2790 265.2700 
0 6 15.6200 4.1790 -50.1520 45.8030 
0 6 12.3630 6.3970 85.4350 -2.6680 
0 6 12.3670 4.7080 -54.5610 -22.1040 
0 6 10.9910 6.8780 45.2740 -105.0120 
0 6 10.7360 6.2130 22.4360 -81.1100 
0 6 16.8300 4.7280 -126.0580 69.1390 
0 6 13.4310 5.2060 -88.4790 -437.0000 
0 6 14.3960 6.0320 -62.6460 -30.1540 
0 6 8.5110 6.0020 76.6200 -34.8950 
0 6 12.7460 5.6190 5.2480 -83.3540 
0 6 14.0930 4.1540 -71.1660 68.6360 
0 6 11.5760 6.1640 26.1900 -97.5650 
0 6 13.3910 6.5440 -12.2740 -131.8970 
0 6 13.3500 7.3390 13.5530 -121.5330 
0 6 12.9790 5.6490 12.5720 -53.7090 
0 6 10.6750 5.4870 40.3060 -52.3360 
0 6 15.4670 5.5350 -72.7800 -4.3540 
0 6 15.0740 5.9550 5.8580 -85.3900 
0 6 13.4870 4.2240 -25.7580 -38.0170 
0 6 14.3760 5.7170 -103.5880 84.6600 
0 6 11.5230 5.6090 58.7870 -3.7650 
0 6 12.2000 6.7030 27.9490 -111.5130 
0 6 11.0280 7.3390 61.8310 -69.2470 
0 6 10.3120 4.9070 41.4730 40.3460 
0 7 11.8630 6.1200 24.5340 -96.2580 
0 7 13.1770 5.9250 18.4760 -47.2790 
0 7 15.6860 5.6540 -28.0930 -56.9360 
0 7 10.3320 4.3210 -81.8110 -29.6920 
0 7 7.0500 10.0890 94.4040 -86.2640 
0 7 8.8510 5.2630 126.5540 125.7740 
0 7 13.9080 5.2050 25.5840 -22.9860 
0 7 9.6260 6.8150 90.8000 -19.2000 
0 7 15.9340 5.2550 -61.9660 -14.4590 
0 7 10.5990 7.4480 20.9010 -118.4800 
0 7 11.6230 5.6340 59.9280 23.9120 
0 7 12.7910 6.0260 -5.2300 -32.7930 
0 7 11.2710 5.4480 -13.0320 -60.1060 
0 7 12.6870 3.3860 97.8420 144.9350 
0 7 12.9800 4.4850 75.9930 60.5330 
0 7 10.3400 6.5160 23.0090 -98.2270 
0 7 17.2500 9.3070 -54.5130 -142.9440 
0 7 17.6670 7.3620 -96.6130 -56.6750 
0 7 15.5370 7.2480 -46.0460 -127.4190 
0 7 8.1390 6.1350 100.6300 83.0080 
0 7 16.4380 5.6120 -61.0080 9.1700 
0 7 11.9540 5.0470 96.0200 29.0280 
0 7 18.8120 8.9050 -103.8120 -60.5050 
0 7 15.2010 5.5650 -13.4000 -64.7460 
0 7 13.5610 2.9370 -57.0260 201.6920 
0 7 14.2410 5.3560 -27.1610 -31.2630 
0 7 12.8840 5.8390 -24.2630 -37.7700 
0 7 15.2420 6.2590 -54.0460 -83.0210 
0 7 10.4060 5.9010 36.1080 -56.1790 
0 7 9.7400 5.7970 70.2260 -28.3690 
0 7 13.0320 7.7270 -18.6970 -131.6410 
0 7 11.3500 5.7200 -61.8100 -81.3170 
0 7 15.3040 5.0450 -64.7380 -21.6220 
0 7 11.0020 6.8290 36.1480 -77.7480 
0 7 9.2760 6.1960 133.0110 34.7350 
0 7 9.8680 5.2770 113.8910 50.5890 
0 7 16.8840 7.1150 -33.9680 -108.9480 
0 7 13.1960 6.9740 -20.3230 -120.9180 
0 7 18.1820 8.6600 -79.7590 -79.7460 
0 7 11.6360 5.4400 22.0680 -63.4280 
0 7 13.2370 7.4390 1.0720 -121.5840 
0 7 11.2560 4.5380 97.9900 221.9600 
0 7 12.3810 7.8630 -28.6320 -159.9250 
0 7 12.4120 6.5540 -72.7940 -91.2860 
0 7 14.7560 4.1050 -69.8410 44.6660 
0 7 12.2530 5.6650 -23.1380 -78.4580 
0 7 19.4120 6.0960 -123.6300 94.6600 
0 7 14.9660 4.8990 -79.5210 54.1530 
0 7 15.8850 8.2530 -59.2000 -101.2860 
0 7 16.3390 3.2570 -41.6520 227.9300 
0 7 12.2320 5.0480 8.1080 -81.7080 
0 7 12.3670 3.0800 110.1650 279.6400 
0 7 14.9770 4.8760 -5.1110 -122.8650 
0 7 13.9260 5.3210 -48.3090 -11.5860 
0 7 14.2840 6.9780 -22.6030 -107.1020 
0 7 12.7200 5.2700 53.4580 -12.2980 
0 7 11.4300 8.0630 26.3340 -110.4600 
0 7 11.2710 5.5800 14.2520 -58.7010 
0 7 11.2700 4.4270 95.2750 56.6870 
0 7 11.7090 6.1310 -40.8780 -102.6530 
0 7 13.8730 5.9390 32.5810 -2.1500 
0 7 13.0790 6.2650 22.7480 -123.8390 
0 7 8.6230 5.9580 70.4530 -37.1290 
0 7 18.0640 6.5040 -79.3240 -15.1720 
0 7 14.8210 6.1140 -56.6810 -80.9190 
0 7 8.7420 3.2830 117.9680 304.9590 
0 7 11.2180 5.8500 -8.8260 -113.8910 
0 7 14.7830 4.6800 -32.9920 29.2490 
0 7 16.9780 6.1260 13.3600 -154.1480 
0 7 10.8690 5.2440 -2.3490 -93.6520 
0 7 17.9930 7.1760 -62.5120 -110.9370 
0 7 10.7700 4.1200 9.7780 -39.9090 
0 7 9.4600 5.9090 97.0050 30.7980 
0 7 14.7390 6.6120 -95.7710 -50.2690 
0 7 15.0650 4.0160 -29.1340 109.5020 
0 7 16.0680 8.0780 -83.6680 -74.8300 
0 7 14.2820 5.9030 -2.6460 -71.5990 
0 7 13.8130 7.2500 -33.9050 -61.8490 
0 7 14.7670 6.7230 -54.5150 -131.7650 
0 7 16.3360 6.2410 -91.6110 -35.8790 
0 7 11.6290 8.4130 52.8720 -131.0390 
0 7 14.4700 4.8240 -63.3560 87.4080 
0 7 17.1920 4.0620 -124.6900 125.3710 
0 7 14.3550 6.8240 13.7090 -96.2280 
0 7 14.5380 6.0530 -5.2620 -113.1090 
0 7 9.5930 7.7210 72.6210 -84.2280 
0 7 14.7950 5.6920 -91.5730 -16.9010 
0 7 12.5280 4.7820 -12.9490 14.0040 
0 7 14.8650 5.2040 9.6390 -114.3070 
0 7 8.0580 4.4300 199.1720 439.7410 
0 7 15.1380 4.1190 -27.0460 47.1490 
0 7 9.5710 4.8070 70.9210 23.6040 
0 7 12.6690 6.8190 30.6420 -126.0130 
0 7 12.9620 5.6810 25.3080 -47.3410 
0 7 14.1000 6.3760 -38.1520 -70.3870 
0 7 14.0900 4.8710 53.8520 -70.2380 
0 7 18.9860 3.6380 -146.8070 291.7130 
0 7 8.7240 7.1810 74.9800 -62.1650 
0 7 11.6360 5.2340 129.2430 102.8980 
0 7 12.1180 4.5820 -28.7480 -15.9910 
0 7 11.6520 7.3520 21.9570 -108.3200 
0 7 14.0280 8.2380 -33.6820 -125.2330 
0 7 7.8700 7.1760 73.9920 -61.8150 
0 7 12.6290 3.8260 82.8550 26.9110 
0 7 7.7450 3.8710 53.3580 52.2000 
0 7 13.5810 6.1430 -3.9590 -56.4440 
0 7 13.8350 8.1890 -4.6550 -155.7870 
0 7 16.9180 5.1970 -59.5430 -52.1250 
0 7 15.4040 6.0000 -61.0540 -10.4200 
0 7 12.2550 6.5960 -49.8700 -68.6060 
0 7 14.8840 6.4150 -45.4650 -72.9890 
0 7 11.7320 6.4140 36.9210 -46.6040 
0 7 15.6160 5.1540 -14.6600 -19.7550 
0 7 13.4110 4.1250 -78.6730 24.2850 
0 7 12.7660 5.4380 3.5430 -82.4560 
0 7 11.9610 4.7260 17.5420 -97.9070 
0 7 12.1600 4.6100 11.9460 -101.2520 
0 7 13.4480 5.2370 41.5230 -86.5180 
0 7 11.3550 6.9070 37.0900 -113.7720 
0 7 8.1160 5.8670 143.4420 91.6040 
0 7 12.3030 4.9270 -2.6900 62.3360 
0 7 10.7750 3.6050 -19.0610 -47.5530 
0 7 10.8210 5.0330 -8.8930 -96.5280 
0 7 8.8940 5.1440 149.4330 121.3840 
0 7 14.9960 8.5020 -30.0620 -167.0360 
0 7 14.8580 5.5930 -83.3760 86.1530 
0 7 10.9820 5.8820 21.2650 -3.0690 
0 7 7.5240 4.6350 193.5670 419.7730 
0 7 12.8560 4.6400 59.8910 -13.3110 
0 7 15.1850 5.6800 -88.4920 2.3260 
0 7 11.8240 4.7810 26.4980 -59.2880 
0 7 11.7330 5.2580 16.9350 -90.4020 
0 7 11.8150 3.6120 60.2540 214.4860 
0 7 11.1440 4.3330 45.5180 -36.4110 
0 7 15.2830 5.3120 -70.5790 15.5580 
0 7 11.4450 6.1870 2.5740 -153.1470 
0 7 14.8100 4.2590 -29.1990 84.4900 
0 7 11.7270 5.2450 29.0320 -114.2210 
0 7 16.9920 6.3990 -75.0320 -54.7920 
0 7 10.6510 6.4980 19.7460 -31.1920 
0 7 13.7510 4.0210 54.7260 317.5590 
0 7 13.0510 6.1250 4.7600 -94.5300 
0 7 13.0510 6.1250 4.7600 -94.5300 
0 7 9.6030 6.1220 128.3150 44.8770 
0 7 14.7020 7.0650 -23.8720 -95.3530 
0 7 7.6170 6.6190 127.2140 87.2580 
0 7 12.4080 7.7080 17.7090 -144.0210 
0 7 13.1360 4.2380 45.1800 124.4820 
0 7 11.9530 6.6640 38.3540 -90.9770 
0 7 15.9020 4.4910 -77.3170 83.3120 
0 7 11.6340 5.0040 136.8500 124.0750 
0 7 9.9960 4.3410 107.5160 109.9520 
0 7 13.4720 5.9670 -19.1350 -63.5110 
0 7 7.9820 6.3340 95.3700 25.2540 
0 7 11.7720 4.5940 93.7380 148.4020 
0 7 8.1550 5.5580 45.7550 -84.9930 
0 7 14.1980 6.4210 -34.8670 -80.6460 
0 7 9.0810 4.4700 132.4450 188.4380 
0 7 11.4470 6.0770 63.0120 -57.9410 
0 7 19.3960 3.1910 -152.1590 326.1150 
0 7 10.2260 6.0140 28.7550 -105.2610 
0 7 12.1470 7.2760 16.1170 -92.1750 
0 7 15.0280 3.9780 62.0010 6.0610 
0 7 12.1910 4.9780 63.2700 19.0090 
0 7 15.2030 4.4490 -95.9830 12.4840 
0 7 21.4670 7.3380 -166.6550 120.8680 
0 7 15.4280 6.1460 -48.3310 -84.5310 
0 7 16.0260 5.7180 3.8990 -123.3860 
0 7 20.5530 8.9100 -149.6680 50.0060 
0 7 14.8250 7.0920 -52.5040 -86.4400 
0 7 15.2220 3.9650 38.8120 198.6150 
0 7 12.9240 4.6190 -97.1190 66.5190 
0 7 16.0450 5.5050 -93.1260 8.1270 
0 7 13.2630 5.3010 43.1490 -28.6890 
0 7 13.4080 3.9230 -39.8820 104.4110 
0 7 15.0370 5.1030 4.6940 -48.5190 
0 7 18.4560 8.6680 -78.8600 -93.4670 
0 7 12.5700 5.5900 56.5290 -45.2290 
0 7 12.2850 3.6630 25.4470 118.5460 
0 7 11.0340 6.5600 46.6190 -36.8210 
0 7 13.3290 5.9360 7.5480 -57.4230 
0 7 8.3170 6.6330 136.4590 46.6620 
0 7 14.1620 5.6120 -3.2460 -63.4690 
0 7 4.8770 6.2460 186.8570 242.9900 
0 7 16.7710 6.5270 -58.9280 -80.3740 
0 7 10.4490 6.3990 61.7700 2.7220 
0 7 12.2390 3.9120 -65.6850 30.8440 
0 7 9.0680 5.2900 132.7960 50.6230 
0 7 7.0760 5.7680 71.1590 -54.5340 
0 7 16.1950 7.3180 -72.2860 -92.1090 
0 7 13.7430 5.6390 -89.6210 4.6750 
0 7 11.8620 4.6190 9.9200 65.8460 
0 7 16.7300 7.0920 -84.3010 -49.5610 
0 7 14.9210 7.0640 -24.8920 -96.8130 
0 7 12.7290 7.3310 -31.9710 -103.5050 
0 7 11.8770 5.1170 15.4690 -74.8970 
0 7 8.6190 5.2750 65.4670 -36.7670 
0 7 12.9710 4.8620 -7.4090 -125.7420 
0 7 16.1430 3.4100 -104.7700 335.1650 
0 7 9.6160 6.4720 59.5500 -18.0430 
0 7 11.0950 5.4390 158.0000 -57.4680 
0 7 14.9000 4.4630 -13.1580 110.1250 
0 7 15.9760 7.6070 -51.4930 -95.3080 
0 7 20.0400 2.5470 -120.4280 541.3150 
0 7 18.4550 5.0280 -73.5950 -55.8070 
0 7 13.1990 5.1690 51.0990 -12.5060 
0 7 10.2750 6.6630 35.0230 -78.1010 
0 7 16.8690 4.3260 -54.5320 18.1190 
0 7 13.2700 6.0290 43.0200 -70.4640 
0 7 15.3510 5.0460 -89.2740 -24.0450 
0 7 12.9630 6.2150 2.9550 -111.2310 
0 7 18.9070 7.8510 -121.0740 36.2200 
0 7 11.9640 7.0940 30.0240 -106.6250 
0 7 12.9630 4.8270 54.6430 17.9830 
0 7 13.1500 4.4830 -32.8380 -26.6490 
0 7 12.0970 4.5500 -2.8850 -93.6090 
0 7 17.8910 4.6900 -179.5500 264.4790 
0 7 12.1580 6.1280 34.1810 -114.6510 
0 7 10.1950 4.5970 -6.1440 582.0000 
0 7 13.1800 4.6060 -27.1840 -47.4710 
0 7 9.7850 4.8460 68.9150 12.2740 
0 7 14.7470 4.3810 -87.2890 45.9200 
0 7 13.4660 4.0270 -34.2910 99.1360 
0 7 9.5090 5.3650 101.4010 52.2830 
0 7 9.7170 4.3370 128.4880 220.3010 
0 7 11.1180 6.4060 52.0750 -72.6970 
0 7 20.8470 7.6230 -139.5460 41.1790 
0 7 15.8470 7.5430 -33.5560 -108.4680 
0 7 14.5360 4.8780 -868.0000 -66.1130 
0 7 13.1270 5.0990 38.7940 -109.8860 
0 7 16.6780 4.7810 -122.4680 108.5030 
0 7 17.1010 3.6260 -195.7990 575.6280 
0 7 20.1990 3.2130 -132.4250 354.3870 
0 7 14.2050 5.9590 -94.6320 3.5340 
0 7 11.1660 5.4180 48.1240 -112.1680 
0 7 12.7370 4.2770 -112.9280 62.6580 
0 7 9.8830 5.2000 1.4840 -107.7800 
0 7 10.9350 6.7210 64.9110 -71.2420 
0 7 11.5250 7.9740 26.2100 -129.4050 
0 7 9.5730 7.6490 46.9690 -104.6920 
0 7 10.6770 6.4400 42.8780 -58.6350 
0 7 11.1020 7.6560 58.0840 -101.8820 
0 7 12.6820 7.5620 -5.7560 -136.3770 
0 7 12.4510 4.3480 -30.2900 -9.9280 
0 7 9.6810 6.0190 85.8920 6.2260 
0 7 16.7320 6.7100 -60.0170 -45.6980 
0 7 14.3710 5.0350 -82.6270 11.2560 
0 7 10.5770 6.9020 12.5300 -119.5720 
0 7 11.7970 7.6860 31.0780 -114.0450 
0 7 10.2710 5.0410 29.7870 -66.4500 
0 7 15.6070 4.5870 -58.5840 -15.9400 
0 7 10.6880 7.6330 25.0150 -126.2050 
0 7 11.3560 7.0180 23.1740 -122.5920 
0 7 12.6390 5.6350 43.3270 -55.6860 
0 7 7.0810 5.6870 100.9530 107.0840 
0 7 13.2380 7.7720 36.9490 -131.3390 
0 7 20.0410 2.5010 -105.1780 428.6480 
0 7 13.8940 7.4570 -18.3070 -112.6370 
0 7 13.9240 8.5660 -28.0760 -155.6190 
0 7 11.9310 4.7240 -10.9500 -82.0860 
0 7 9.7360 6.5470 53.1930 -48.4590 
0 7 8.8260 5.2580 92.6200 51.9300 
0 7 13.3250 5.6410 -16.7980 -58.1150 
0 7 10.8750 7.1490 67.6450 -64.3600 
0 7 9.2050 7.0550 58.8500 -98.8460 
0 7 8.6860 5.3070 83.6240 2.9300 
0 7 11.3330 6.2640 56.0760 -90.7790 
0 7 11.8230 5.8070 -15.5560 -128.7380 
0 7 15.1360 5.4360 -98.2190 -22.0690 
0 7 10.1780 3.9850 5.8680 -60.0020 
0 7 8.1720 7.1430 93.7470 -30.7400 
0 7 13.8390 3.3180 -53.6220 321.3920 
0 7 13.8610 4.6200 -63.2280 -59.1970 
0 7 13.6190 7.3350 -14.3780 -158.7390 
0 7 12.2620 7.7040 6.5440 -123.8170 
0 7 11.2390 6.2010 67.0040 -91.3520 
0 7 9.8890 7.2670 37.9320 -127.5640 
0 7 15.5660 5.8160 -89.3100 10.5260 
0 7 14.2690 7.2560 -37.8520 -147.3780 
0 7 11.4650 7.8890 29.5090 -129.2730 
0 7 9.4500 5.5660 38.0960 -53.7320 
0 7 14.9460 7.6850 8.8780 -162.9590 
0 7 11.5980 5.5290 -2.8800 -115.7870 
0 7 17.3260 4.7050 -87.7900 78.1510 
0 7 14.5470 7.0490 -30.2130 -124.7880 
0 7 17.4790 4.8280 -115.6210 157.4230 
0 7 6.0310 5.8080 163.9340 218.8390 
0 7 6.4830 6.4090 136.2590 101.0370 
0 7 10.4520 5.2500 -5.7050 -132.6750 
0 7 11.0210 6.7900 13.7090 -120.3790 
0 7 19.7630 4.9040 -265.8370 632.8240 
0 7 10.3830 5.5460 53.0770 -63.7790 
0 7 13.6970 5.8990 -2.2910 -50.9350 
0 7 15.3270 4.7330 -82.3990 96.2780 
0 7 9.2700 8.0510 72.8350 -86.9840 
0 7 5.6130 4.7380 213.2420 468.6370 
0 7 11.7380 4.3680 86.0220 203.5800 
0 7 12.4770 3.3850 433.0000 130.6090 
0 7 11.1150 7.0230 66.6300 -80.8920 
0 7 12.6820 4.4020 -8.0370 -79.5660 
0 7 16.0250 3.8780 -2.5030 108.9870 
0 7 9.5330 5.1580 60.8990 -42.1740 
0 7 15.2660 2.5360 -51.5870 219.0980 
0 7 14.8900 6.0640 -42.6070 -67.8880 
0 7 5.0540 5.9500 189.9990 294.7990 
0 7 9.7620 6.2150 61.1740 -13.7250 
0 7 16.4880 7.9880 -22.2530 -155.0890 
0 7 10.4890 8.2220 37.0340 -135.8360 
0 7 13.6520 5.8250 -2.1150 -129.1250 
0 7 13.0660 6.0190 5.7120 -95.8980 
0 7 8.4500 4.7530 127.2970 188.7700 
0 7 17.2580 5.8350 -100.0720 44.7130 
0 7 12.1420 8.0800 29.1010 -127.9420 
0 7 10.4620 4.8870 48.3260 -5.0220 
0 7 10.5760 8.1220 54.9490 -120.7390 
0 7 19.5890 7.9960 -99.2820 -53.6110 
0 7 18.8410 5.3590 -86.2360 -3.5730 
0 7 11.8720 5.1610 37.3820 -3.0050 
0 7 15.1410 5.2350 -108.7000 58.5690 
0 7 14.2620 6.0930 7.1220 -122.9430 
0 7 16.9800 3.6730 -90.3340 218.0470 
0 7 15.2160 6.2520 -54.7360 -77.6500 
0 7 17.2760 8.5140 -56.7150 -123.2890 
0 7 13.9900 5.4600 1.8770 -53.0870 
0 7 16.7350 6.2540 -25.3940 -69.7290 
0 7 8.7820 5.0990 89.9060 75.9970 
0 7 12.9550 2.7510 93.8630 480.8650 
0 7 7.9490 4.1030 146.6170 304.9240 
0 7 12.7900 2.9710 -31.5960 452.6530 
0 7 11.7180 8.7070 51.8390 -135.5470 
0 7 14.5180 7.2370 -55.6650 -89.3050 
0 7 13.3060 5.5300 -15.2290 -22.1260 
0 7 13.1490 4.5210 -7.6760 63.4700 
0 7 19.8850 4.3320 -163.9970 188.6450 
0 7 12.9750 4.7870 -72.6590 -23.0600 
0 7 11.8360 3.6870 131.8560 307.3290 
0 7 12.5630 6.6960 13.9990 -102.7320 
0 7 13.0670 4.2120 -8.4920 166.9280 
0 7 14.5310 8.1750 -15.1990 -151.7800 
0 7 16.7570 5.3500 -33.4930 -47.1540 
0 7 8.5650 6.9190 90.4580 -34.9610 
0 7 10.7170 3.4190 13.3330 -26.9890 
0 7 12.1670 6.1280 61.2630 -32.7020 
0 7 15.9460 5.8980 -61.9020 -86.7200 
0 7 5.6120 6.4330 145.1780 127.8240 
0 7 7.6970 6.7600 127.2890 53.6430 
0 7 10.3460 5.0710 -34.9670 -122.8260 
0 7 11.1120 7.4970 86.5450 -63.0160 
0 7 15.6180 4.5620 -78.2090 83.4830 
0 7 17.1840 5.2980 -72.7970 79.7540 
0 7 9.9990 4.5870 51.3370 4.6340 
0 7 12.2770 4.8720 -25.8680 -51.7700 
0 7 13.1700 7.2080 50.8690 -76.8140 
0 7 12.0370 5.3090 49.9020 -60.1290 
0 7 7.0660 5.3450 205.6570 339.6630 
0 7 12.2070 5.7840 67.2200 -56.2750 
0 7 19.8750 3.9850 -251.7210 697.5920 
0 7 13.1470 5.0580 26.4930 -40.1910 
0 7 13.1860 5.0020 -31.0070 -16.4470 
0 7 15.8420 5.5920 -137.8170 106.5030 
0 7 11.3390 5.9520 4.4420 -90.4450 
0 7 14.6350 6.6220 -51.0560 -128.9060 
0 7 9.9990 6.3260 26.3590 -106.9650 
0 7 15.6900 5.2880 -61.6090 -20.2790 
0 7 14.8070 5.3140 -75.6630 -23.9020 
0 7 11.8780 4.9820 -24.9130 -27.0750 
0 8 8.4950 4.5490 101.4830 113.5770 
0 8 9.6270 5.6100 70.4520 -14.8720 
0 8 7.6010 5.6080 112.8790 45.5210 
0 8 13.4070 5.5710 31.3710 -94.3860 
0 8 11.3520 4.8670 67.4240 37.5600 
0 8 5.6430 5.3870 107.5780 77.9060 
0 8 11.5030 5.5100 11.3980 -72.9400 
0 8 8.9850 6.0410 105.9600 21.8730 
0 8 10.4720 6.4560 37.8450 -100.3590 
0 8 9.6100 5.3530 93.0940 81.0910 
0 8 19.5730 7.4280 -65.8990 -133.3170 
0 8 12.0950 5.2000 53.2350 -85.7750 
0 8 10.7210 4.9120 108.9120 157.2020 
0 8 8.2070 5.5070 52.6260 -44.5560 
0 8 14.9320 6.5660 -36.4660 -109.0710 
0 8 6.5100 4.0760 110.1700 126.3070 
0 8 14.4670 4.5390 -45.8720 35.2930 
0 8 11.5030 5.6780 24.9290 -39.0190 
0 8 11.6960 7.3540 5.4420 -88.9950 
0 8 9.9650 4.8950 11.5070 -65.8340 
0 8 10.1320 4.1260 -21.0760 -47.3740 
0 8 7.3850 4.4590 74.2410 33.3910 
0 8 11.4580 6.0630 69.3470 -55.8230 
0 8 13.5580 4.2220 -7.7340 -58.9860 
0 8 7.9480 4.6590 133.5610 198.9260 
0 8 13.8290 3.5380 68.8660 91.4340 
0 8 10.0290 2.2630 -17.4860 355.2860 
0 8 9.3170 6.0370 91.1630 -4.6040 
0 8 12.4910 4.3310 14.0320 -75.8200 
0 8 9.8030 4.9050 13.8440 -89.6170 
0 8 10.7400 4.8520 21.0590 -66.8960 
0 8 11.3790 6.5140 -6.2970 -124.3660 
0 8 12.8360 4.1060 40.6410 -49.8160 
0 8 12.2390 6.4560 -19.2380 -87.9650 
0 8 10.4920 4.2850 72.6560 103.9230 
0 8 11.7100 6.9840 38.2850 -94.8920 
0 8 10.3290 4.8030 72.7680 10.9240 
0 8 14.0310 6.2480 -7.5350 -85.1800 
0 8 12.0910 3.7150 -910.0000 -16.6390 
0 8 11.1820 5.7210 -6.3830 -104.5760 
0 8 7.1870 6.6790 106.0180 -6.3320 
0 8 11.5400 4.8160 -20.6700 -89.2190 
0 8 22.1670 4.8770 -179.9750 247.1730 
0 8 7.0160 3.2680 120.5640 104.7700 
0 8 11.0340 4.2000 69.1660 62.8630 
0 8 13.8100 4.3260 -12.6770 -77.0960 
0 8 9.9560 8.2700 90.2540 -62.3620 
0 8 13.4660 5.0310 16.0750 -47.3330 
0 8 13.4660 5.0310 16.0750 -47.3330 
0 8 12.6510 5.3470 11.1270 -1.4790 
0 8 10.1170 5.8120 53.9060 -16.7530 
0 8 21.7120 5.4260 -162.6950 147.9950 
0 8 8.2740 4.3390 34.6310 -5.7960 
0 8 9.7870 4.7440 69.6870 -9.5490 
0 8 11.9380 5.2370 -14.0440 -146.9550 
0 8 10.9030 5.3650 25.5590 -54.5840 
0 8 9.1460 5.9470 75.7570 -5.1180 
0 8 12.5730 5.6710 -19.4250 -98.6890 
0 8 8.7200 5.6890 60.0210 16.3880 
0 8 10.2550 5.6000 84.3630 28.1990 
0 8 13.9250 5.5360 5.7150 -106.9200 
0 8 10.6420 5.6540 49.1210 -46.1260 
0 8 11.3680 4.4610 839.0000 -53.9320 
0 8 7.7540 5.7500 73.8930 -36.8540 
0 8 12.5810 7.1430 58.5140 -82.4070 
0 8 13.7440 6.8350 -23.2780 -120.5940 
0 8 12.8350 5.6230 -3.8430 -50.0910 
0 8 12.6500 4.4520 -14.1230 -78.8300 
0 8 9.8480 3.1680 150.8630 515.5310 
0 8 10.3560 9.2630 20.0240 -184.5110 
0 8 10.5290 7.8560 87.4420 -53.7680 
0 8 10.4860 6.4320 19.9510 -90.3480 
0 8 11.3010 4.1420 25.8910 -59.6130 
0 8 10.0140 4.9090 2.6690 -64.0590 
0 8 11.7970 5.2030 96.8300 36.6360 
0 8 9.3030 4.1880 102.3910 93.1810 
0 8 10.7180 5.1720 69.9050 -33.9390 
0 8 8.2040 5.2270 91.9000 -25.7610 
0 8 12.4870 3.9950 -58.3010 18.8030 
0 8 14.5430 8.5570 -6.7660 -138.1790 
0 8 10.7180 5.1720 69.9050 -33.9390 
0 8 5.2050 3.6970 79.5860 59.2100 
0 8 11.2000 5.8500 81.7000 74.3680 
0 8 13.3840 5.2830 -11.8510 -44.8520 
0 8 22.9510 6.4510 -243.1840 444.2050 
0 8 7.0780 6.5190 176.8220 226.3490 
0 8 7.2390 6.0930 111.1850 49.2190 
0 8 13.4540 4.9900 -17.1100 -44.6790 
0 8 8.8940 6.9260 64.6570 -79.9630 
0 8 12.0620 4.6990 -15.8080 -51.1000 
0 8 12.1910 7.1270 -7.5020 -146.9280 
0 8 6.7230 6.9110 119.6480 6.4430 
0 8 9.9970 6.6860 15.4510 -105.0960 
0 8 13.4550 3.5270 -23.1350 16.3990 
0 8 8.9420 4.5290 -5.6090 -119.3200 
0 8 10.0260 6.1260 89.5090 11.6490 
0 8 8.2390 5.6080 69.7920 -47.4460 
0 8 11.9800 5.0380 13.3250 -13.5160 
0 8 13.2700 7.2260 26.7370 -120.4880 
0 8 12.0030 4.9740 33.0170 -60.4790 
0 8 10.9550 6.8950 71.7370 -72.7070 
0 8 11.6550 4.9900 -4.8960 -47.7150 
0 8 10.5470 4.5560 34.3810 26.7990 
0 8 11.5690 5.2520 -17.3850 -74.1280 
0 8 10.7660 5.6170 44.0810 -36.1700 
0 8 9.7210 5.7300 74.5820 -4.5770 
0 8 15.5100 5.9330 -8.9630 -104.7490 
0 8 9.7210 5.7300 74.5820 -4.5770 
0 8 18.0470 9.3520 -84.8420 -105.2000 
0 8 5.8070 5.4910 123.1260 101.6480 
0 8 12.0280 5.5380 7.0940 -83.2640 
0 8 13.7330 7.1180 -27.6260 -151.1480 
0 8 5.6490 3.2580 169.5180 529.9740 
0 8 7.9050 6.5000 135.4790 104.8940 
0 8 14.9200 3.8360 73.5390 34.2740 
0 8 8.0920 5.8550 135.2070 103.2610 
0 8 11.3560 4.8660 14.2120 -99.1420 
0 8 14.0830 6.1210 11.1730 -100.5120 
0 8 10.1100 6.2680 14.4290 -111.7010 
0 8 8.1600 5.3980 118.1810 99.1810 
0 8 9.3070 7.0970 44.9930 -96.7390 
0 8 14.1900 3.4990 -1.3740 -98.3540 
0 8 10.4620 6.0180 98.8950 44.3590 
0 8 13.3900 3.2510 -7.2420 72.9070 
0 8 10.4790 6.5730 32.7480 -88.1320 
0 8 14.6070 5.3380 -63.0660 -33.9000 
0 8 10.7720 4.9880 49.7530 -54.9870 
0 8 9.4710 5.7980 79.2270 -7.7300 
0 8 10.1460 5.0650 25.7050 -141.9060 
0 8 13.8160 6.3250 -28.5920 -105.7940 
0 8 9.1990 7.0300 46.1410 -77.9420 
0 8 10.4440 4.4500 48.9410 -60.2520 
0 8 11.9850 6.6600 1.7590 -104.8920 
0 8 14.6210 7.0690 33.6250 -130.7630 
0 8 12.3530 3.4690 -30.2160 31.0380 
0 8 7.3780 4.7060 109.6560 66.7810 
0 8 7.3160 3.8230 190.5400 444.0790 
0 8 9.3650 5.7060 -24.7230 -106.3780 
0 8 10.7620 5.5960 2.5470 -112.1430 
0 8 6.5800 3.0960 149.4070 310.6470 
0 8 13.6460 6.4970 54.7770 -98.7230 
0 8 10.0470 5.8910 67.7590 -26.9300 
0 8 15.0070 5.6660 -10.5210 -87.4630 
0 8 11.6830 5.6590 -4.7360 -60.5870 
0 8 14.0490 7.5130 67.9820 -123.5300 
0 8 8.4040 4.3600 118.1650 182.6940 
0 8 9.6290 5.9230 54.5890 -59.3410 
0 8 12.1370 6.5610 34.0230 -93.1110 
0 8 11.3600 6.4420 19.3970 -94.5250 
0 8 13.6960 6.3570 28.5560 -85.2910 
0 8 11.1470 6.7770 33.1440 -76.5750 
0 8 13.9760 5.3000 -21.4340 -74.8420 
0 8 7.2780 4.7030 118.0110 146.9040 
0 8 13.1080 6.2770 -34.1330 -102.1830 
0 8 12.8800 4.5950 27.4890 -65.8090 
0 8 12.1690 5.9500 48.9080 -38.5030 
0 9 10.8070 6.4690 5.0660 -143.3520 
0 9 20.5380 6.8370 -87.9990 -91.6670 
0 9 20.7570 6.2390 -141.9200 108.8890 
0 9 19.6830 7.2390 -108.6950 -2.9450 
0 9 19.0330 8.4720 -115.7810 -12.2590 
0 9 9.5550 6.0110 52.4660 -102.3890 
0 9 20.3190 6.6320 -122.1110 34.4400 
0 9 18.6570 8.8100 -102.1740 -54.6680 
0 9 19.2690 8.0310 -112.6260 -13.4480 
0 9 20.2810 6.4020 -115.8350 42.4630 
0 9 20.0870 6.9120 -121.7840 38.0320 
0 9 19.1060 8.0450 -102.4160 -39.5870 
0 9 19.6250 7.6010 -124.6840 36.7560 
0 9 19.5590 7.2700 -99.7200 -29.5600 
0 9 19.0590 8.2300 -108.1210 -27.3770 
0 9 18.6400 8.7810 -105.4350 -42.1940 
0 9 12.5080 7.1450 8.1190 -111.3570 
0 9 20.6900 6.5950 -166.0480 207.9170 
0 9 20.2480 6.6220 -116.1450 19.4050 
0 9 20.1380 6.5140 -95.2140 -50.7160 
0 9 17.0770 8.9280 -50.0650 -143.1970 
0 9 20.1610 6.7340 -117.3430 26.8830 
0 9 20.7110 6.1010 -129.6710 82.3500 
0 9 18.3620 8.8060 -88.8580 -80.2540 
0 9 20.3800 6.3220 -129.2650 98.5550 
0 9 19.4040 7.6400 -111.8920 -333.0000 
0 9 18.4310 8.7890 -93.2930 -69.9400 
0 9 16.6480 10.0330 -52.3430 -151.6170 
0 9 19.3960 7.4060 -99.8420 -20.0170 
0 9 20.9870 5.8390 -160.1240 230.7320 
0 9 20.4220 6.8580 -152.3750 136.3990 
0 9 20.0280 6.8990 -121.1360 41.5900 
0 9 20.0850 7.1890 -136.2920 69.1610 
0 9 18.8930 8.2090 -89.3260 -91.6830 
0 9 20.4810 6.9630 -157.8280 148.6720 
0 9 20.3600 6.4470 -128.9560 89.6320 
0 9 20.3410 6.7180 -133.6710 78.2900 
0 9 19.3190 8.1590 -117.3220 -10.0310 
0 9 11.4520 6.7870 79.4610 -72.2760 
0 9 20.5700 4.8910 -122.9870 186.8150 
0 9 15.5470 5.2240 -95.6150 53.1280 
0 9 16.0680 8.5530 -11.7330 -161.4180 
0 9 20.7530 5.9000 -123.0390 67.4260 
0 9 19.9520 7.0390 -112.9770 -2.4460 
0 9 18.6740 8.6980 -100.0590 -56.2180 
0 9 19.7010 7.3790 -116.9640 16.6230 
0 9 11.9590 5.3410 -52.9800 -94.5940 
0 9 14.0610 5.4280 -69.3490 -27.9850 
0 9 14.0610 5.4280 -69.3490 -27.9850 
0 9 11.8160 4.1610 -36.4240 -82.7540 
0 9 12.8570 4.5210 -18.5680 -90.8410 
0 9 19.5540 8.1930 -109.6270 -19.8650 
0 9 21.9280 4.7130 -193.8680 379.0090 
0 9 8.9930 9.5270 53.3670 -139.7490 
0 9 10.5910 7.3720 -13.5450 -149.5210 
0 9 20.2630 7.3260 -149.1930 103.7600 
0 9 15.4910 7.3400 -4.7850 -150.0270 
0 9 18.9870 8.3230 -108.4520 -26.0610 
0 9 19.2360 8.2380 -118.6420 -1.3840 
0 9 19.8330 7.3910 -119.5200 11.3150 
0 9 19.1580 8.0430 -88.8060 -93.3800 
0 9 20.1630 7.0500 -126.4440 34.4860 
0 9 19.9090 7.2790 -124.9700 35.9430 
0 9 19.8390 7.1820 -111.7380 -2.5480 
0 9 19.5540 7.8480 -125.6960 28.4950 
0 9 18.3540 9.0710 -95.1830 -73.6200 
0 9 19.0780 8.1920 -104.6300 -36.0610 
0 9 13.2040 3.9120 -102.3110 163.6050 
0 9 20.8280 6.2240 -155.9340 179.5350 
0 9 20.3020 6.8290 -139.8080 110.2490 
0 9 20.3950 6.8590 -144.8220 112.4540 
0 9 20.0230 7.3720 -137.7440 72.1820 
0 9 6.5720 4.4790 88.5320 15.6070 
0 9 19.5490 7.8380 -120.2950 12.2440 
0 9 10.2590 6.7490 65.7230 -72.2150 
0 9 11.6960 5.9900 55.9390 -78.6470 
0 9 13.3240 6.9000 -33.1010 -126.7870 
0 9 15.1420 7.7870 28.6760 -154.7740 
0 9 16.7740 5.0610 -61.1150 -42.6660 
0 9 18.3850 3.9350 5.0140 -83.4750 
0 9 13.3050 4.5250 -24.8540 -36.7950 
0 9 20.2470 5.1420 -43.4440 -84.7230 
0 9 11.4760 6.2050 57.7090 -69.6520 
0 9 16.6430 6.5520 -58.0830 -110.1240 
0 9 18.0650 8.7830 -68.2580 -120.7160 
0 9 11.5250 5.1910 15.9820 -90.9200 
0 9 14.1830 4.4180 -49.3600 22.8490 
0 9 21.5710 6.6620 -139.8480 26.1510 
0 9 23.9840 4.3680 -295.1430 747.9060 
0 9 22.7550 5.4670 -229.7930 458.3250 
0 9 9.4530 8.4710 81.8550 -71.6170 
0 9 13.7670 8.0460 26.5110 -127.8890 
0 9 12.0460 4.3990 -73.8720 -30.0690 
0 9 20.0760 7.2210 -144.8350 113.2060 
0 9 19.9070 7.3880 -125.4300 33.0940 
0 9 20.4750 6.0130 -102.1020 -6.0790 
0 9 16.4580 8.1310 -41.1900 -122.2560 
0 9 20.9410 6.4770 -172.7820 225.7560 
0 9 10.2660 5.4970 63.2060 -6.9420 
0 9 20.0430 5.7810 -142.4100 144.9950 
0 9 20.4230 6.7910 -139.6330 89.2510 
0 9 19.4440 5.9950 -74.7770 -60.4510 
0 9 17.4490 7.2240 -41.4040 -125.5430 
0 9 18.5260 8.7660 -98.5750 -56.3250 
0 9 13.4380 5.7200 -28.1730 -95.2750 
0 9 17.0460 6.8460 -85.6490 -46.0850 
0 9 22.7950 4.3210 -189.7740 306.4790 
0 9 21.6950 6.3710 -193.1530 296.7210 
0 9 21.3440 7.2270 -171.9160 157.6380 
0 9 10.1740 6.3570 225.0000 -79.4500 
0 9 9.0130 7.1080 2.2190 -161.2790 
0 9 16.5710 7.3510 -77.5850 -77.9020 
0 9 13.8470 6.4740 -34.2700 -99.2710 
0 9 11.7190 4.2220 13.5540 -59.1430 
0 9 11.2390 5.0270 34.6280 -45.2880 
0 9 9.8530 6.0730 85.3690 5.8340 
0 9 10.6310 5.0160 -11.2940 -101.4870 
0 9 13.3970 7.4410 7.1260 -127.8500 
0 9 21.6970 7.3480 -153.4680 54.3680 
0 9 20.8470 6.5060 -165.1080 190.3840 
0 9 17.7190 4.0390 -15.2050 -8.9450 
0 9 19.7540 7.8550 -133.7300 44.3050 
0 9 20.8220 6.3630 -152.7410 147.1650 
0 9 20.3690 7.0240 -146.3240 111.8900 
0 9 20.3240 6.1910 -180.0270 266.0740 
0 9 6.3730 6.2990 142.0260 119.1840 
0 9 21.3100 5.7580 -179.9890 303.4720 
0 9 19.6550 5.0840 -68.7330 11.9820 
0 9 14.1550 5.9500 -28.9560 -48.5440 
0 9 16.1410 4.9150 -202.1960 395.2200 
0 9 16.9850 6.2370 -16.5890 -103.1480 
0 9 13.4770 5.6820 -60.0560 -85.7380 
0 9 14.0530 4.1480 15.8330 -71.7410 
0 9 15.8210 7.2220 -27.8500 -140.1230 
0 9 9.4810 5.1760 81.3810 -14.6510 
0 9 12.5660 5.5190 -28.5410 -125.9100 
0 9 16.4420 6.5970 -84.9190 -58.0370 
0 9 10.9470 5.5740 20.4510 -62.4870 
0 9 13.5670 6.3380 44.5110 -79.7810 
0 9 17.5450 4.0480 -86.9520 53.5240 
0 9 13.7730 5.3660 16.7430 -100.7470 
0 9 13.9430 5.4630 -20.8190 -60.4640 
0 9 13.1930 5.6690 18.2350 -72.1000 
0 9 19.6830 7.9700 -132.5870 42.8620 
0 9 12.1210 1.1890 -268.4510 1.8720 
0 9 15.8680 4.3240 -60.8730 62.3400 
0 9 13.2880 6.0850 15.3580 -90.0510 
0 9 12.2960 2.2110 116.5680 346.7230 
0 9 13.5110 5.9780 11.0730 -87.6030 
0 9 18.4200 1.9860 19.9060 -521.8160 
0 9 12.7210 6.2020 9.0480 -79.8200 
0 9 9.1680 4.8280 99.2640 18.7400 
0 9 10.7060 3.6950 131.0670 172.9340 
0 9 12.8130 6.3010 5.2940 -116.9370 
0 9 12.9670 7.5150 -6.7340 -121.0000 
0 9 12.6750 5.7460 169.0000 -47.8390 
0 9 9.2330 6.8940 50.1770 -69.2610 
0 9 14.2970 4.9020 -40.0140 -101.6230 
0 9 14.4080 4.5090 27.1630 -88.1980 
0 9 15.9430 8.2620 -22.1120 -140.4420 
0 9 10.0740 7.7300 19.9430 -159.0170 
0 9 13.0010 4.8930 -22.3620 -23.9510 
0 9 16.2400 6.8930 -103.0500 -20.5070 
0 9 12.7960 7.9140 -46.9160 -102.9840 
0 9 13.3020 3.8250 -85.2250 -9.5600 
0 9 17.0070 4.9050 -31.1330 -22.7300 
0 9 12.6570 7.0510 -3.1480 -108.7430 
0 9 12.4670 7.1610 -3.1500 -109.6560 
0 9 12.4670 7.1610 -3.1500 -109.6560 
0 9 21.8660 5.1480 -179.0960 276.5160 
0 9 10.6230 6.4370 29.2160 -81.1220 
0 9 6.8880 6.1520 153.6980 143.3090 
0 9 11.2790 4.7760 60.6030 -39.4930 
0 9 9.9480 5.2210 17.2600 -105.3950 
0 9 7.7670 6.3370 54.9800 -41.6580 
0 9 11.4050 7.2920 45.9530 -104.8050 
0 9 11.8690 6.6170 11.5180 -141.1490 
0 9 12.3310 7.4040 32.2850 -147.1760 
0 9 8.9150 5.4360 30.8470 -87.8290 
0 9 14.6080 6.9880 -25.2810 -136.9320 
0 9 6.3220 5.0630 129.9160 149.0050 
0 9 8.8920 7.2170 72.5980 -80.7700 
0 9 9.7020 5.9890 59.5830 -32.6230 
0 9 12.9180 5.9570 22.3580 -87.8560 
0 9 14.1160 2.8630 -19.9540 38.1000 
0 9 17.9190 2.9410 -203.4360 671.1010 
0 9 18.1440 9.3590 -95.1610 -75.3940 
0 9 10.5290 6.5490 57.1850 -63.5010 
0 9 8.2210 5.4110 70.5890 -6.2330 
0 9 12.0190 5.1340 -18.0230 -47.8440 
0 9 16.0100 7.6310 -69.6780 -105.3570 
0 9 12.9540 6.1050 10.5110 -73.6250 
0 9 10.8120 4.8640 25.1610 -85.1910 
0 9 11.6670 4.5620 39.4590 -58.3280 
0 9 10.4140 4.7100 -12.5990 -41.8100 
0 9 11.2200 9.7320 21.3110 -174.1300 
0 9 11.8450 8.3740 -4.4120 -112.5150 
0 9 6.3280 5.8260 125.5510 7.0960 
0 9 8.5660 5.3980 21.0980 -127.1830 
0 9 15.7810 4.5110 -34.5450 -41.9070 
0 9 13.1610 3.9380 -108.3290 69.1690 
0 9 8.5420 6.1500 125.3930 56.6980 
0 9 14.0460 4.5250 40.1750 -10.9460 
0 9 14.6640 5.9730 7.4540 -89.6470 
0 9 9.4320 5.4870 97.1420 -9.3690 
0 9 5.5650 6.1900 90.2170 -39.9000 
0 9 12.2340 5.7290 23.5530 -108.5100 
0 9 5.3050 3.9820 99.2280 159.4700 
0 9 7.2880 2.4810 191.0540 319.4200 
0 9 12.2790 7.1340 80.8080 -82.6110 
0 10 12.5120 6.4570 -26.1680 -119.6740 
0 10 13.3380 6.3970 36.6210 -88.2430 
0 10 8.7550 5.4720 112.9800 77.5650 
0 10 11.7330 4.4550 53.2340 -33.4540 
0 10 12.5420 4.6310 -7.5760 -44.9290 
0 10 14.5390 5.1750 -13.2590 -66.8790 
0 10 12.3410 6.8610 427.0000 -116.0120 
0 10 11.4650 6.3930 28.0430 -76.5240 
0 10 8.5760 6.6930 87.6100 -12.2970 
0 10 7.6130 6.5540 79.6440 -35.6040 
0 10 14.4590 6.4220 -49.9280 -112.9870 
0 10 23.6020 4.4580 -318.6750 934.6730 
0 10 9.8090 6.4850 62.8190 -27.1610 
0 10 13.8780 6.8780 -21.7460 -159.9100 
0 10 8.4990 8.1950 13.9380 -164.7220 
0 10 12.3230 5.6910 -9.4730 -80.7480 
0 10 7.5350 6.4850 91.1180 6.6910 
0 10 12.7410 5.6760 41.9390 -57.1450 
0 10 13.4660 6.2930 -40.9660 -113.9490 
0 10 12.7500 5.1660 -23.1050 -33.8190 
0 10 11.6840 4.9670 10.8720 -52.8370 
0 10 18.2950 5.7320 -106.5640 102.4820 
0 10 13.5930 6.2930 -74.7770 -64.6780 
0 10 10.2640 7.3380 55.3760 -100.3190 
0 10 11.4540 3.7890 -63.2280 18.0170 
0 10 13.3170 7.8860 33.8460 -120.0160 
0 10 12.1030 8.9390 30.3490 -144.4670 
0 10 14.9260 7.3460 -27.8680 -113.8760 
0 10 9.1090 6.9170 70.1750 -83.7570 
0 10 11.2770 5.1360 -1.8340 -145.0660 
0 10 12.4180 6.7240 31.0520 -121.2880 
0 10 14.7010 7.9930 -27.6400 -149.3490 
0 10 12.2350 5.8400 23.3210 -74.4450 
0 10 14.3270 5.1630 -55.6630 -96.2830 
0 10 10.5560 3.1840 -32.7750 -117.3090 
0 10 15.2510 4.1990 -95.1270 86.2890 
0 10 14.8390 7.7630 -18.8570 -145.5830 
0 10 9.4280 6.3080 35.7410 -87.5020 
0 10 13.2550 5.4920 -914.0000 -35.3480 
0 10 10.1590 4.8630 91.1460 2.8530 
0 10 13.7950 5.4850 -25.6770 -93.6400 
0 10 13.3650 5.7100 -4.0730 -96.0470 
0 10 10.7500 6.9610 53.2260 -119.6290 
0 10 11.7820 7.1070 13.8170 -135.8600 
0 10 11.3340 5.2380 28.4650 -57.1240 
0 10 14.1910 7.3950 -20.2870 -158.9740 
0 10 8.7280 4.3890 12.7660 -104.3050 
0 10 10.3820 4.0930 100.5490 313.5570 
0 10 13.3410 8.3160 -9.3390 -150.5800 
0 10 13.4750 8.1530 -5.2870 -148.0000 
0 10 12.0370 4.8280 -18.6160 -114.8530 
0 10 9.5800 5.4390 81.3030 5.4060 
0 10 13.4260 4.6780 54.8820 -20.3810 
0 10 10.2350 5.8460 76.7740 -10.8270 
0 10 8.1700 9.0060 60.8030 -135.1890 
0 10 9.6250 5.5330 92.1360 23.1700 
0 10 9.8490 5.2840 69.1040 -13.0800 
0 10 15.3530 6.3730 -106.2270 -37.1610 
0 10 12.8630 4.6190 8.9550 -94.7130 
0 10 13.1210 6.8570 50.2630 -72.2740 
0 10 11.6560 7.8120 15.2010 -138.2920 
0 10 12.2330 7.3090 38.0260 -104.8490 
0 10 13.7860 6.7240 -98.0000 -101.7090 
0 10 10.6660 5.9630 44.4500 -99.0120 
0 10 12.6080 8.5160 -2.8010 -167.7600 
0 10 14.4730 6.1670 -10.7250 -146.0290 
0 10 7.0880 5.6800 82.8610 -48.5240 
0 10 8.4970 4.7920 -12.6820 -105.4100 
0 10 10.9280 5.2440 90.7400 -12.5120 
0 10 14.0830 4.9280 44.3160 -42.2390 
0 10 13.4280 7.8770 -4.6440 -183.5190 
0 10 13.5230 5.5700 11.8890 -115.6430 
0 10 14.6950 4.4470 -56.9590 -11.1400 
0 10 10.9500 6.1640 13.9240 -116.2310 
0 10 8.4240 4.1540 -29.7060 -16.3140 
0 10 11.0550 5.3720 3.5780 -62.0630 
0 10 17.4800 6.0000 -74.2640 -27.1690 
0 10 16.8360 7.2430 -115.1590 1.6250 
0 10 8.1000 7.2870 58.5540 -82.0800 
0 10 9.1130 5.7090 29.2570 -88.9400 
0 10 15.0400 3.7010 -157.0030 361.3220 
0 10 11.9730 5.6120 -40.2840 -150.9680 
0 10 9.1600 7.1220 51.7810 -102.9650 
0 10 13.7530 7.2200 -56.1670 -110.2180 
0 10 11.5970 6.7190 12.2410 -94.9660 
0 10 14.1960 7.4690 -45.9720 -129.5860 
0 10 10.3250 5.0030 44.3030 -35.4630 
0 10 12.8470 8.5270 30.6030 -134.6750 
0 10 8.7030 5.5660 100.9640 87.8140 
0 10 13.5540 6.6080 -72.3200 -102.5320 
0 10 12.9030 6.5600 -61.2580 -117.6300 
0 10 12.8230 5.9770 29.0030 -110.3470 
0 10 14.3810 3.4060 -25.0950 58.6060 
0 10 9.7570 5.3660 55.8630 21.6370 
0 10 14.1060 4.3930 -38.5570 -74.7360 
0 10 12.8250 7.5990 41.3630 -120.4540 
0 10 12.8860 5.0620 -33.1280 -44.5140 
0 10 12.4520 5.3460 -37.0520 -121.4110 
0 10 11.4560 6.8400 76.7290 -46.5860 
0 10 11.6170 7.3600 52.7860 -83.2000 
0 10 12.7810 3.9040 -43.5260 -24.8880 
0 10 8.7740 6.3070 4.2330 -141.2590 
0 10 11.8540 6.2210 24.0070 -46.7320 
0 10 13.1520 7.7990 46.1020 -129.3400 
0 10 14.4510 6.3190 55.9990 -78.3180 
0 10 10.4220 8.2930 34.4390 -127.0980 
0 10 11.8620 5.9240 102.6530 47.6260 
0 10 4.1970 3.2950 152.7840 211.1360 
0 10 13.7890 5.9120 -7.5630 -121.4450 
0 10 10.2340 9.2280 34.8730 -164.6100 
0 10 7.2510 5.7510 105.6960 12.9720 
0 10 6.7890 5.1770 101.1870 75.8390 
0 10 18.0280 7.9640 -45.5430 -145.6210 
0 10 12.8370 6.8020 -28.3910 -118.6400 
0 10 13.3030 5.7920 10.8030 -63.2590 
0 10 6.1990 5.8430 169.2590 334.9080 
0 10 6.2270 4.9980 120.1840 161.1050 
0 10 11.4160 7.2070 24.5060 -111.4950 
0 10 13.6420 7.3610 59.7930 -103.7580 
0 10 13.3060 6.0690 36.0250 -115.6570 
0 10 10.3720 6.6060 61.9700 -52.5040 
0 10 13.5230 5.9390 -12.3920 -92.6740 
0 10 11.1880 8.6820 45.9140 -137.1290 
0 10 6.4240 4.2520 133.8600 279.9240 
0 10 8.9380 5.1140 88.4270 55.0970 
0 10 7.9870 6.9220 122.8390 1.1220 
0 10 13.9780 8.5430 12.1450 -150.5490 
0 10 13.0970 6.4680 67.4120 -53.4230 
0 10 11.3630 5.2820 31.9880 -129.1110 
0 10 10.0590 7.3540 61.2570 -67.0240 
0 10 6.0760 7.6800 122.0700 7.7410 
0 10 11.5190 6.0900 -35.3750 -136.4110 
0 10 12.5840 4.1090 -26.1400 -23.1280 
0 10 15.1710 6.2170 -122.9260 20.9590 
0 10 8.4280 4.4420 97.9120 149.6770 
0 10 14.8790 8.4360 -26.3460 -156.4920 
0 10 12.3680 4.0660 689.0000 -93.8230 
0 10 9.1590 5.5560 109.1200 68.4970 
0 10 9.8870 7.1440 94.4510 -27.6040 
0 10 13.2220 9.2430 34.0920 -152.2920 
0 10 7.7520 6.3970 65.4920 -67.0580 
0 10 13.2800 2.9550 -2.6850 63.2820 
0 10 9.1630 6.0780 100.4020 30.8240 
0 10 10.9000 4.5540 -64.1170 2.0810 
0 10 14.1450 8.6710 19.4170 -171.9900 
0 10 14.4380 4.9160 -9.2810 -99.6860 
0 10 5.7930 4.9990 157.2280 143.4910 
0 10 14.2440 6.7200 18.8980 -151.7160 
0 10 12.2030 6.9920 62.8290 -87.5440 
0 10 13.1190 7.9110 25.1770 -125.5970 
0 10 16.2890 6.5290 -67.2720 -118.0720 
0 10 12.2940 5.8530 67.6120 -13.7190 
0 10 8.3190 6.9660 89.3880 -43.2940 
0 10 11.9730 6.0290 16.4710 -83.2110 
0 10 10.5490 7.7690 44.8650 -104.4530 
0 10 12.4940 4.9200 31.1690 65.9820 
0 10 11.4150 6.8990 25.9510 -142.9870 
0 10 13.3710 5.3240 -14.3520 -1.4320 
0 10 12.9210 8.1660 -11.8160 -154.1970 
0 10 11.0550 2.8830 -83.2190 233.5080 
0 10 14.6020 9.0320 16.8030 -170.0310 
0 10 14.0810 7.5830 -40.1740 -131.7810 
0 10 12.4250 4.7270 -74.2770 -45.8980 
0 10 9.1150 7.1310 89.9300 -24.8580 
0 10 7.8690 7.2120 124.1430 37.7560 
0 10 9.4890 7.9590 90.4470 -49.4090 
0 10 15.9000 8.3370 -21.6150 -141.8690 
0 10 12.4030 7.3890 51.0930 -120.3290 
0 10 9.2650 4.9120 47.3370 -14.9980 
0 10 12.8140 6.2600 -93.9700 -33.8600 
0 10 13.3840 5.7290 -25.7040 -94.9910 
0 10 9.3170 6.6100 66.7720 -32.7790 
0 10 14.2560 7.9410 19.7700 -149.4420 
0 10 14.3330 6.1490 -30.1460 -91.5590 
0 10 10.5600 7.3580 33.5680 -120.3500 
0 10 8.8340 7.1200 72.9210 -24.5820 
0 10 4.5830 6.5550 127.1550 10.9240 
0 10 12.4170 4.6880 19.7410 33.7140 
0 10 11.1300 6.1690 -3.1220 -163.6220 
0 10 12.7940 6.5730 61.1120 -68.3840 
0 10 18.4460 6.5830 -129.8120 53.9530 
0 10 9.4320 4.4060 -15.1150 -80.2110 
0 10 15.2560 5.9910 21.7140 -114.4660 
0 10 15.2170 4.0010 -93.1800 52.5810 
0 10 8.6590 5.4320 127.1800 138.3740 
0 10 12.5260 6.4150 -49.7440 -66.7500 
0 10 14.7850 7.8130 -26.6840 -136.4880 
0 10 12.8640 6.7380 -8.1760 -77.7960 
0 10 12.9750 3.6640 27.3340 -17.1690 
0 10 12.0360 5.4150 -56.0460 -104.9670 
0 10 10.1850 6.0840 73.9460 -40.2400 
0 11 10.6400 5.3300 4.2050 -36.0600 
0 11 10.4890 4.2820 1.3490 18.9040 
0 11 9.6160 5.5760 61.0410 -49.0080 
0 11 11.1080 7.4840 44.4610 -89.3950 
0 11 5.4850 3.5160 156.5160 286.2110 
0 11 18.2950 7.4450 -97.2080 -39.3530 
0 11 16.8900 6.9840 -7.2260 -135.4280 
0 11 10.2450 6.9940 57.2160 -85.1870 
0 11 8.9490 4.4490 87.0300 95.0640 
0 11 9.1620 4.8060 51.8630 40.5180 
0 11 19.2570 6.9050 -132.1680 96.1820 
0 11 8.5820 2.8390 -67.4570 401.3270 
0 11 11.1550 4.5370 53.5930 8.8060 
0 11 9.2800 6.0000 104.8390 33.7030 
0 11 10.9730 6.5900 37.3030 -79.1660 
0 11 11.2640 5.7930 21.0890 -137.0350 
0 11 11.2570 5.0770 599.0000 -83.9700 
0 11 9.6290 4.1330 99.4530 89.0060 
0 11 15.4400 4.5170 -27.4870 -50.4210 
0 11 15.9250 7.3150 -27.6420 -90.1030 
0 11 10.4570 3.6410 27.7130 264.1870 
0 11 9.6180 6.3130 58.6750 -61.1680 
0 11 13.3680 5.4030 33.5480 -93.0740 
0 11 12.5290 5.1630 12.4780 -77.0980 
0 11 17.6110 7.8490 -68.1750 -81.9720 
0 11 13.6830 3.5010 12.5470 1.9680 
0 11 12.5830 6.0840 10.4580 -41.9280 
0 11 13.5500 6.8590 2.2640 -106.1030 
0 11 13.2510 5.1450 7.8520 -72.7790 
0 11 9.5610 4.7670 63.1010 9.4490 
0 11 15.5900 5.0670 -24.6970 -9.7690 
0 11 12.8500 5.1980 6.5460 4.6010 
0 11 11.2660 5.7950 21.2100 -137.0200 
0 11 10.2740 6.3690 72.5370 -73.2130 
0 11 13.5750 5.3030 12.1420 -80.6280 
0 11 12.9720 5.5630 11.6000 -73.0850 
0 11 7.3040 3.6820 104.4370 96.7910 
0 11 8.4820 5.3820 81.6770 30.7590 
0 11 11.9210 5.3500 30.4240 -44.8700 
0 11 12.7980 5.2910 31.8130 -24.3570 
0 11 10.8000 5.6160 55.5410 -22.1670 
0 11 10.3100 5.6010 21.9180 -86.3980 
0 11 10.5540 5.1860 78.1050 26.2230 
0 11 10.2830 6.8680 8.4610 -117.5350 
0 11 11.0320 5.6620 -8.8230 -86.1750 
0 11 9.6790 5.8210 30.6280 -58.2870 
0 11 9.0950 5.0720 -20.1310 -121.9350 
0 11 9.4690 5.4030 30.8050 -31.2650 
0 11 13.7950 6.9400 7.6970 -148.1460 
0 11 6.5810 5.9200 177.7770 259.6610 
0 11 9.6300 7.1770 30.3800 -114.6700 
0 11 11.0720 4.8190 -9.9750 -47.8740 
0 11 10.2500 5.1410 14.3460 -49.6850 
0 11 11.4860 4.3150 -32.0010 -27.5910 
0 11 7.7280 4.1960 78.2240 60.0060 
0 11 10.5860 4.7310 71.8660 61.7370 
0 11 9.4940 4.8700 104.7150 138.8920 
0 11 11.8400 7.7610 32.4070 -107.5280 
0 11 12.3160 5.5340 37.7630 -11.7750 
0 11 10.8330 3.9060 -5.9280 -12.6790 
0 11 13.8260 4.6560 11.7860 -13.0800 
0 11 15.5560 5.6490 -81.4860 -8.6870 
0 11 12.3730 6.7000 -36.0630 -105.4780 
0 11 10.3380 7.3850 47.5700 -95.3530 
0 11 8.6420 5.7690 88.6780 23.9230 
0 11 8.1560 4.8680 92.2790 -1.3550 
0 11 17.6350 7.9370 -99.8590 -54.3870 
0 11 12.8470 5.9540 -39.2700 -52.9130 
0 11 11.0100 5.4970 -1.3420 -42.4710 
0 11 12.3390 5.0030 29.4930 -14.4390 
0 11 8.8560 5.1530 94.0970 59.6250 
0 11 12.0900 2.8480 -94.8540 162.4520 
0 11 10.3010 6.7230 26.5050 -120.8230 
0 11 7.3370 5.0640 79.4900 14.7370 
0 11 9.9790 5.7590 93.6850 -13.0090 
0 11 10.4660 4.9100 60.9550 -46.3560 
0 11 10.5700 5.1440 51.4460 12.2950 
0 11 10.3210 5.1060 54.3280 -15.8160 
0 11 15.9250 4.7500 20.7040 -59.0430 
0 11 9.0430 4.2500 66.6730 34.3770 
0 11 10.8120 3.9020 -4.2920 -17.3240 
0 11 9.7650 4.1930 96.0370 148.2880 
0 11 10.1500 6.3000 80.2160 -16.9880 
0 11 10.7720 6.8170 51.3310 -84.8100 
0 11 11.2660 5.5400 -35.7200 -67.6540 
0 11 7.0440 6.1300 84.3970 -53.2790 
0 11 13.2560 5.2920 3.2870 -31.0280 
0 11 11.3670 5.3890 100.0090 50.0960 
0 11 10.2380 3.4540 27.7470 3.6320 
0 11 12.4210 6.5700 35.7980 -72.3920 
0 11 10.1280 6.5490 19.1540 -99.6660 
0 11 10.1280 6.5490 19.1540 -99.6660 
0 11 5.8620 5.5480 173.3210 257.6360 
0 11 7.8280 7.1060 56.4820 -96.4900 
0 11 4.1720 2.2440 182.2670 1.0310 
0 11 11.2270 2.8910 -3.2140 211.7440 
0 11 8.1950 4.6130 95.1810 85.5780 
0 11 10.1390 4.6780 84.0440 82.1500 
0 11 10.9690 7.1640 51.2000 -107.9390 
0 11 13.1790 4.3860 -18.0970 -71.2720 
0 11 11.5000 5.3960 49.2540 -63.1420 
0 11 11.8540 5.0650 20.5370 -86.8660 
0 11 17.3260 6.8850 -21.7520 -120.9870 
0 11 12.2570 4.8430 21.5310 -87.4030 
0 11 12.8280 6.5270 -3.8920 -81.0610 
0 11 15.2230 6.2250 -6.2770 -160.6070 
0 11 8.9590 5.0510 65.7120 39.8610 
0 11 14.7000 4.5760 -89.2810 87.2980 
0 11 9.6960 5.1760 96.7470 73.8350 
0 11 7.4820 5.3010 69.0980 -8.5200 
0 11 11.9840 2.8110 64.6480 149.8600 
0 11 13.7000 6.5750 -10.7680 -105.4670 
0 11 7.6400 5.4870 69.8170 36.6800 
0 11 10.4820 4.8720 21.5240 -4.2270 
0 11 8.8620 5.2050 60.9110 25.9760 
0 11 19.1780 4.2580 -251.2120 756.8500 
0 11 15.4660 6.1990 11.5320 -128.6770 
0 11 10.6020 4.7020 14.8020 -16.6080 
0 11 8.8730 6.1740 62.9020 -20.6260 
0 11 12.0670 4.3520 40.8960 18.9310 
0 11 12.0910 4.6280 2.8910 -50.7340 
0 11 10.2580 6.1350 50.6180 -79.5880 
0 11 10.1870 7.4150 100.2360 -35.8470 
0 11 12.3110 4.3690 9.3550 -98.1250 
0 11 12.3110 4.3690 9.3550 -98.1250 
0 11 9.4390 5.0490 75.9630 38.0720 
0 11 11.4490 6.8090 70.9340 -54.4210 
0 11 11.2160 5.0070 7.7490 -39.1720 
0 11 10.8390 4.6810 43.8610 62.3430 
0 11 12.4510 7.9960 -544.0000 -164.7120 
0 11 11.3040 6.6090 7.9250 -87.3790 
0 11 13.2220 5.0200 9.9170 -45.6040 
0 11 9.1960 4.2570 54.2200 29.0140 
0 11 11.9290 6.7420 4.4130 -130.4270 
0 11 9.5060 6.8510 28.8520 -97.2260 
0 11 8.8350 3.9340 -21.8270 50.9920 
0 11 6.0580 3.5940 136.3900 190.6610 
0 11 11.7350 8.3380 39.3550 -122.7230 
0 11 13.2180 6.7600 -402.0000 -146.3530 
0 11 10.3480 4.9240 76.2480 -24.9130 
0 11 11.5390 5.0010 38.8340 137.6910 
0 11 10.3360 4.1380 98.6890 97.0420 
0 11 5.0520 3.2280 74.2430 8.1580 
0 11 14.1150 4.2060 -50.1110 903.0000 
0 11 10.9970 5.7430 58.6540 -6.8650 
0 11 11.0120 6.3480 53.9050 -112.5260 
0 11 14.4100 4.1620 20.2140 -42.1110 
0 11 18.6730 7.4340 -138.1480 39.0360 
0 11 9.7830 6.0040 -285.0000 -107.0140 
0 11 13.1150 5.8710 61.8540 1.2040 
0 11 9.5570 4.4410 142.9810 174.6980 
0 11 16.0140 7.2470 -48.7540 -88.0550 
0 11 16.6510 8.2360 -49.2480 -136.0330 
0 11 10.6470 6.8570 49.4670 -115.4960 
0 11 10.6470 6.8570 49.4670 -115.4960 
0 11 9.4620 4.5910 43.5680 19.3710 
0 11 6.4440 3.9930 175.2110 270.2090 
0 11 9.3140 5.9790 40.7180 -60.9200 
0 11 12.2480 4.2640 94.5150 89.1570 
0 11 12.2280 3.2940 -4.3500 99.6720 
0 11 8.3380 7.8460 46.8420 -116.3510 
0 11 10.6500 3.2230 -18.2510 16.7720 
0 11 6.7180 3.8190 130.1040 217.6310 
0 11 9.4570 9.0140 50.1630 -130.3320 
0 11 9.8640 3.5010 100.1460 18.2930 
0 11 15.9360 2.6070 -81.9490 155.1610 
0 11 10.8220 7.8980 57.1530 -128.2840 
0 11 10.3340 3.9980 38.0750 -46.8330 
0 11 9.5950 4.9940 6.7510 -61.6380 
0 11 10.9900 5.3030 19.1000 -65.0290 
0 11 14.3930 4.6340 -88.9170 -13.7240 
0 12 9.8920 4.1720 33.4690 124.4730 
0 12 13.6030 3.6590 -143.0450 160.3350 
0 12 13.6730 3.5950 36.1890 61.4280 
0 12 11.9460 3.8400 61.2200 154.1860 
0 12 12.2390 5.0380 -47.7720 45.5990 
0 12 12.9010 5.4910 -38.8380 -81.7540 
0 12 12.4400 5.2230 -23.5760 30.0000 
0 12 11.8760 7.8770 31.3480 -111.3200 
0 12 13.1160 4.9550 -44.2060 -66.8440 
0 12 9.9620 5.6120 34.4060 -74.8310 
0 12 11.9190 8.2560 7.4570 -128.7320 
0 12 11.0020 7.7550 23.8900 -155.0140 
0 12 10.1670 6.2980 64.7030 -3.6630 
0 12 8.2290 6.6230 73.1900 -27.3380 
0 12 16.7310 6.0230 -96.3160 9.6030 
0 12 13.9840 4.4560 -20.9590 -30.4600 
0 12 12.9030 7.1810 -49.6040 -126.0270 
0 12 10.6880 5.4360 52.2180 -26.4780 
0 12 12.3970 5.5730 -15.9430 -46.2330 
0 12 11.6850 6.2550 -9.2140 -85.4370 
0 12 10.6880 5.4360 52.2180 -26.4780 
0 12 12.8610 5.3650 -50.0390 -18.7570 
0 12 13.1830 5.2360 -22.5260 -126.0000 
0 12 8.2990 4.9250 27.3630 -34.2080 
0 12 13.1200 4.6140 -24.6380 -11.7670 
0 12 14.2100 6.8260 -32.6010 -117.2500 
0 12 9.5050 6.5640 56.7530 -57.2220 
0 12 12.0940 4.1280 -11.5860 98.8640 
0 12 12.0010 3.8110 -17.3360 126.4690 
0 12 10.7970 5.2670 -21.7130 26.1490 
0 12 11.0770 8.3910 -3.3180 -143.1110 
0 12 12.1270 5.8580 15.3720 -84.7580 
0 12 14.4610 6.7980 -42.5420 -97.0220 
0 12 16.5230 4.4150 -43.9600 -115.0980 
0 12 10.3830 5.3940 4.4910 -74.6550 
0 12 7.9160 8.0010 72.2150 -103.1890 
0 12 14.2340 6.3300 -58.5780 -38.8290 
0 12 12.7980 6.1810 -55.5880 -54.1460 
0 12 17.0200 6.7870 -127.3480 42.4980 
0 12 14.9890 6.1240 -71.6530 -30.7110 
0 12 11.8810 4.4800 25.2580 112.8080 
0 12 12.0250 5.2280 52.8590 -21.7090 
0 12 9.4920 6.4450 57.6240 -67.5990 
0 12 12.0020 4.7480 35.2030 30.6100 
0 12 7.7640 6.8260 39.4780 -103.0930 
0 12 8.7560 4.6970 86.3650 41.2560 
0 12 7.3120 5.2900 70.1550 48.9730 
0 12 11.9710 7.2570 -19.8300 -113.7230 
0 12 13.4140 5.6600 -38.0670 -61.1310 
0 12 10.9710 6.1390 73.8740 2.8860 
0 12 10.2260 6.1130 35.0920 -48.8660 
0 12 11.9730 6.6260 24.7250 -80.5730 
0 12 8.6650 5.5390 101.3400 114.8940 
0 12 11.9440 5.6930 100.0020 48.3770 
0 12 13.8830 4.2590 -3.6940 46.3100 
0 12 11.4680 8.2070 26.5610 -111.0180 
0 12 12.8440 6.5790 -12.4380 -102.1870 
0 12 12.4940 5.0250 -12.2530 80.1870 
0 12 13.0600 5.2900 -49.1570 -84.2820 
0 12 9.4980 5.4010 141.1470 178.6500 
0 12 12.9440 6.1240 -41.0820 -65.5630 
0 12 11.2630 6.7700 20.5180 -144.4100 
0 12 14.3170 5.7530 -88.2340 32.8200 
0 12 10.0540 6.6980 27.5680 -121.0790 
0 12 11.5020 5.1570 59.6300 588.0000 
0 12 7.4880 4.9880 116.6260 44.7770 
0 12 11.0010 7.6660 -1.1940 -115.6970 
0 12 9.5110 6.8110 20.0840 -79.8530 
0 12 11.6890 4.9080 24.7060 -49.7800 
0 12 11.8450 4.6750 -4.2570 16.1550 
0 12 13.0880 5.6910 -58.7990 -86.4960 
0 12 12.7760 5.6840 -66.5650 -21.0050 
0 12 8.4520 7.0710 65.1320 -101.0150 
0 12 10.0190 4.5540 42.4380 17.5820 
0 12 14.4540 6.1760 -2.5140 -102.3280 
0 12 9.3770 5.0240 127.0540 195.3250 
0 12 11.7190 5.4080 14.6290 -60.9770 
0 12 11.1770 6.0370 103.9550 45.3780 
0 12 12.1570 8.6990 31.8290 -134.7920 
0 12 11.7940 5.7590 -34.3520 -88.6370 
0 12 4.9690 3.4700 98.7110 153.4410 
0 12 14.9060 5.2840 -46.7830 -29.7330 
0 12 9.0090 5.5000 42.9000 -33.1490 
0 12 11.6000 8.1260 51.9700 -118.1530 
0 12 13.7140 5.2920 14.9480 -58.4670 
0 12 15.7970 6.2110 -75.5310 -645.0000 
0 12 12.5330 5.9970 51.2550 -72.5620 
0 12 9.0610 4.4410 6.4100 -81.7610 
0 12 12.2460 5.4500 4.2230 -81.9090 
0 12 10.4470 4.2720 47.1590 52.2760 
0 12 13.0710 7.4150 -33.6800 -111.6550 
0 12 11.5960 6.4680 -4.0930 -98.4790 
0 12 11.4750 5.1250 -19.6030 -54.6280 
0 12 8.5450 4.1390 128.8760 220.6930 
0 12 11.5200 7.9500 25.8880 -112.3300 
0 12 9.8300 4.4490 -18.4130 -108.3970 
0 12 9.1680 4.3590 3.0950 -71.2290 
0 12 11.1620 9.0630 53.9590 -131.4090 
0 12 11.2690 5.7110 22.4660 -9.0060 
0 12 11.8610 6.9940 14.8300 -108.8270 
0 12 7.9220 5.1810 129.1830 198.3840 
0 12 11.8690 4.7580 41.7150 58.3670 
0 12 13.9390 4.6580 -67.0030 35.9150 
0 12 12.1340 6.5800 -28.5660 -102.1280 
0 12 12.5520 4.0080 -18.2090 57.6510 
0 12 10.2890 7.5850 81.4840 -83.0690 
0 12 10.9460 5.9470 1.2100 -42.3260 
0 12 16.4100 6.7700 -32.0250 -103.5850 
0 12 11.3470 5.7430 20.1470 -102.3080 
0 12 12.5990 4.6680 12.6050 -53.4740 
0 12 6.9960 3.2120 91.2020 178.2020 
0 12 10.1280 3.8880 57.2020 95.9750 
0 12 14.4370 6.0960 -26.0550 -79.8660 
0 12 6.2600 7.1590 109.2080 -29.9550 
0 12 10.1290 6.1880 3.9640 -82.3640 
0 12 14.5540 2.8530 -41.2400 386.8100 
0 12 14.1410 4.2500 -22.2050 23.3120 
0 12 12.5930 7.7210 -3.3680 -164.8700 
0 12 12.7740 4.8120 -20.3140 40.4830 
0 12 10.6640 5.2540 -19.6980 -101.2890 
0 12 12.1490 4.9460 -68.4300 -33.0500 
0 12 9.4330 4.4550 108.0300 33.6080 
0 12 11.1540 6.3060 -7.9940 -88.6640 
0 12 12.1300 5.7490 22.7960 -100.1430 
0 12 15.1170 5.2630 -71.0080 -58.9050 
0 12 11.9810 4.6470 -12.1500 9.5650 
0 12 11.9810 4.6470 -12.1500 9.5650 
0 12 12.9620 5.4540 -25.7570 -100.1120 
0 12 12.0040 3.8500 -50.0230 30.9500 
0 12 14.3640 6.0690 3.8380 -84.6350 
0 12 14.1360 5.3880 -23.8320 -31.1910 
0 12 12.2480 5.0160 -22.1310 -36.6990 
0 12 15.2390 7.0010 -89.1400 -62.9270 
0 12 12.5180 2.9470 159.2770 530.3490 
0 12 11.4630 8.9110 20.7550 -153.4340 
0 12 10.8550 7.3300 14.5770 -100.7340 
0 12 12.0400 3.9840 -18.1330 -7.2480 
0 12 14.4210 4.7550 -138.5890 213.0000 
0 12 13.3150 5.6610 -29.7740 -61.8340 
0 12 10.7870 6.5610 21.5480 -85.8040 
0 12 7.9010 5.5660 115.7800 26.6540 
0 12 12.3490 5.4320 -26.7530 -89.9920 
0 12 13.7190 5.5510 1.1320 -157.4370 
0 12 12.5480 7.2150 14.0730 -99.7550 
0 12 17.3740 4.3050 -63.0420 -43.3160 
0 12 12.9260 7.0780 -35.5170 -113.0720 
0 12 10.3440 6.0700 90.5680 15.1970 
0 12 12.1370 7.9390 14.2500 -142.7310 
0 12 6.1760 5.8980 89.3710 58.4470 
0 12 12.9910 4.8460 13.8300 -66.6220 
0 12 9.7270 4.9290 87.9530 24.8130 
0 12 10.9240 3.6980 -5.1000 113.2260 
0 12 14.3590 2.5330 -62.3200 307.9880 
0 12 13.7300 5.5720 -58.8940 -26.5040 
0 12 15.3910 6.3290 38.0460 -89.7970 
0 12 11.8450 6.0910 39.7260 -96.5430 
0 12 11.2700 5.1830 17.9600 18.0590 
0 12 12.2690 6.1950 334.0000 -118.4610 
0 12 13.3270 4.3820 48.6960 -39.6240 
0 12 10.1680 5.6240 43.7920 -15.4920 
0 12 13.7280 4.1810 37.1890 -25.7990 
0 12 8.4610 5.5920 55.6920 -9.5850 
0 12 14.3020 5.1600 -29.3520 -31.6490 
0 12 13.9160 3.7260 -116.0550 130.3040 
0 12 10.3310 4.7160 13.2600 -3.1010 
0 12 10.2340 4.3480 -10.3140 -51.9130 
0 12 10.1150 7.9130 45.5650 -118.1600 
0 12 9.7260 4.6860 59.4160 74.8680 
0 12 15.6050 6.2660 -46.9230 -104.5900 
0 12 8.4580 6.6290 66.7400 -95.6940 
0 12 15.4850 5.8120 -54.1500 -77.5010 
0 12 16.0200 5.9670 -20.5020 -121.2230 
0 12 7.2620 5.6960 123.1660 14.2210 
0 12 15.2330 5.8510 18.6020 -106.6280 
0 12 11.7950 6.2410 63.1950 -15.8620 
0 12 14.7330 4.4650 -127.7200 204.2680 
0 12 10.6790 6.6780 55.5640 -24.4200 
0 12 11.6290 5.1150 83.1350 998.0000 
0 12 11.3760 7.2590 -1.7900 -97.7290 
