Precisão média por imagem
0.379
0.386
0.424
0.492
0.547
0.595
0.630
0.657
0.677
0.693
0.706
0.714
0.723
0.733
0.734
0.741
0.732
0.737
0.742
0.746
0.746
0.740
0.727
0.723
0.718
0.714
0.711
0.704
0.701
0.698
0.694
0.686
0.684
0.681
0.676
0.671
0.668
0.667
0.660
0.660
0.656
0.653
0.656
0.655
0.652
0.652
0.656
0.655
0.654
0.652
0.650
0.645
0.642
0.638
0.634
0.630
0.628
0.626
0.630
0.634
0.638
0.642
0.641
0.640
0.640
0.637
0.639
0.639
0.639
0.638
0.638
0.638
0.635
0.632
0.632
0.631
0.629
0.629
0.629
0.626
0.624
0.627
0.629
0.631
0.632
0.632
0.634
0.634
0.637
0.635
0.633
0.632
0.632
0.635
0.635
0.638
0.639
0.641
0.644
0.646
0.648
0.648
0.649
0.649
0.649
0.649
0.650
0.651
0.653
0.655
0.657
0.657
0.656
0.657
0.657
0.659
0.660
0.661
0.659
0.657
0.657
0.657
0.658
0.660
0.659
0.657
0.656
0.655
0.654
0.653
0.653
0.652
0.651
0.652
0.653
0.653
0.651
0.649
0.647
0.646
0.646
0.645
0.645
0.646
0.646
0.646
0.646
0.644
0.644
0.643
0.644
0.644
0.645
0.647
0.646
0.644
0.644
0.644
0.643
0.644
0.645
0.645
0.645
0.643
0.643
0.643
0.643
0.642
0.641
0.640
0.639
0.638
0.638
0.638
0.638
0.639
0.640
0.638
0.638
0.637
0.636
0.635
0.634
0.634
0.633
0.632
0.632
0.632
0.632
0.630
0.629
0.629
0.629
0.628
0.627
0.626
0.625
0.626
0.626
0.626
0.626
0.625
0.625
0.625
0.625
0.626
0.626
0.625
0.625
0.625
0.624
0.623
0.624
0.625
0.626
0.627
0.628
0.629
0.628
0.627
0.626
0.625
0.624
0.625
0.624
0.624
0.623
0.622
0.622
0.622
0.621
0.621
0.620
0.620
0.620
0.619
0.618
0.618
0.618
0.618
0.618
0.618
0.618
0.618
0.619
0.620
0.620
0.620
0.619
0.620
0.620
0.619
0.619
0.618
0.618
0.618
0.618
0.617
0.618
0.618
0.619
0.619
0.620
0.621
0.622
0.622
0.623
0.624
0.624
0.625
0.625
0.625
0.625
0.624
0.624
0.625
0.625
0.626
0.627
0.627
0.628
0.629
0.629
0.629
0.629
0.629
0.629
0.629
0.628
0.628
0.627
0.627
0.626
0.627
0.626
0.626
0.627
0.627
0.628
0.629
0.629
0.630
0.630
0.629
0.629
0.628
0.628
0.628
0.628
0.628
0.628
0.628
0.628
0.627
0.627
0.627
0.627
0.627
0.628
0.629
0.629
0.630
0.631
0.632
0.633
0.633
0.633
0.634
0.634
0.634
0.635
0.635
0.634
0.634
0.634
0.634
0.634
0.634
0.634
0.634
0.634
0.634
0.634
0.633
0.633
0.633
0.633
0.634
0.634
0.634
0.635
0.635
0.635
0.635
0.634
0.634
0.634
0.634
0.635
0.636
0.636
0.636
0.636
0.635
0.635
0.635
0.635
0.634
0.634
0.634
0.635
0.635
0.636
0.637
0.637
0.637
0.638
0.638
0.639
0.638
0.638
0.638
0.639
0.639
0.639
0.639
0.639
0.640
0.640
0.640
0.640
0.640
0.641
0.641
0.642
0.642
0.642
0.641
0.641
0.641
0.640
0.640
0.640
0.641
0.641
0.641
0.641
0.640
0.639
0.639
0.640
0.639
0.639
0.639
0.639
0.639
0.639
0.638
0.638
0.638
0.638
0.637
0.637
0.637
0.637
0.637
0.637
0.637
0.637
0.637
0.637
0.636
0.636
0.637
0.637
0.637
0.638
0.637
0.637
0.637
0.638
0.638
0.639
0.639
0.640
0.640
0.641
0.641
0.641
0.640
0.641
0.640
0.639
0.639
0.638
0.638
0.638
0.638
0.638
0.637
0.637
0.636
0.636
0.636
0.636
0.636
0.636
0.635
0.635
0.635
0.635
0.635
0.635
0.634
0.634
0.634
0.633
0.633
0.632
0.632
0.632
0.632
0.632
0.632
0.632
0.632
0.632
0.632
0.632
0.631
0.631
0.631
0.631
0.631
0.631
0.632
0.631
0.631
0.631
0.631
0.632
0.632
0.631
0.631
0.631
0.631
0.631
0.631
0.631
0.631
0.631
0.631
0.630
0.630
0.630
0.630
0.631
0.631
0.631
0.631
0.631
0.630
0.630
0.630
0.629
0.629
0.630
0.630
0.630
0.629
0.629
0.629
0.629
0.630
0.630
0.630
0.630
0.630
0.630
0.630
0.630
0.630
0.631
0.631
0.631
0.632
0.632
0.632
0.632
0.631
0.632
0.632
0.631
0.631
0.631
0.631
0.630
0.630
0.630
0.630
0.630
0.629
0.629
0.630
0.629
0.629
0.629
0.629
0.629
0.629
0.629
0.628
0.628
0.628
0.629
0.629
0.629
0.629
0.628
0.628
0.628
0.627
0.627
0.627
0.627
0.627
0.626
0.627
0.627
0.627
0.627
0.627
0.627
0.628
0.628
0.628
0.628
0.628
0.627
0.627
0.627
0.627
0.627
0.627
0.627
0.627
0.628
0.628
0.627
0.628
0.627
0.627
0.627
0.627
0.627
0.627
0.627
0.627
0.627
0.628
0.628
0.628
0.628
0.628
0.629
0.629
0.629
0.629
0.630
0.630
0.630
0.629
0.629
0.629
0.629
0.629
0.630
0.630
0.630
0.630
0.630
0.630
0.630
0.630
0.630
0.630
0.630
0.631
0.631
0.631
0.631
0.631
0.631
0.631
0.631
0.631
0.631
0.631
0.631
0.631
0.631
0.631
0.631
0.631
0.631
0.631
0.631
0.631
0.631
0.631
0.631
0.631
0.631
0.630
0.630
0.630
0.630
0.630
0.630
0.630
0.630
0.629
0.630
0.629
0.630
0.630
0.629
0.629
0.629
0.629
0.629
0.629
0.629
0.630
0.630
0.629
0.630
0.630
0.630
0.630
0.630
0.630
0.630
0.630
0.629
0.629
0.629
0.629
0.629
0.629
0.629
0.629
0.628
0.628
0.629
0.629
0.629
0.629
0.629
0.629
0.629
0.630
0.630
0.630
0.630
0.630
0.630
0.630
0.630
0.630
0.630
0.630
0.629
0.629
0.629
0.629
0.629
0.629
0.629
0.628
0.628
0.628
0.628
0.628
0.627
0.628
0.627
0.627
0.627
0.627
0.627
0.628
0.628
0.628
0.628
0.629
0.628
0.628
0.628
0.628
0.628
0.627
0.627
0.627
0.627
0.627
0.627
0.627
0.627
0.627
0.626
0.626
0.626
0.626
0.626
0.627
0.627
0.627
0.626
0.626
0.626
0.626
0.626
0.626
0.625
0.626
0.626
0.626
0.626
0.625
0.625
0.625
0.625
0.626
0.626
0.626
0.626
0.626
0.626
0.627
0.627
0.626
0.626
0.627
0.627
0.627
0.627
0.627
0.628
0.628
0.628
0.628
0.627
0.627
0.627
0.626
0.626
0.626
0.626
0.626
0.626
0.626
0.626
0.626
0.626
0.626
0.626
0.626
0.626
0.625
0.625
0.625
0.625
0.625
0.625
0.625
0.626
0.626
0.626
0.626
0.626
0.626
0.626
0.626
0.626
0.625
0.625
0.625
0.625
0.625
0.625
0.625
0.624
0.625
0.625
0.625
0.625
0.625
0.625
0.625
0.626
0.626
0.626
0.626
0.626
0.626
0.627
0.627
0.627
0.627
0.627
0.627
0.627
0.627
0.627
0.627
0.627
0.626
0.626
0.626
0.626
0.626
0.626
0.625
0.625
0.625
0.625
0.625
0.624
0.624
0.624
0.624
0.624
0.624
0.624
0.624
0.624
0.624
0.624
0.624
0.624
0.624
0.624
0.624
0.623
0.623
0.623
0.623
0.623
0.623
0.623
0.622
0.622
0.622
0.622
0.622
0.623
0.623
0.623
0.623
0.623
0.623
0.623
0.623
0.623
0.623
0.623
0.623
0.623
0.623
0.623
0.623
0.622
0.622
0.622
0.622
0.622
0.622
0.622
0.622
0.622
0.622
0.622
0.622
0.622
0.622
0.622
0.622
0.622
0.622
0.622
0.622
0.622
0.622
0.622
0.622
0.622
0.621
0.621
0.621
0.621
0.621
0.621
0.621
0.621
0.621
0.620
0.620
0.620
0.620
0.620
0.620
0.620
0.620
0.620
0.620
0.620
0.620
0.620
0.620
0.620
0.620
0.620
0.621
0.621
0.621
0.621
0.621
0.621
0.621
0.620
0.620
0.620
0.620
0.620
0.621
0.621
0.621
0.621
0.622
0.622
0.622
0.622
0.622
0.622
0.622
0.622
0.622
0.621
0.621
0.621
0.621
0.621
0.622
0.621
0.622
0.622
0.621
0.621
0.621
0.621
0.621
0.621
0.621
0.621
0.621
0.621
0.621
0.620
0.620
0.620
0.620
0.620
0.620
0.620
0.620
0.620
0.619
0.620
0.620
0.620
0.620
0.621
0.621
0.621
0.621
0.621
0.622
0.622
0.622
0.622
0.622
0.622
0.622
0.622
0.622
0.621
0.621
0.621
0.621
0.621
0.621
0.620
0.620
0.620
0.621
0.621
0.621
0.620
0.620
0.621
0.620
0.620
0.621
0.621
0.621
0.621
0.621
0.621
0.621
0.621
0.621
0.621
0.621
0.621
0.620
0.621
0.621
0.621
0.620
0.620
0.620
0.620
0.620
0.620
0.620
0.621
0.620
0.620
0.620
0.621
0.621
0.621
0.621
0.621
0.621
0.621
0.621
0.621
0.620
0.620
0.620
0.620
0.620
0.620
0.620
0.621
0.621
0.620
0.620
0.620
0.621
0.621
0.621
0.621
0.621
0.622
0.622
0.622
0.622
0.622
0.622
0.623
0.623
0.623
0.623
0.623
0.623
0.623
0.624
0.624
0.624
0.624
0.624
0.625
0.625
0.625
0.625
0.625
0.625
0.625
0.625
0.625
0.625
0.625
0.625
0.625
0.625
0.625
0.625
0.625
0.624
0.624
0.624
0.624
0.625
0.625
0.625
0.625
0.625
0.625
0.625
0.625
0.625
0.625
0.626
0.625
0.625
0.625
0.625
0.626
0.626
0.626
0.626
0.625
0.625
0.625
0.625
0.625
0.625
0.625
0.625
0.625
0.625
0.625
0.625
0.625
0.625
0.625
0.625
0.625
0.625
0.624
0.624
0.624
0.624
0.624
0.624
0.624
0.624
0.624
0.624
0.624
0.624
0.624
0.624
0.623
0.623
0.623
0.623
0.623
0.623
0.624
0.624
0.624
0.624
0.623
0.623
0.623
0.623
0.623
0.623
0.623
0.623
0.623
0.622
0.622
0.622
0.622
0.622
0.623
0.623
0.623
0.622
0.622
0.622
0.622
0.622
0.622
0.622
0.622
0.622
0.622
0.621
0.621
0.621
0.621
0.621
0.621
0.621
0.621
0.621
0.621
0.621
0.621
0.622
0.622
0.622
0.622
0.622
0.622
0.622
0.622
0.622
0.622
0.622
0.622
0.622
0.622
0.622
0.622
0.622
0.622
0.622
0.622
0.622
0.622
0.622
0.622
0.622
0.622
0.622
0.622
0.622
0.621
0.622
0.622
0.622
0.622
0.622
0.622
0.622
0.622
0.623
0.623
0.623
0.623
0.623
0.623
0.623
0.623
0.622
0.623
0.623
0.622
0.623
0.623
0.623
0.623
0.623
0.622
0.622
0.622
0.622
0.622
0.622
0.622
0.622
0.622
0.622
0.622
0.622
0.622
0.622
0.622
0.623
0.623
0.623
0.623
0.623
0.622
0.622
0.622
0.622
0.622
0.622
0.622
0.622
0.622
0.622
0.622
0.622
0.622
0.622
0.622
0.622
0.622
0.623
0.623
0.623
0.623
0.623
0.623
0.623
0.623
0.622
0.622
0.622
0.622
0.623
0.622
0.622
0.622
0.622
0.622
0.622
0.622
0.622
0.622
0.622
0.622
0.622
0.622
0.622
0.622
0.622
0.622
0.622
0.622
0.622
0.622
0.622
0.622
0.622
0.622
0.622
0.622
0.622
0.622
0.622
0.622
0.622
0.622
0.622
0.622
0.622
0.623
0.623
0.623
0.623
0.623
0.623
0.624
0.624
0.624
0.624
0.624
0.625
0.625
0.625
0.625
0.625
0.625
0.625
0.625
0.625
0.625
0.624
0.624
0.624
0.624
0.624
0.624
0.624
0.624
0.624
0.625
0.625
0.625
0.625
0.625
0.625
0.625
0.625
0.625
0.625
0.625
0.625
0.625
0.625
0.625
0.625
0.625
0.625
0.626
0.626
0.626
0.626
0.626
0.626
0.626
0.626
0.625
0.625
0.625
0.625
0.625
0.625
0.625
0.625
0.624
0.624
0.624
0.624
0.624
0.624
0.624
0.624
0.624
0.624
0.624
0.624
0.623
0.623
0.623
0.623
0.623
0.623
0.623
0.623
0.623
0.623
0.623
0.623
0.623
0.623
0.623
0.623
0.622
0.622
0.622
0.622
0.622
0.622
0.622
0.622
0.622
0.622
0.622
0.622
0.622
0.621
0.621
0.622
0.622
0.622
0.622
0.621
0.621
0.621
0.621
0.621
0.621
0.621
0.621
0.621
0.621
0.621
0.621
0.621
0.621
0.621
0.620
0.620
0.620
0.620
0.620
0.620
0.620
0.620
0.620
0.620
0.620
0.620
0.620
0.620