Precisão média por imagem
0.681
0.615
0.641
0.606
0.588
0.574
0.557
0.569
0.567
0.598
0.596
0.588
0.585
0.583
0.586
0.581
0.583
0.579
0.574
0.575
0.571
0.571
0.570
0.568
0.567
0.565
0.564
0.563
0.564
0.559
0.560
0.563
0.560
0.557
0.555
0.552
0.551
0.550
0.552
0.553
0.551
0.548
0.548
0.547
0.549
0.547
0.549
0.547
0.545
0.551
0.549
0.547
0.548
0.547
0.550
0.548
0.550
0.548
0.547
0.546
0.546
0.544
0.543
0.542
0.542
0.544
0.542
0.543
0.544
0.542
0.543
0.541
0.540
0.541
0.540
0.538
0.539
0.539
0.540
0.541
0.540
0.540
0.538
0.536
0.536
0.534
0.534
0.533
0.532
0.532
0.531
0.533
0.532
0.531
0.530
0.530
0.532
0.531
0.530
0.529
0.529
0.528
0.529
0.529
0.529
0.528
0.528
0.529
0.529
0.529
0.528
0.527
0.525
0.525
0.524
0.523
0.523
0.522
0.521
0.523
0.522
0.523
0.523
0.522
0.523
0.524
0.523
0.523
0.523
0.522
0.521
0.521
0.523
0.523
0.523
0.523
0.523
0.523
0.522
0.523
0.523
0.523
0.522
0.522
0.522
0.523
0.522
0.522
0.522
0.521
0.521
0.520
0.520
0.520
0.519
0.521
0.521
0.521
0.520
0.521
0.522
0.523
0.525
0.525
0.524
0.525
0.524
0.525
0.524
0.525
0.524
0.524
0.523
0.523
0.522
0.523
0.522
0.522
0.521
0.521
0.521
0.521
0.522
0.523
0.522
0.523
0.523
0.523
0.524
0.525
0.524
0.524
0.524
0.524
0.524
0.523
0.522
0.522
0.522
0.523
0.523
0.523
0.523
0.522
0.522
0.523
0.522
0.522
0.522
0.522
0.522
0.522
0.522
0.523
0.524
0.523
0.524
0.525
0.525
0.526
0.526
0.526
0.527
0.527
0.527
0.527
0.526
0.526
0.526
0.526
0.526
0.527
0.526
0.527
0.526
0.527
0.527
0.528
0.528
0.527
0.527
0.527
0.526
0.526
0.526
0.525
0.525
0.525
0.525
0.525
0.524
0.524
0.524
0.525
0.525
0.526
0.526
0.527
0.527
0.527
0.527
0.526
0.526
0.526
0.526
0.526
0.526
0.526
0.526
0.527
0.527
0.528
0.528
0.528
0.528
0.528
0.527
0.527
0.528
0.528
0.528
0.528
0.528
0.529
0.528
0.529
0.529
0.529
0.529
0.529
0.529
0.529
0.528
0.529
0.529
0.529
0.529
0.529
0.530
0.529
0.530
0.530
0.530
0.530
0.530
0.530
0.531
0.530
0.530
0.530
0.530
0.530
0.529
0.529
0.529
0.529
0.529
0.530
0.529
0.529
0.529
0.529
0.529
0.528
0.528
0.529
0.529
0.529
0.529
0.529
0.530
0.531
0.531
0.531
0.531
0.532
0.532
0.533
0.533
0.533
0.533
0.533
0.533
0.533
0.533
0.533
0.533
0.533
0.533
0.533
0.533
0.533
0.532
0.532
0.532
0.532
0.531
0.531
0.531
0.531
0.531
0.530
0.531
0.530
0.530
0.530
0.530
0.529
0.529
0.529
0.529
0.529
0.529
0.529
0.529
0.529
0.529
0.529
0.529
0.529
0.529
0.529
0.530
0.530
0.530
0.529
0.529
0.529
0.529
0.530
0.530
0.530
0.531
0.531
0.531
0.531
0.531
0.532
0.532
0.532
0.532
0.532
0.532
0.532
0.532
0.532
0.532
0.532
0.532
0.532