Precisão média por imagem
0.196
0.206
0.169
0.182
0.171
0.161
0.189
0.207
0.200
0.194
0.193
0.204
0.215
0.208
0.217
0.221
0.217
0.215
0.212
0.209
0.210
0.215
0.225
0.230
0.229
0.227
0.227
0.224
0.221
0.218
0.225
0.225
0.225
0.224
0.230
0.234
0.236
0.241
0.239
0.241
0.237
0.238
0.246
0.251
0.250
0.251
0.251
0.250
0.250
0.248
0.246
0.247
0.246
0.249
0.248
0.250
0.255
0.260
0.257
0.268
0.272
0.274
0.275
0.272
0.272
0.271
0.276
0.274
0.273
0.281
0.283
0.281
0.282
0.280
0.279
0.278
0.281
0.280
0.283
0.281
0.284
0.282
0.281
0.281
0.280
0.280
0.279
0.286
0.285
0.290
0.288
0.291
0.289
0.290
0.288
0.288
0.287
0.286
0.286
0.283
0.283
0.282
0.280
0.279
0.279
0.278
0.278
0.278
0.278
0.276
0.277
0.277
0.276
0.276
0.274
0.275
0.275
0.279
0.281
0.281
0.281
0.281
0.281
0.281
0.280
0.279
0.278
0.277
0.277
0.276
0.278
0.278
0.277
0.278
0.279
0.279
0.279
0.279
0.279
0.281
0.280
0.284
0.283
0.282
0.281
0.281
0.281
0.280
0.279
0.278
0.278
0.277
0.277
0.277
0.277
0.277
0.277
0.281
0.279
0.279
0.279
0.279
0.279
0.279
0.278
0.278
0.278
0.277
0.277
0.277
0.276
0.275
0.275
0.274
0.273
0.273
0.273
0.272
0.271
0.273
0.275
0.275
0.275
0.276
0.275
0.274
0.275
0.277
0.278
0.277
0.277
0.276
0.276
0.275
0.275
0.276
0.275
0.275
0.276
0.276
0.275
0.274
0.274
0.274
0.274
0.273
0.273
0.272
0.272
0.271
0.271
0.271
0.271
0.271
0.270
0.271
0.271
0.271
0.271
0.271
0.270
0.270
0.271
0.270
0.270
0.272
0.271
0.271
0.273
0.273
0.273
0.273
0.273
0.272
0.272
0.271
0.272
0.271
0.272
0.271
0.272
0.272
0.271
0.271
0.271
0.271
0.270
0.269
0.270
0.269
0.268
0.269
0.268
0.268
0.268
0.268
0.268
0.268
0.267
0.267
0.268
0.268
0.267
0.268
0.270
0.269
0.269
0.269
0.269
0.270
0.269
0.269
0.269
0.269
0.268
0.269
0.269
0.269
0.268
0.268
0.268
0.268
0.268
0.269
0.269
0.269
0.269
0.269
0.268
0.268
0.268
0.268
0.269
0.269
0.268
0.268
0.268
0.268
0.267
0.267
0.267
0.267
0.268
0.267
0.267
0.267
0.266
0.266
0.266
0.265
0.266
0.266
0.266
0.266
0.265
0.265
0.265
0.265
0.265
0.265
0.265
0.264
0.264
0.264
0.264
0.264
0.264
0.264
0.263
0.263
0.264
0.264
0.263
0.264
0.264
0.264
0.264
0.264
0.264
0.263
0.263
0.263
0.263
0.263
0.264
0.264
0.264
0.263
0.263
0.263
0.263
0.262
0.262
0.262
0.262
0.262
0.262
0.262
0.261
0.261
0.261
0.261
0.261
0.261
0.260
0.260
0.260
0.260
0.260
0.260
0.260
0.260
0.260
0.259
0.259
0.259
0.259
0.259
0.258
0.258
0.258
0.258
0.258
0.258
0.258
0.258
0.258
0.258
0.258
0.257
0.257
0.257
0.256
0.256
0.256
0.257
0.257
0.257
0.256
0.256
0.256
0.256
0.256
0.256
0.256
0.256
0.256
0.255
0.255
0.255
0.255
0.255
0.254
0.254
0.254
0.254
0.254
0.254
0.254
0.253
0.254
0.254
0.254
0.254
0.254
0.254
0.254
0.253
0.253
0.253
0.254
0.254
0.253
0.253
0.253
0.253
0.253
0.253
0.252
0.252
0.252
0.252
0.253
0.252
0.252
0.252
0.252
0.252
0.251
0.251
0.251
0.251
0.250
0.250
0.250
0.249
0.249
0.249
0.249
0.249
0.249
0.249
0.249
0.249
0.249
0.249
0.249
0.249
0.249
0.249
0.249
0.249
0.249
0.249
0.248
0.248
0.248
0.248
0.248
0.248
0.248
0.248
0.248
0.248
0.248
0.248
0.248
0.248
0.248
0.248
0.248
0.247
0.248
0.248
0.248
0.248
0.248
0.248
0.248
0.248
0.248
0.248
0.248
0.248
0.248
0.248
0.248
0.248
0.248
0.248
0.248
0.248
0.248
0.248
0.248
0.248
0.248
0.249
0.249
0.249
0.249
0.249
0.249
0.249
0.249
0.249
0.249
0.249
0.249
0.249
0.249
0.249
0.249
0.249
0.249
0.249
0.249
0.249
0.249
0.249
0.249
0.249
0.249
0.249
0.249
0.249
0.249
0.249
0.249
0.249
0.249
0.249
0.249
0.249
0.249
0.249
0.249
0.249
0.250
0.250
0.250
0.250
0.250
0.250
0.250
0.250
0.250
0.250
0.250
0.251
0.251
0.251
0.251
0.251
0.252
0.252
0.252
0.252
0.251
0.252
0.252
0.252
0.252
0.252
0.252
0.252
0.252
0.252
0.252
0.252
0.252
0.252
0.252
0.252
0.252
0.252
0.252
0.253
0.253
0.253
0.253
0.253
0.253
0.253
0.253
0.253
0.253
0.253
0.253
0.253
0.253
0.253
0.253
0.253
0.253
0.253
0.254
0.254
0.254
0.254
0.254
0.254
0.254
0.254
0.255
0.255
0.255
0.254
0.254
0.255
0.254
0.254
0.255
0.255
0.255
0.255
0.255
0.256
0.256
0.256
0.256
0.256
0.256
0.256
0.256
0.256
0.256
0.257
0.257
0.257
0.257
0.257
0.257
0.257
0.258
0.258
0.258
0.258
0.258
0.258
0.258
0.258
0.259
0.259
0.259
0.259
0.259
0.259
0.259
0.259
0.260
0.260
0.260
0.260
0.260
0.260
0.260
0.260
0.260
0.261
0.261
0.261
0.261
0.261
0.261
0.261
0.261
0.261
0.261
0.261
0.261
0.261
0.261
0.261
0.261
0.261
0.261
0.261
0.261
0.261
0.261
0.261
0.261
0.261
0.261
0.261
0.261
0.261
0.261
0.261
0.261
0.262
0.262
0.262
0.262
0.262
0.262
0.262
0.262
0.262
0.262
0.262
0.262
0.262
0.262
0.262
0.262
0.262
0.262
0.262
0.262
0.262
0.262
0.262
0.262
0.262
0.262
0.262
0.262
0.262
0.262
0.262
0.262
0.262
0.262
0.262
0.262
0.263
0.263
0.263
0.263
0.263
0.263
0.263
0.263
0.263
0.263
0.263
0.263
0.263
0.263
0.263
0.263
0.263
0.263
0.263
0.263
0.263
0.263
0.263
0.263
0.263
0.264
0.264
0.264
0.264
0.264
0.264
0.264
0.264
0.264
0.264
0.264
0.264
0.264
0.264
0.264
0.264
0.264
0.264
0.264
0.264
0.264
0.264
0.264
0.264
0.264
0.264
0.264
0.264
0.264
0.264
0.264
0.264
0.264
0.264
0.264
0.264
0.264
0.264
0.264
0.264
0.264
0.264
0.264
0.264
0.265
0.265
0.265
0.265
0.265
0.265
0.265
0.265
0.265
0.265
0.265
0.265
0.265
0.265
0.265
0.265
0.265
0.265
0.266
0.266
0.266
0.266
0.266
0.266
0.266
0.266
0.266
0.266
0.266
0.266
0.266
0.266
0.266
0.266
0.266
0.266
0.266
0.266
0.266
0.266
0.267
0.267
0.267
0.267
0.267
0.267
0.267
0.267
0.267
0.267
0.267
0.267
0.267
0.267
0.267
0.267
0.267
0.267
0.267
0.267
0.267
0.267
0.267
0.267
0.267
0.267
0.266
0.266
0.267
0.267
0.267
0.267
0.266
0.266
0.266
0.266
0.266
0.266
0.266
0.266
0.266
0.266
0.266
0.266
0.266
0.266
0.266
0.266
0.266
0.266
0.266
0.266
0.266
0.266
0.266
0.266
0.266
0.266
0.266
0.266
0.266
0.266
0.266
0.267
0.267
0.267
0.266
0.266
0.266
0.266
0.266
0.267
0.267
0.267
0.267
0.267
0.267
0.267
0.267
0.267
0.267
0.267
0.267
0.267
0.267
0.267
0.267
0.267
0.267
0.267
0.267
0.267
0.267
0.267
0.267
0.267
0.267
0.267
0.267
0.267
0.267
0.267
0.267
0.267
0.267
0.267
0.267
0.267
0.266
0.267
0.268
0.268
0.268
0.268
0.268
0.268
0.268
0.268
0.269
0.269
0.269
0.269
0.270
0.270
0.270
0.270
0.270
0.270
0.270
0.270
0.271
0.271
0.271
0.271
0.270
0.270
0.270
0.270
0.271
0.270
0.270
0.270
0.270
0.269
0.269
0.270
0.270
0.269
0.270
0.270
0.271
0.270
0.270
0.270
0.270
0.270
0.270
0.270
0.270
0.271
0.271
0.271
0.272
0.272
0.272
0.272
0.273
0.272
0.272
0.272
0.273
0.273
0.273
0.273
0.273
0.273
0.273
0.273
0.273
0.272
0.272
0.273
0.274
0.273
0.273
0.273
0.274
0.274
0.275
0.274
0.275
0.275
0.276
0.275
0.275
0.275
0.275
0.276
0.276
0.277
0.276
0.277
0.277
0.277
0.277
0.277
0.277
0.277
0.277
0.278
0.277
0.277
0.277
0.278
0.277
0.278
0.278
0.279
0.279
0.278
0.279
0.279
0.279
0.279
0.279
0.279
0.278
0.278
0.278
0.278
0.279
0.279
0.279
0.279
0.279
0.279
0.279
0.280
0.280
0.280
0.280
0.280
0.281
0.281
0.281
0.281
0.281
0.281
0.281
0.281
0.281
0.281
0.281
0.281
0.281
0.281
0.281
0.282
0.283
0.283
0.283
0.283
0.284
0.283
0.283
0.283
0.283
0.283
0.283
0.283
0.283
0.282
0.282
0.283
0.283
0.283
0.283
0.284
0.284
0.284
0.284
0.284
0.284
0.284
0.284
0.284
0.284
0.285
0.285
0.286
0.286
0.286
0.286
0.286
0.286
0.286
0.286
0.286
0.286
0.286
0.286
0.287
0.287
0.287
0.287
0.286
0.286
0.286
0.286
0.286
0.286
0.286
0.286
0.286
0.286
0.286
0.286
0.286
0.286
0.286
0.286
0.286
0.286
0.286
0.287
0.287
0.287
0.286
0.286
0.286
0.286
0.286
0.285
0.286
0.286
0.287
0.287
0.286
0.287
0.288
0.288
0.288
0.288
0.288
0.288
0.288
0.289
0.289
0.289
0.289
0.289
0.289
0.289
0.290
0.289
0.289
0.290
0.289
0.289
0.290
0.290
0.290
0.290
0.290
0.290
0.290
0.291
0.290
0.290
0.290
0.290
0.290
0.291
0.291
0.290
0.290
0.290
0.290
0.290
0.290
0.290
0.291
0.291
0.291
0.292
0.292
0.292
0.292
0.292
0.292
0.292
0.292
0.292
0.293
0.293
0.292
0.292
0.293
0.293
0.293
0.293
0.293
0.293
0.293
0.294
0.294
0.294
0.294
0.294
0.294
0.294
0.294
0.294
0.294
0.294
0.294
0.294
0.294
0.295
0.295
0.295
0.295
0.295
0.296
0.295
0.296
0.296
0.296
0.296
0.297
0.297
0.297
0.298
0.298
0.298
0.298
0.298
0.298
0.298
0.298
0.298
0.298
0.297
0.298
0.298
0.298
0.298
0.298
0.298
0.298
0.298
0.298
0.298
0.298
0.298
0.298
0.298
0.298
0.299
0.298
0.298
0.298
0.298
0.298
0.299
0.299
0.299
0.300
0.299
0.299
0.299
0.300
0.300
0.300
0.300
0.300
0.300
0.300
0.300
0.300
0.300
0.300
0.300
0.300
0.300
0.300
0.300
0.300
0.300
0.300
0.300
0.300
0.300
0.300
0.300
0.301
0.301
0.301
0.301
0.301
0.301
0.301
0.301
0.301
0.301
0.301
0.301
0.301
0.300
0.300
0.300
0.300
0.300
0.300
0.300
0.300
0.300
0.300
0.300
0.300
0.300
0.300
0.300
0.300
0.300
0.300
0.300
0.300
0.300
0.300
0.300
0.300
0.300
0.300
0.300
0.300
0.300
0.301
0.301
0.301
0.301
0.301
0.301
0.300
0.301
0.300
0.301
0.301
0.301
0.301
0.301
0.301
0.301
0.301
0.301
0.301
0.301
0.301
0.301
0.301
0.301
0.301
0.301
0.301
0.301
0.301
0.301
0.301
0.301
0.301
0.301
0.301
0.301
0.301
0.301
0.301
0.301
0.301
0.301
0.302
0.302
0.302
0.302
0.302
0.302
0.302
0.302
0.302
0.302
0.302
0.302
0.302
0.302
0.302
0.302
0.302
0.302
0.302
0.302
0.302
0.302
0.302
0.302
0.302
0.302
0.302
0.302
0.302
0.302
0.302
0.302
0.302
0.302
0.302
0.302
0.302
0.302
0.302
0.302
0.302
0.302
0.302
0.302
0.302
0.302
0.302
0.302
0.302
0.302
0.302
0.302
0.302
0.302
0.303
0.303
0.303
0.303
0.304
0.304
0.305
0.305
0.305
0.306
0.306
0.307
0.307
0.307
0.307
0.308
0.308
0.308
0.309
0.309
0.309
0.310
0.310
0.311
0.310
0.311
0.311
0.312
0.312
0.312
0.313
0.313
0.313
0.314
0.314
0.314
0.314
0.314
0.314
0.314
0.315
0.315
0.316
0.315
0.315
0.315
0.315
0.315
0.315
0.315
0.315
0.315
0.315
0.315
0.316
0.316
0.316
0.317
0.317
0.317
0.318
0.318
0.319
0.319
0.319
0.319
0.320
0.320
0.320
0.320
0.321
0.320
0.320
0.320
0.320
0.320
0.320
0.320
0.320
0.320
0.320
0.320
0.319
0.319
0.319
0.319
0.319
0.319
0.319
0.319
0.319
0.320
0.320
0.320
0.321
0.320
0.321
0.321
0.321
0.321
0.322
0.322
0.322
0.322
0.322
0.322
0.322
0.322
0.322
0.321
0.321
0.321
0.321
0.321
0.321
0.321
0.321
0.321
0.321
0.322
0.322
0.322
0.322
0.323
0.323
0.323
0.322
0.322
0.322
0.322
0.322
0.322
0.322
0.322
0.322
0.321
0.321
0.321
0.321
0.321
0.322
0.322
0.321
0.321
0.321
0.321
0.321
0.321
0.321
0.321
0.321
0.321
0.321
0.320
0.320
0.320
0.320
0.320
0.320
0.320
0.320
0.320
0.320
0.319
0.319
0.319
0.320
0.320
0.319
0.319
0.319
0.319
0.319
0.319
0.319
0.319
0.319
0.319
0.319
0.319
0.318
0.318
0.318
0.319
0.318
0.318
0.318
0.318
0.318
0.318
0.318
0.318
0.318
0.317
0.317
0.318
0.318
0.318
0.317
0.317
0.317
0.317
0.317
0.317
0.317
0.317
0.316
0.316
0.316
0.317
0.316
0.316
0.316
0.316
0.316
0.316
0.317
0.317
0.316
0.316
0.316
0.316
0.316
0.316
0.316
0.316
0.316
0.316
0.316
0.316
0.316
0.316
0.316
0.316
0.316
0.316
0.316
0.316
0.316
0.316
0.316
0.316
0.316
0.316
0.316
0.316
0.316
0.316
0.316
0.316
0.316
0.316
0.316
0.315
0.315
0.315
0.315
0.315
0.315
0.315
0.315
0.315
0.315
0.315
0.315
0.315
0.315
0.315
0.315
0.315
0.315
0.315
0.315
0.315
0.315
0.315
0.315
0.315
0.315
0.315
0.315
0.315
0.315
0.315
0.315
0.315
0.315
0.315
0.315
0.315
0.315
0.315
0.315
0.315
0.315
0.315
0.315
0.315
0.315
0.315
0.315
0.315
0.315
0.315
0.315
0.315
0.315
0.315
0.315
0.314
0.315
0.315
0.315
0.314
0.314
0.314
0.314
0.314
0.314
0.314
0.314
0.314
0.314
0.314
0.314
0.314
0.314
0.314
0.314
0.314
0.314
0.314
0.314
0.314
0.314
0.314
0.314
0.314
0.314
0.314
0.314
0.314
0.314
0.314
0.314
0.314
0.314
0.314
0.314
0.314
0.314
0.314
0.314
0.314
0.314
0.314
0.314
0.314
0.314
0.314
0.314
0.314
0.314
0.314
0.314
0.314
0.314
0.314
0.314
0.314
0.314
0.313
0.314
0.313
0.314
0.313
0.313
0.314
0.314
0.313
0.314
0.314
0.314
0.313
0.313
0.313
0.313
0.313
0.313
0.313
0.313
0.313
0.313
0.313
0.313
0.313
0.313
0.313
0.313
0.313
0.313
0.313
0.313
0.313
0.313
0.313
0.313
0.313
0.313
0.313
0.313
0.313
0.313
0.313
0.313
0.313
0.313
0.312
0.312
0.312
0.313
0.313
0.313
0.312
0.313
0.313
0.313
0.313
0.313
0.313
0.313
0.313
0.313
0.313
0.313
0.313
0.313
0.313
0.314
0.314
0.314
0.314
0.314
0.314
0.314
0.314
0.314
0.314
0.314
0.314
0.314
0.314
0.314
0.314
0.314
0.314
0.314
0.314
0.314
0.314
0.314
0.314
0.314
0.314
0.314
0.314
0.314
0.314
0.314
0.314
0.314
0.314
0.314
0.314
0.315
0.315
0.315
0.315
0.315
0.315
0.315
0.315
0.315
0.315
0.315
0.315
0.315
0.315
0.314
0.314
0.314
0.314
0.314
0.315
0.315
0.315
0.315
0.315
0.315
0.315
0.315
0.315
0.315
0.315
0.315
0.315
0.315
0.315
0.315
0.315
0.315
0.315
0.315
0.315
0.315
0.315
0.315
0.315
0.315
0.315
0.315
0.315
0.315
0.315
0.315
0.315
0.315
0.314
0.314
0.314
0.314
0.314
0.314
0.314
0.315
0.314
0.314
0.314
0.314
0.314
0.314
0.314
0.314
0.314
0.314
0.314
0.314
0.314
0.314
0.314
0.314
0.314
0.314
0.314
0.314
0.314
0.314
0.314
0.314
0.314
0.314
0.314
0.314
0.314
0.314
0.314
0.314
0.314
0.314
0.314
0.314
0.314
0.314
0.314
0.314
0.314
0.314
0.314
0.314
0.314
0.314
0.314
0.314
0.314
0.313
0.313
0.313
0.313
0.313
0.314
0.314
0.314
0.314
0.314
0.314
0.313
0.314
0.314
0.314
0.314
0.314
0.314
0.314
0.314
0.314
0.314
0.314
0.314
0.314
0.314
0.314
0.314
0.314
0.314
0.314
0.313
0.313
0.314
0.314
0.314
0.314
0.314
0.314
0.314
0.314
0.314
0.314
0.314
0.314
0.314
0.314
0.314
0.313
0.313
0.313
0.313
0.313
0.313
0.313
0.313
0.313
0.313
0.313
0.313
0.313
0.313
0.313
0.313
0.313
0.313
0.313
0.313
0.313
0.313
0.313
0.313
0.313
0.313
0.313
0.313
0.313
0.313
0.313
0.313
0.313
0.313
0.313
0.313
0.313
0.313
0.313
0.313
0.313
0.313
0.313
0.313
0.313
0.313
0.313
0.313
0.313
0.313
0.313
0.313
0.313
0.313
0.313
0.313
0.313
0.313
0.313
0.313
0.313
0.313
0.313
0.313
0.313
0.313
0.313
0.313
0.313
0.313
0.313
0.313
0.313
0.313
0.313
0.313
0.313
0.313
0.313
0.313
0.313
0.313
0.313
0.313
0.313
0.313
0.313
0.313
0.313
0.313
0.313
0.313
0.313
0.313
0.313
0.313
0.313
0.313
0.313
0.313
0.313
0.313
0.313
0.313
0.313
0.313
0.313
0.313
0.313
0.313
0.313
0.313
0.313
0.313
0.313
0.313