Precisão média por imagem
0.504
0.504
0.520
0.534
0.581
0.614
0.627
0.647
0.655
0.667
0.669
0.665
0.673
0.674
0.671
0.667
0.666
0.665
0.661
0.664
0.670
0.673
0.667
0.661
0.659
0.651
0.648
0.641
0.634
0.628
0.622
0.619
0.615
0.609
0.603
0.606
0.610
0.612
0.612
0.615
0.612
0.608
0.611
0.610
0.613
0.616
0.617
0.616
0.615
0.611
0.610
0.608
0.604
0.600
0.597
0.593
0.590
0.587
0.588
0.592
0.593
0.594
0.591
0.588
0.590
0.591
0.593
0.594
0.592
0.591
0.592
0.592
0.591
0.591
0.590
0.589
0.588
0.586
0.585
0.583
0.582
0.585
0.586
0.585
0.588
0.590
0.592
0.592
0.592
0.591
0.589
0.589
0.589
0.589
0.589
0.590
0.592
0.593
0.594
0.596
0.598
0.600
0.601
0.603
0.604
0.604
0.606
0.606
0.606
0.606
0.607
0.607
0.607
0.607
0.609
0.610
0.610
0.611
0.610
0.608
0.610
0.610
0.611
0.612
0.610
0.609
0.607
0.607
0.606
0.605
0.603
0.602
0.601
0.601
0.602
0.602
0.602
0.601
0.601
0.600
0.600
0.600
0.600
0.600
0.601
0.600
0.599
0.598
0.598
0.598
0.598
0.598
0.598
0.599
0.599
0.598
0.599
0.600
0.600
0.600
0.600
0.602
0.603
0.602
0.600
0.600
0.599
0.599
0.599
0.598
0.598
0.598
0.598
0.599
0.600
0.600
0.600
0.599
0.599
0.598
0.597
0.596
0.596
0.596
0.596
0.596
0.595
0.594
0.594
0.593
0.592
0.593
0.593
0.592
0.591
0.592
0.593
0.593
0.594
0.595
0.595
0.595
0.594
0.595
0.595
0.596
0.597
0.597
0.598
0.598
0.598
0.597
0.598
0.598
0.597
0.597
0.597
0.598
0.597
0.598
0.597
0.596
0.596
0.597
0.598
0.598
0.597
0.597
0.597
0.597
0.596
0.596
0.597
0.597
0.597
0.597
0.597
0.597
0.596
0.596
0.596
0.596
0.597
0.597
0.597
0.597
0.598
0.598
0.597
0.598
0.598
0.598
0.598
0.599
0.599
0.600
0.600
0.600
0.600
0.601
0.601
0.602
0.602
0.602
0.603
0.603
0.603
0.604
0.605
0.605
0.605
0.605
0.605
0.604
0.605
0.605
0.605
0.605
0.605
0.605
0.605
0.605
0.605
0.606
0.606
0.606
0.606
0.605
0.605
0.604
0.603
0.603
0.603
0.604
0.603
0.602
0.603
0.602
0.603
0.603
0.603
0.603
0.603
0.602
0.602
0.601
0.602
0.602
0.602
0.601
0.602
0.602
0.603
0.603
0.603
0.603
0.603
0.604
0.604
0.605
0.605
0.605
0.606
0.606
0.607
0.607
0.607
0.607
0.606
0.606
0.607
0.606
0.606
0.606
0.606
0.606
0.607
0.607
0.608
0.608
0.608
0.608
0.608
0.608
0.608
0.608
0.608
0.608
0.609
0.609
0.609
0.609
0.609
0.609
0.608
0.608
0.609
0.609
0.610
0.610
0.610
0.610
0.610
0.610
0.610
0.609
0.609
0.609
0.609
0.609
0.610
0.610
0.610
0.611
0.611
0.611
0.611
0.611
0.611
0.611
0.611
0.611
0.611
0.611
0.612
0.612
0.612
0.613
0.613
0.613
0.613
0.613
0.613
0.614
0.614
0.614
0.615
0.615
0.615
0.615
0.614
0.614
0.614
0.614
0.615
0.614
0.614
0.614
0.614
0.614
0.614
0.614
0.613
0.614
0.614
0.614
0.614
0.614
0.613
0.613
0.613
0.612
0.612
0.612
0.612
0.612
0.612
0.613
0.613
0.613
0.613
0.613
0.613
0.613
0.613
0.613
0.614
0.614
0.614
0.614
0.614
0.615
0.615
0.615
0.616
0.616
0.616
0.616
0.616
0.616
0.616
0.616
0.616
0.615
0.615
0.615
0.615
0.615
0.615
0.614
0.614
0.614
0.614
0.614
0.614
0.614
0.613
0.613
0.613
0.613
0.613
0.612
0.612
0.612
0.612
0.612
0.612
0.611
0.611
0.611
0.611
0.612
0.612
0.612
0.612
0.611
0.611
0.611
0.610
0.610
0.610
0.610
0.610
0.610
0.610
0.611
0.610
0.610
0.610
0.610
0.610
0.610
0.610
0.609
0.609
0.610
0.610
0.610
0.610
0.611
0.611
0.611
0.610
0.610
0.610
0.610
0.610
0.610
0.610
0.610
0.610
0.610
0.609
0.609
0.609
0.608
0.608
0.608
0.608
0.608
0.608
0.607
0.607
0.607
0.607
0.607
0.607
0.607
0.607
0.607
0.607
0.607
0.607
0.608
0.608
0.608
0.608
0.608
0.608
0.608
0.608
0.608
0.608
0.608
0.608
0.608
0.607
0.607
0.607
0.606
0.606
0.607
0.607
0.607
0.607
0.608
0.608
0.608
0.608
0.608
0.608
0.607
0.608
0.608
0.608
0.608
0.607
0.607
0.607
0.607
0.607
0.606
0.606
0.606
0.606
0.606
0.606
0.606
0.607
0.607
0.607
0.607
0.607
0.607
0.607
0.607
0.607
0.607
0.607
0.607
0.607
0.607
0.607
0.607
0.607
0.608
0.608
0.608
0.608
0.608
0.608
0.608
0.608
0.608
0.607
0.607
0.607
0.608
0.608
0.608
0.608
0.608
0.608
0.609
0.609
0.609
0.609
0.609
0.609
0.609
0.608
0.608
0.608
0.608
0.608
0.609
0.609
0.609
0.609
0.609
0.609
0.609
0.609
0.609
0.609
0.609
0.609
0.609
0.609
0.609
0.609
0.609
0.609
0.609
0.610
0.610
0.610
0.610
0.610
0.610
0.610
0.610
0.610
0.610
0.610
0.610
0.610
0.611
0.611
0.610
0.610
0.610
0.611
0.611
0.610
0.610
0.610
0.610
0.610
0.610
0.610
0.610
0.610
0.610
0.610
0.610
0.610
0.610
0.610
0.609
0.609
0.609
0.609
0.609
0.609
0.609
0.610
0.610
0.610
0.610
0.610
0.610
0.610
0.610
0.610
0.610
0.610
0.610
0.610
0.610
0.610
0.610
0.610
0.609
0.610
0.610
0.610
0.610
0.610
0.610
0.610
0.610
0.610
0.611
0.610
0.611
0.611
0.610
0.610
0.610
0.610
0.610
0.610
0.609
0.609
0.609
0.609
0.609
0.609
0.609
0.609
0.609
0.609
0.609
0.608
0.609
0.609
0.609
0.608
0.609
0.609
0.609
0.609
0.609
0.609
0.608
0.608
0.608
0.608
0.608
0.607
0.607
0.607
0.607
0.607
0.607
0.607
0.606
0.606
0.606
0.606
0.606
0.606
0.605
0.606
0.606
0.606
0.606
0.606
0.606
0.606
0.605
0.605
0.605
0.605
0.605
0.605
0.605
0.605
0.605
0.605
0.605
0.605
0.605
0.605
0.605
0.605
0.606
0.606
0.606
0.606
0.606
0.606
0.606
0.607
0.607
0.607
0.607
0.607
0.607
0.607
0.607
0.607
0.607
0.607
0.607
0.606
0.606
0.606
0.606
0.606
0.607
0.607
0.607
0.607
0.607
0.607
0.607
0.607
0.606
0.607
0.606
0.606
0.606
0.606
0.606
0.606
0.606
0.606
0.606
0.606
0.606
0.606
0.606
0.606
0.606
0.606
0.606
0.605
0.605
0.606
0.606
0.606
0.606
0.606
0.606
0.606
0.607
0.607
0.607
0.607
0.607
0.607
0.607
0.607
0.607
0.607
0.607
0.607
0.607
0.607
0.607
0.607
0.607
0.607
0.607
0.607
0.607
0.607
0.606
0.606
0.606
0.606
0.606
0.606
0.606
0.605
0.605
0.605
0.605
0.605
0.605
0.604
0.604
0.604
0.604
0.605
0.605
0.605
0.604
0.604
0.604
0.604
0.604
0.605
0.605
0.605
0.605
0.605
0.605
0.605
0.605
0.605
0.605
0.605
0.605
0.605
0.605
0.605
0.605
0.605
0.605
0.605
0.605
0.605
0.605
0.605
0.605
0.605
0.606
0.605
0.605
0.605
0.605
0.605
0.605
0.605
0.605
0.605
0.605
0.605
0.605
0.605
0.605
0.605
0.605
0.605
0.605
0.605
0.605
0.605
0.605
0.604
0.604
0.605
0.604
0.604
0.604
0.604
0.604
0.604
0.604
0.604
0.604
0.604
0.604
0.604
0.604
0.604
0.603
0.603
0.603
0.603
0.603
0.603
0.603
0.603
0.603
0.603
0.604
0.604
0.604
0.604
0.604
0.604
0.604
0.604
0.604
0.604
0.604
0.604
0.604
0.604
0.604
0.603
0.603
0.603
0.603
0.603
0.603
0.603
0.603
0.603
0.603
0.603
0.603
0.602
0.602
0.602
0.602
0.602
0.602
0.602
0.602
0.602
0.602
0.602
0.602
0.602
0.602
0.602
0.601
0.601
0.601
0.601
0.601
0.601
0.602
0.602
0.602
0.601
0.601
0.601
0.601
0.601
0.601
0.601
0.601
0.601
0.601
0.601
0.602
0.602
0.602
0.602
0.602
0.602
0.602
0.602
0.602
0.602
0.602
0.602
0.602
0.602
0.602
0.602
0.602
0.602
0.602
0.601
0.601
0.601
0.601
0.601
0.601
0.601
0.601
0.601
0.601
0.601
0.601
0.601
0.601
0.601
0.601
0.601
0.601
0.601
0.601
0.601
0.601
0.601
0.601
0.601
0.601
0.600
0.601
0.601
0.601
0.601
0.601
0.601
0.601
0.601
0.601
0.602
0.602
0.602
0.602
0.602
0.602
0.602
0.603
0.603
0.603
0.603
0.603
0.603
0.603
0.603
0.603
0.603
0.603
0.603
0.603
0.603
0.603
0.603
0.603
0.603
0.603
0.603
0.603
0.604
0.604
0.604
0.604
0.604
0.604
0.604
0.605
0.605
0.605
0.605
0.605
0.605
0.605
0.605
0.605
0.605
0.606
0.606
0.606
0.606
0.606
0.606
0.606
0.606
0.606
0.606
0.606
0.606
0.606
0.606
0.606
0.606
0.606
0.606
0.606
0.606
0.605
0.605
0.605
0.605
0.605
0.605
0.605
0.606
0.606
0.606
0.606
0.606
0.606
0.606
0.606
0.606
0.606
0.605
0.605
0.606
0.606
0.606
0.606
0.606
0.606
0.606
0.605
0.605
0.605
0.606
0.606
0.606
0.606
0.606
0.606
0.605
0.605
0.605
0.605
0.605
0.605
0.605
0.605
0.605
0.605
0.604
0.604
0.605
0.605
0.605
0.605
0.605
0.605
0.605
0.605
0.605
0.605
0.605
0.605
0.605
0.605
0.605
0.606
0.606
0.606
0.606
0.606
0.606
0.606
0.606
0.606
0.605
0.606
0.606
0.605
0.605
0.605
0.605
0.605
0.605
0.606
0.605
0.605
0.605
0.605
0.605
0.605
0.605
0.605
0.605
0.605
0.605
0.605
0.605
0.605
0.605
0.605
0.605
0.604
0.604
0.604
0.604
0.604
0.604
0.605
0.605
0.605
0.605
0.605
0.605
0.605
0.605
0.605
0.605
0.605
0.605
0.605
0.605
0.605
0.605
0.605
0.605
0.605
0.605
0.605
0.605
0.605
0.605
0.605
0.605
0.605
0.605
0.605
0.605
0.605
0.605
0.605
0.605
0.605
0.605
0.605
0.605
0.606
0.606
0.606
0.606
0.606
0.606
0.605
0.605
0.605
0.605
0.605
0.605
0.605
0.605
0.605
0.605
0.605
0.605
0.605
0.605
0.605
0.605
0.605
0.605
0.605
0.605
0.605
0.605
0.605
0.605
0.605
0.605
0.605
0.605
0.605
0.605
0.605
0.605
0.605
0.605
0.605
0.605
0.605
0.605
0.605
0.605
0.605
0.605
0.606
0.606
0.606
0.606
0.606
0.606
0.606
0.606
0.606
0.606
0.606
0.606
0.606
0.606
0.606
0.607
0.607
0.607
0.607
0.607
0.607
0.607
0.607
0.607
0.607
0.606
0.606
0.606
0.606
0.606
0.606
0.606
0.606
0.606
0.606
0.606
0.606
0.606
0.607
0.607
0.607
0.607
0.607
0.607
0.607
0.607
0.607
0.607
0.607
0.607
0.607
0.607
0.607
0.608
0.608
0.608
0.608
0.608
0.608
0.608
0.608
0.608
0.608
0.609
0.609
0.609
0.609
0.609
0.609
0.609
0.609
0.609
0.609
0.609
0.609
0.609
0.609
0.609
0.609
0.609
0.609
0.609
0.609
0.609
0.609
0.609
0.609
0.609
0.609
0.609
0.609
0.609
0.609
0.609
0.609
0.610
0.610
0.610
0.610
0.610
0.610
0.610
0.610
0.610
0.610
0.610
0.610
0.610
0.610
0.610
0.610
0.610
0.609
0.609
0.609
0.609
0.609
0.609
0.609
0.609
0.609
0.609
0.609
0.609
0.609
0.608
0.609
0.609
0.609
0.609
0.608
0.608
0.608
0.608
0.608
0.608
0.608
0.608
0.608
0.608
0.608
0.608
0.608
0.608
0.608
0.608
0.608
0.607
0.607
0.607
0.607
0.607
0.607
0.607
0.607
0.607
0.607
0.607
0.607
0.607
0.607
0.607
0.607
0.607
0.607
0.607
0.607
0.606
0.606
0.606
0.606
0.606
0.606
0.606
0.606
0.606
0.606
0.606
0.606
0.606
0.606
0.606
0.606
0.606
0.606
0.606
0.605
0.605
0.605
0.605
0.605
0.605
0.605
0.605
0.605