Precisão média por imagem
0.377
0.424
0.459
0.531
0.574
0.618
0.651
0.666
0.687
0.707
0.718
0.726
0.734
0.744
0.748
0.754
0.744
0.748
0.755
0.758
0.764
0.765
0.752
0.747
0.741
0.737
0.735
0.727
0.720
0.717
0.713
0.705
0.703
0.698
0.692
0.687
0.686
0.685
0.679
0.679
0.674
0.669
0.675
0.674
0.671
0.672
0.677
0.675
0.673
0.671
0.668
0.663
0.658
0.653
0.649
0.644
0.640
0.637
0.642
0.645
0.649
0.653
0.651
0.649
0.649
0.646
0.648
0.649
0.648
0.648
0.648
0.649
0.645
0.641
0.642
0.641
0.639
0.639
0.638
0.636
0.633
0.636
0.639
0.641
0.643
0.645
0.646
0.647
0.649
0.648
0.646
0.644
0.645
0.647
0.648
0.651
0.653
0.656
0.659
0.660
0.662
0.662
0.665
0.666
0.666
0.666
0.669
0.670
0.673
0.675
0.677
0.677
0.676
0.678
0.678
0.680
0.682
0.683
0.681
0.679
0.679
0.678
0.680
0.681
0.680
0.678
0.676
0.675
0.674
0.672
0.671
0.671
0.669
0.670
0.671
0.672
0.669
0.667
0.667
0.665
0.665
0.664
0.664
0.665
0.665
0.666
0.666
0.664
0.663
0.663
0.663
0.663
0.665
0.666
0.665
0.664
0.664
0.664
0.664
0.664
0.665
0.666
0.667
0.665
0.665
0.664
0.664
0.663
0.664
0.663
0.661
0.660
0.660
0.660
0.660
0.661
0.662
0.660
0.660
0.659
0.658
0.658
0.657
0.656
0.655
0.655
0.654
0.654
0.654
0.654
0.652
0.652
0.652
0.652
0.650
0.649
0.648
0.649
0.649
0.650
0.651
0.650
0.649
0.649
0.651
0.651
0.651
0.651
0.651
0.650
0.649
0.648
0.649
0.649
0.650
0.652
0.653
0.654
0.653
0.652
0.651
0.650
0.649
0.649
0.648
0.648
0.648
0.646
0.646
0.645
0.644
0.644
0.643
0.643
0.643
0.642
0.642
0.642
0.642
0.641
0.642
0.642
0.642
0.643
0.643
0.644
0.645
0.645
0.644
0.645
0.646
0.645
0.645
0.644
0.644
0.644
0.644
0.643
0.643
0.643
0.644
0.645
0.645
0.646
0.647
0.647
0.648
0.648
0.649
0.650
0.650
0.650
0.649
0.648
0.649
0.649
0.650
0.650
0.651
0.652
0.653
0.653
0.653
0.654
0.654
0.654
0.654
0.653
0.653
0.652
0.651
0.651
0.650
0.650
0.650
0.650
0.650
0.651
0.652
0.653
0.653
0.654
0.654
0.654
0.653
0.652
0.652
0.652
0.652
0.652
0.652
0.651
0.651
0.651
0.651
0.651
0.651
0.651
0.651
0.652
0.653
0.654
0.654
0.655
0.656
0.657
0.657
0.657
0.658
0.658
0.658
0.658
0.657
0.657
0.657
0.657
0.658
0.658
0.658
0.658
0.658
0.658
0.658
0.657
0.657
0.657
0.657
0.658
0.658
0.658
0.659
0.659
0.659
0.659
0.658
0.658
0.658
0.659
0.659
0.660
0.660
0.660
0.659
0.659
0.659
0.659
0.659
0.658
0.658
0.658
0.659
0.659
0.660
0.661
0.661
0.661
0.662
0.662
0.663
0.662
0.662
0.662
0.663
0.663
0.663
0.664
0.664
0.665
0.664
0.665
0.665
0.665
0.666
0.667
0.667
0.667
0.667
0.666
0.666
0.666
0.665
0.665
0.665
0.666
0.666
0.666
0.667
0.666
0.665
0.665
0.665
0.665
0.665
0.665
0.665
0.665
0.665
0.665
0.664
0.664
0.664
0.664
0.663
0.663
0.663
0.663
0.663
0.663
0.663
0.663
0.662
0.662
0.662
0.662
0.663
0.663
0.664
0.664
0.664
0.664
0.664
0.665
0.665
0.666
0.666
0.667
0.667
0.667
0.667
0.667
0.667
0.666
0.666
0.665
0.664
0.664
0.664
0.664
0.664
0.664
0.663
0.662
0.662
0.662
0.662
0.661
0.661
0.661
0.661
0.661
0.660
0.660
0.660
0.660
0.659
0.659
0.659
0.658
0.658
0.657
0.657
0.657
0.657
0.657
0.657
0.657
0.656
0.656
0.656
0.656
0.655
0.655
0.656
0.656
0.656
0.656
0.656
0.656
0.656
0.656
0.656
0.656
0.656
0.655
0.655
0.655
0.655
0.655
0.655
0.655
0.655
0.655
0.654
0.654
0.654
0.654
0.654
0.655
0.655
0.654
0.654
0.654
0.653
0.653
0.653
0.652
0.653
0.653
0.653
0.652
0.652
0.652
0.652
0.653
0.653
0.653
0.653
0.653
0.653
0.653
0.653
0.653
0.654
0.654
0.654
0.655
0.655
0.655
0.654
0.654
0.654
0.654
0.654
0.654
0.653
0.653
0.653
0.652
0.652
0.652
0.652
0.652
0.652
0.652
0.652
0.652
0.652
0.652
0.651
0.652
0.651
0.651
0.651
0.651
0.651
0.651
0.651
0.651
0.651
0.650
0.650
0.650
0.649
0.649
0.649
0.649
0.649
0.649
0.649
0.649
0.649
0.650
0.650
0.650
0.650
0.650
0.651
0.650
0.650
0.649
0.649
0.649
0.649
0.649
0.649
0.649
0.650
0.650
0.650
0.650
0.650
0.650
0.650
0.649
0.649
0.649
0.649
0.649
0.649
0.649
0.650
0.650
0.650
0.650
0.651
0.651
0.651
0.651
0.652
0.652
0.652
0.651
0.651
0.651
0.651
0.651
0.652
0.652
0.652
0.652
0.652
0.652
0.652
0.652
0.652
0.652
0.652
0.652
0.653
0.653
0.653
0.653
0.653
0.653
0.653
0.653
0.653
0.653
0.653
0.653
0.653
0.653
0.653
0.653
0.653
0.653
0.653
0.653
0.653
0.653
0.653
0.653
0.653
0.653
0.652
0.652
0.652
0.652
0.652
0.652
0.652
0.652
0.652
0.652
0.652
0.652
0.652
0.652
0.651
0.651
0.651
0.651
0.651
0.652
0.652
0.652
0.652
0.652
0.652
0.652
0.652
0.652
0.652
0.652
0.652
0.652
0.652
0.652
0.652
0.652
0.652
0.652
0.652
0.652
0.652
0.652
0.652
0.652
0.652
0.653
0.653
0.653
0.654
0.654
0.654
0.654
0.654
0.654
0.654
0.654
0.654
0.654
0.654
0.653
0.653
0.653
0.653
0.653
0.653
0.652
0.652
0.652
0.652
0.652
0.651
0.651
0.651
0.651
0.651
0.651
0.651
0.652
0.652
0.652
0.652
0.652
0.652
0.652
0.652
0.651
0.651
0.651
0.651
0.651
0.651
0.650
0.650
0.650
0.650
0.650
0.650
0.650
0.649
0.649
0.649
0.650
0.650
0.650
0.650
0.650
0.649
0.649
0.649
0.649
0.648
0.649
0.649
0.649
0.649
0.648
0.648
0.648
0.648
0.649
0.649
0.649
0.649
0.649
0.649
0.650
0.650
0.650
0.650
0.650
0.650
0.650
0.650
0.651
0.651
0.651
0.651
0.651
0.650
0.650
0.650
0.649
0.649
0.649
0.649
0.649
0.649
0.649
0.650
0.650
0.649
0.649
0.649
0.649
0.649
0.649
0.649
0.648
0.648
0.648
0.648
0.649
0.649
0.649
0.649
0.649
0.649
0.649
0.649
0.649
0.649
0.649
0.648
0.648
0.648
0.648
0.648
0.648
0.648
0.648
0.648
0.648
0.648
0.648
0.648
0.648
0.648
0.648
0.649
0.649
0.649
0.649
0.649
0.649
0.649
0.649
0.649
0.649
0.649
0.650
0.649
0.649
0.649
0.649
0.649
0.649
0.649
0.649
0.649
0.648
0.648
0.648
0.648
0.647
0.647
0.647
0.647
0.646
0.646
0.646
0.646
0.646
0.647
0.646
0.646
0.646
0.646
0.646
0.646
0.646
0.646
0.646
0.645
0.645
0.645
0.645
0.645
0.645
0.645
0.644
0.644
0.645
0.645
0.645
0.645
0.646
0.646
0.645
0.645
0.645
0.645
0.645
0.645
0.645
0.645
0.645
0.645
0.645
0.645
0.645
0.644
0.644
0.644
0.644
0.644
0.644
0.644
0.644
0.644
0.644
0.644
0.644
0.644
0.644
0.644
0.644
0.644
0.643
0.643
0.643
0.643
0.643
0.643
0.643
0.643
0.643
0.642
0.642
0.642
0.642
0.642
0.642
0.642
0.641
0.641
0.641
0.641
0.641
0.640
0.641
0.641
0.641
0.641
0.641
0.641
0.641
0.641
0.641
0.641
0.642
0.642
0.642
0.642
0.642
0.642
0.642
0.641
0.641
0.641
0.641
0.641
0.642
0.642
0.642
0.642
0.643
0.643
0.643
0.643
0.643
0.643
0.643
0.642
0.642
0.642
0.642
0.642
0.642
0.642
0.642
0.642
0.642
0.642
0.642
0.642
0.642
0.642
0.641
0.641
0.641
0.641
0.641
0.641
0.641
0.641
0.641
0.641
0.640
0.640
0.640
0.640
0.640
0.640
0.639
0.640
0.640
0.640
0.640
0.641
0.641
0.641
0.642
0.642
0.642
0.642
0.642
0.642
0.642
0.642
0.642
0.642
0.642
0.642
0.642
0.641
0.641
0.641
0.641
0.641
0.641
0.641
0.641
0.641
0.641
0.641
0.641
0.641
0.641
0.641
0.641
0.641
0.641
0.641
0.641
0.641
0.641
0.641
0.641
0.641
0.641
0.641
0.641
0.641
0.641
0.641
0.641
0.641
0.641
0.641
0.641
0.641
0.641
0.641
0.641
0.641
0.641
0.641
0.641
0.641
0.641
0.641
0.641
0.641
0.641
0.641
0.641
0.641
0.641
0.641
0.641
0.641
0.641
0.641
0.641
0.641
0.641
0.641
0.641
0.641
0.642
0.642
0.642
0.642
0.642
0.643
0.643
0.643
0.643
0.644
0.644
0.644
0.644
0.644
0.645
0.645
0.645
0.645
0.645
0.645
0.646
0.646
0.646
0.646
0.646
0.646
0.646
0.647
0.647
0.647
0.647
0.647
0.647
0.647
0.647
0.646
0.646
0.646
0.646
0.646
0.646
0.646
0.646
0.646
0.646
0.646
0.647
0.646
0.646
0.646
0.646
0.646
0.647
0.646
0.646
0.646
0.646
0.647
0.647
0.647
0.647
0.647
0.646
0.646
0.646
0.646
0.646
0.646
0.646
0.646
0.646
0.646
0.646
0.646
0.646
0.646
0.646
0.645
0.645
0.645
0.645
0.645
0.645
0.644
0.644
0.645
0.645
0.645
0.644
0.645
0.645
0.645
0.645
0.645
0.645
0.644
0.644
0.644
0.644
0.645
0.645
0.645
0.645
0.645
0.645
0.644
0.644
0.644
0.644
0.644
0.644
0.644
0.643
0.643
0.643
0.643
0.643
0.644
0.644
0.644
0.643
0.643
0.643
0.643
0.643
0.643
0.643
0.643
0.643
0.642
0.642
0.642
0.642
0.642
0.642
0.642
0.642
0.641
0.642
0.642
0.642
0.642
0.642
0.642
0.643
0.643
0.643
0.643
0.643
0.643
0.643
0.643
0.643
0.643
0.643
0.643
0.643
0.643
0.643
0.643
0.642
0.642
0.642
0.642
0.642
0.642
0.642
0.642
0.642
0.642
0.642
0.642
0.642
0.642
0.642
0.642
0.643
0.643
0.643
0.643
0.643
0.643
0.644
0.644
0.644
0.644
0.643
0.643
0.643
0.643
0.643
0.643
0.643
0.643
0.643
0.643
0.643
0.643
0.643
0.643
0.642
0.642
0.642
0.642
0.642
0.642
0.642
0.642
0.643
0.643
0.643
0.643
0.643
0.643
0.643
0.643
0.643
0.643
0.643
0.643
0.643
0.642
0.643
0.643
0.642
0.642
0.642
0.642
0.642
0.642
0.642
0.643
0.643
0.643
0.643
0.643
0.643
0.643
0.643
0.643
0.643
0.643
0.643
0.643
0.643
0.643
0.643
0.643
0.643
0.643
0.643
0.643
0.643
0.643
0.643
0.643
0.643
0.643
0.643
0.643
0.642
0.642
0.642
0.642
0.642
0.642
0.643
0.643
0.643
0.643
0.643
0.643
0.643
0.643
0.643
0.643
0.643
0.643
0.643
0.643
0.643
0.643
0.643
0.643
0.643
0.644
0.644
0.644
0.644
0.644
0.645
0.645
0.645
0.645
0.645
0.646
0.646
0.646
0.646
0.646
0.646
0.646
0.646
0.646
0.645
0.645
0.645
0.645
0.645
0.645
0.645
0.645
0.646
0.646
0.646
0.646
0.646
0.646
0.646
0.646
0.646
0.646
0.646
0.646
0.646
0.646
0.647
0.647
0.647
0.647
0.647
0.647
0.647
0.647
0.647
0.647
0.647
0.647
0.647
0.647
0.647
0.646
0.646
0.646
0.646
0.646
0.646
0.646
0.645
0.645
0.645
0.645
0.645
0.645
0.645
0.645
0.645
0.645
0.645
0.644
0.644
0.644
0.644
0.644
0.644
0.644
0.644
0.644
0.644
0.644
0.644
0.644
0.644
0.644
0.643
0.643
0.643
0.643
0.643
0.643
0.643
0.643
0.643
0.643
0.643
0.642
0.642
0.642
0.642
0.642
0.642
0.642
0.642
0.642
0.642
0.642
0.642
0.642
0.642
0.642
0.642
0.642
0.642
0.641
0.641
0.641
0.641
0.641
0.641
0.641
0.641
0.641
0.641
0.641
0.640
0.640
0.640
0.640
0.640
0.640
0.640
0.640
0.640