Precisão média por imagem
0.390
0.381
0.424
0.497
0.535
0.587
0.627
0.653
0.669
0.685
0.698
0.707
0.716
0.728
0.732
0.737
0.731
0.736
0.740
0.743
0.747
0.752
0.740
0.735
0.729
0.723
0.719
0.712
0.705
0.702
0.697
0.689
0.687
0.683
0.678
0.673
0.672
0.672
0.666
0.664
0.660
0.656
0.661
0.658
0.654
0.660
0.663
0.661
0.658
0.657
0.655
0.651
0.648
0.644
0.641
0.636
0.633
0.630
0.634
0.638
0.642
0.646
0.644
0.643
0.643
0.640
0.640
0.641
0.640
0.639
0.638
0.638
0.635
0.632
0.633
0.632
0.629
0.629
0.628
0.626
0.624
0.628
0.629
0.630
0.633
0.633
0.635
0.638
0.641
0.639
0.638
0.637
0.637
0.639
0.639
0.642
0.644
0.646
0.648
0.650
0.652
0.653
0.655
0.657
0.657
0.656
0.658
0.660
0.662
0.664
0.665
0.665
0.664
0.666
0.666
0.667
0.668
0.669
0.667
0.666
0.666
0.666
0.667
0.668
0.668
0.666
0.665
0.663
0.662
0.661
0.661
0.660
0.659
0.660
0.661
0.661
0.659
0.656
0.656
0.654
0.654
0.653
0.653
0.654
0.654
0.654
0.654
0.652
0.651
0.651
0.651
0.651
0.652
0.654
0.653
0.651
0.652
0.652
0.651
0.652
0.652
0.652
0.652
0.650
0.650
0.649
0.649
0.648
0.649
0.648
0.647
0.646
0.646
0.647
0.647
0.648
0.649
0.647
0.647
0.647
0.646
0.645
0.644
0.644
0.643
0.642
0.642
0.641
0.641
0.640
0.639
0.639
0.638
0.638
0.637
0.636
0.635
0.635
0.635
0.635
0.635
0.634
0.634
0.634
0.635
0.635
0.635
0.634
0.634
0.634
0.633
0.631
0.632
0.633
0.634
0.635
0.636
0.637
0.636
0.636
0.635
0.633
0.633
0.633
0.632
0.632
0.632
0.630
0.630
0.630
0.629
0.629
0.628
0.628
0.628
0.627
0.627
0.627
0.627
0.626
0.626
0.627
0.627
0.627
0.628
0.629
0.629
0.629
0.628
0.629
0.629
0.628
0.627
0.627
0.627
0.626
0.626
0.626
0.626
0.626
0.627
0.628
0.628
0.629
0.629
0.629
0.630
0.631
0.632
0.633
0.633
0.633
0.632
0.632
0.632
0.633
0.633
0.634
0.635
0.635
0.636
0.637
0.636
0.637
0.637
0.637
0.637
0.636
0.636
0.635
0.635
0.635
0.634
0.634
0.634
0.633
0.634
0.635
0.635
0.636
0.637
0.638
0.637
0.637
0.637
0.636
0.636
0.636
0.635
0.635
0.635
0.634
0.634
0.634
0.634
0.634
0.634
0.633
0.634
0.635
0.636
0.637
0.637
0.638
0.639
0.640
0.640
0.640
0.640
0.641
0.642
0.641
0.641
0.641
0.641
0.641
0.641
0.641
0.642
0.642
0.642
0.641
0.641
0.641
0.640
0.640
0.640
0.640
0.641
0.641
0.641
0.642
0.642
0.641
0.641
0.641
0.641
0.641
0.641
0.642
0.642
0.642
0.641
0.641
0.641
0.641
0.641
0.640
0.640
0.640
0.641
0.641
0.642
0.643
0.643
0.643
0.644
0.644
0.645
0.644
0.644
0.644
0.645
0.645
0.645
0.645
0.645
0.645
0.645
0.646
0.646
0.646
0.647
0.647
0.648
0.648
0.648
0.647
0.647
0.647
0.646
0.646
0.646
0.647
0.647
0.647
0.647
0.646
0.645
0.645
0.645
0.645
0.645
0.645
0.645
0.645
0.645
0.645
0.644
0.644
0.644
0.643
0.643
0.643
0.643
0.643
0.643
0.643
0.643
0.643
0.643
0.642
0.642
0.642
0.643
0.643
0.644
0.644
0.644
0.644
0.644
0.645
0.645
0.646
0.646
0.646
0.647
0.647
0.647
0.647
0.647
0.647
0.646
0.646
0.645
0.644
0.644
0.645
0.644
0.644
0.644
0.643
0.643
0.643
0.643
0.642
0.642
0.642
0.642
0.642
0.642
0.642
0.641
0.641
0.641
0.641
0.640
0.640
0.640
0.639
0.639
0.639
0.639
0.639
0.639
0.639
0.639
0.639
0.639
0.638
0.638
0.638
0.638
0.639
0.639
0.639
0.639
0.639
0.638
0.638
0.639
0.639
0.639
0.638
0.638
0.638
0.638
0.638
0.639
0.639
0.639
0.638
0.638
0.638
0.637
0.638
0.638
0.639
0.639
0.639
0.638
0.638
0.638
0.638
0.637
0.637
0.637
0.638
0.637
0.637
0.637
0.637
0.637
0.637
0.637
0.637
0.637
0.637
0.637
0.637
0.637
0.638
0.638
0.638
0.639
0.639
0.639
0.638
0.638
0.638
0.638
0.638
0.637
0.637
0.637
0.637
0.637
0.636
0.636
0.636
0.636
0.635
0.636
0.636
0.635
0.635
0.635
0.635
0.635
0.635
0.634
0.634
0.634
0.634
0.634
0.634
0.634
0.634
0.634
0.633
0.633
0.633
0.632
0.632
0.632
0.632
0.631
0.632
0.632
0.632
0.632
0.632
0.632
0.633
0.633
0.633
0.633
0.633
0.632
0.632
0.632
0.632
0.632
0.632
0.632
0.632
0.632
0.632
0.632
0.632
0.632
0.632
0.632
0.632
0.632
0.632
0.631
0.631
0.632
0.632
0.632
0.632
0.633
0.633
0.633
0.633
0.633
0.634
0.634
0.634
0.634
0.634
0.633
0.633
0.633
0.633
0.633
0.634
0.634
0.634
0.634
0.634
0.634
0.635
0.635
0.634
0.635
0.635
0.635
0.635
0.635
0.635
0.635
0.635
0.635
0.635
0.635
0.635
0.635
0.635
0.635
0.635
0.635
0.635
0.635
0.635
0.635
0.635
0.635
0.635
0.635
0.635
0.635
0.635
0.634
0.634
0.634
0.634
0.634
0.634
0.634
0.634
0.634
0.634
0.634
0.634
0.634
0.633
0.633
0.633
0.633
0.633
0.633
0.633
0.634
0.633
0.634
0.634
0.634
0.634
0.634
0.634
0.634
0.634
0.633
0.633
0.633
0.633
0.633
0.633
0.633
0.633
0.633
0.633
0.633
0.633
0.633
0.633
0.633
0.634
0.634
0.634
0.634
0.635
0.635
0.635
0.635
0.635
0.635
0.635
0.635
0.634
0.634
0.634
0.634
0.634
0.633
0.633
0.633
0.633
0.633
0.633
0.633
0.632
0.632
0.632
0.632
0.632
0.632
0.632
0.632
0.632
0.632
0.633
0.633
0.633
0.633
0.633
0.633
0.632
0.632
0.632
0.632
0.632
0.631
0.631
0.631
0.631
0.631
0.631
0.631
0.631
0.630
0.630
0.631
0.631
0.631
0.631
0.631
0.631
0.630
0.630
0.630
0.630
0.630
0.630
0.631
0.631
0.630
0.630
0.630
0.630
0.630
0.630
0.630
0.631
0.630
0.631
0.631
0.631
0.631
0.631
0.631
0.631
0.631
0.631
0.632
0.632
0.632
0.632
0.632
0.632
0.632
0.632
0.631
0.631
0.631
0.631
0.631
0.631
0.631
0.631
0.631
0.631
0.631
0.631
0.631
0.631
0.630
0.630
0.630
0.630
0.630
0.630
0.630
0.630
0.630
0.631
0.631
0.631
0.631
0.631
0.631
0.630
0.630
0.630
0.630
0.630
0.630
0.629
0.629
0.629
0.629
0.629
0.630
0.629
0.629
0.630
0.630
0.630
0.630
0.630
0.630
0.630
0.631
0.630
0.631
0.631
0.631
0.631
0.631
0.631
0.631
0.631
0.631
0.631
0.631
0.631
0.631
0.630
0.631
0.631
0.630
0.630
0.630
0.630
0.629
0.629
0.629
0.629
0.629
0.629
0.628
0.628
0.628
0.629
0.629
0.629
0.629
0.628
0.628
0.628
0.629
0.628
0.628
0.628
0.628
0.628
0.628
0.628
0.627
0.627
0.627
0.627
0.627
0.627
0.628
0.628
0.628
0.628
0.628
0.628
0.628
0.628
0.628
0.628
0.628
0.628
0.628
0.628
0.628
0.628
0.627
0.627
0.627
0.627
0.627
0.627
0.627
0.627
0.627
0.627
0.627
0.627
0.627
0.627
0.627
0.627
0.627
0.627
0.627
0.627
0.626
0.627
0.626
0.626
0.626
0.626
0.626
0.626
0.626
0.626
0.626
0.626
0.626
0.625
0.625
0.625
0.625
0.625
0.624
0.624
0.624
0.624
0.624
0.624
0.624
0.624
0.624
0.624
0.625
0.625
0.625
0.625
0.625
0.625
0.625
0.625
0.625
0.625
0.625
0.625
0.625
0.625
0.625
0.625
0.625
0.626
0.626
0.626
0.626
0.627
0.626
0.626
0.626
0.626
0.626
0.626
0.626
0.626
0.626
0.626
0.626
0.626
0.626
0.626
0.626
0.626
0.626
0.626
0.626
0.625
0.625
0.625
0.625
0.625
0.625
0.625
0.625
0.625
0.625
0.625
0.624
0.624
0.624
0.624
0.624
0.624
0.624
0.624
0.625
0.625
0.625
0.625
0.626
0.626
0.626
0.626
0.626
0.626
0.626
0.627
0.626
0.626
0.626
0.626
0.626
0.626
0.626
0.626
0.625
0.625
0.625
0.625
0.625
0.625
0.625
0.625
0.625
0.625
0.625
0.625
0.625
0.625
0.625
0.625
0.625
0.625
0.625
0.625
0.625
0.626
0.625
0.625
0.625
0.625
0.625
0.625
0.625
0.625
0.625
0.625
0.625
0.625
0.625
0.625
0.625
0.625
0.625
0.625
0.625
0.625
0.626
0.626
0.626
0.626
0.626
0.625
0.625
0.625
0.625
0.625
0.625
0.625
0.625
0.625
0.625
0.625
0.625
0.625
0.625
0.625
0.626
0.626
0.626
0.626
0.626
0.627
0.627
0.627
0.627
0.627
0.628
0.628
0.628
0.628
0.628
0.629
0.629
0.629
0.629
0.629
0.629
0.630
0.630
0.630
0.630
0.630
0.630
0.630
0.630
0.631
0.631
0.630
0.631
0.631
0.631
0.630
0.630
0.630
0.630
0.630
0.630
0.630
0.630
0.630
0.630
0.630
0.630
0.630
0.630
0.630
0.630
0.630
0.630
0.631
0.630
0.630
0.630
0.630
0.631
0.631
0.631
0.631
0.630
0.630
0.630
0.630
0.630
0.630
0.630
0.630
0.630
0.630
0.630
0.630
0.630
0.630
0.629
0.629
0.629
0.629
0.629
0.629
0.629
0.629
0.629
0.629
0.629
0.629
0.629
0.629
0.629
0.629
0.629
0.629
0.629
0.629
0.628
0.628
0.628
0.628
0.629
0.629
0.629
0.629
0.629
0.628
0.628
0.628
0.628
0.628
0.628
0.628
0.628
0.628
0.627
0.627
0.627
0.628
0.628
0.628
0.628
0.628
0.628
0.628
0.627
0.627
0.627
0.627
0.627
0.627
0.627
0.627
0.626
0.626
0.626
0.626
0.626
0.626
0.626
0.626
0.626
0.626
0.626
0.627
0.627
0.627
0.627
0.627
0.627
0.627
0.627
0.627
0.627
0.627
0.627
0.627
0.627
0.627
0.627
0.627
0.627
0.627
0.627
0.627
0.627
0.627
0.627
0.627
0.627
0.627
0.626
0.626
0.626
0.626
0.626
0.627
0.627
0.627
0.627
0.627
0.627
0.627
0.628
0.628
0.628
0.628
0.628
0.628
0.627
0.627
0.628
0.628
0.627
0.628
0.628
0.628
0.628
0.628
0.627
0.627
0.627
0.627
0.627
0.627
0.627
0.627
0.626
0.627
0.627
0.627
0.627
0.627
0.627
0.628
0.628
0.628
0.627
0.627
0.627
0.627
0.627
0.627
0.627
0.627
0.627
0.627
0.627
0.627
0.627
0.627
0.627
0.627
0.627
0.627
0.628
0.628
0.628
0.628
0.628
0.628
0.628
0.628
0.628
0.627
0.627
0.627
0.627
0.628
0.628
0.627
0.628
0.628
0.628
0.627
0.627
0.627
0.627
0.627
0.627
0.627
0.627
0.627
0.627
0.627
0.627
0.627
0.627
0.627
0.627
0.627
0.627
0.627
0.627
0.627
0.627
0.627
0.627
0.627
0.627
0.627
0.627
0.627
0.627
0.628
0.628
0.628
0.628
0.628
0.628
0.629
0.629
0.629
0.629
0.629
0.630
0.630
0.630
0.630
0.630
0.630
0.630
0.630
0.630
0.630
0.630
0.630
0.630
0.630
0.630
0.630
0.630
0.630
0.630
0.630
0.630
0.630
0.630
0.630
0.630
0.630
0.630
0.631
0.631
0.631
0.631
0.631
0.631
0.631
0.631
0.631
0.631
0.631
0.631
0.631
0.631
0.631
0.631
0.631
0.631
0.631
0.631
0.630
0.630
0.630
0.630
0.630
0.630
0.630
0.630
0.630
0.629
0.629
0.629
0.629
0.629
0.629
0.629
0.629
0.629
0.629
0.629
0.628
0.628
0.628
0.628
0.628
0.629
0.629
0.629
0.628
0.628
0.628
0.628
0.628
0.628
0.628
0.628
0.628
0.628
0.627
0.627
0.627
0.627
0.627
0.627
0.627
0.627
0.627
0.627
0.627
0.627
0.627
0.627
0.627
0.627
0.627
0.627
0.626
0.626
0.626
0.626
0.626
0.626
0.626
0.626
0.626
0.626
0.626
0.626
0.625
0.625
0.625
0.625
0.625
0.625
0.625
0.625
0.625
0.625
0.625
0.625
0.625
0.625
0.625