
0.196
0.192
0.166
0.160
0.144
0.133
0.142
0.160
0.165
0.166
0.167
0.158
0.169
0.177
0.173
0.194
0.213
0.211
0.207
0.206
0.202
0.211
0.228
0.238
0.240
0.238
0.239
0.245
0.246
0.249
0.243
0.246
0.255
0.262
0.265
0.263
0.260
0.262
0.262
0.260
0.257
0.255
0.254
0.260
0.261
0.268
0.275
0.272
0.271
0.269
0.268
0.268
0.273
0.277
0.277
0.277
0.277
0.275
0.279
0.284
0.284
0.281
0.278
0.277
0.275
0.275
0.273
0.272
0.272
0.275
0.273
0.272
0.271
0.274
0.272
0.273
0.275
0.274
0.273
0.272
0.272
0.272
0.272
0.270
0.268
0.268
0.266
0.269
0.268
0.270
0.272
0.271
0.271
0.269
0.267
0.267
0.266
0.264
0.262
0.262
0.262
0.262
0.262
0.261
0.260
0.259
0.259
0.263
0.263
0.263
0.262
0.263
0.263
0.262
0.263
0.264
0.263
0.262
0.264
0.266
0.267
0.267
0.268
0.268
0.267
0.267
0.266
0.267
0.266
0.266
0.265
0.266
0.265
0.265
0.264
0.263
0.264
0.263
0.264
0.263
0.262
0.261
0.263
0.265
0.264
0.264
0.266
0.267
0.266
0.265
0.264
0.263
0.264
0.263
0.262
0.264
0.264
0.264
0.263
0.262
0.262
0.262
0.261
0.259
0.259
0.258
0.257
0.257
0.256
0.258
0.257
0.257
0.257
0.256
0.255
0.256
0.256
0.256
0.255
0.255
0.255
0.254
0.256
0.256
0.257
0.258
0.259
0.259
0.259
0.258
0.259
0.260
0.259
0.259
0.258
0.257
0.257
0.256
0.255
0.255
0.254
0.254
0.255
0.256
0.256
0.255
0.257
0.256
0.256
0.256
0.255
0.254
0.254
0.255
0.257
0.257
0.257
0.257
0.256
0.255
0.255
0.254
0.254
0.253
0.253
0.252
0.252
0.252
0.254
0.253
0.253
0.254
0.254
0.254
0.254
0.254
0.255
0.255
0.254
0.254
0.254
0.253
0.253
0.252
0.251
0.251
0.250
0.250
0.250
0.250
0.250
0.250
0.250
0.250
0.251
0.252
0.252
0.252
0.252
0.253
0.253
0.252
0.252
0.252
0.251
0.251
0.252
0.252
0.252
0.253
0.254
0.254
0.253
0.253
0.253
0.252
0.252
0.252
0.251
0.251
0.251
0.252
0.252
0.252
0.251
0.251
0.250
0.250
0.250
0.249
0.250
0.250
0.249
0.249
0.250
0.250
0.250
0.251
0.251
0.251
0.250
0.250
0.250
0.249
0.250
0.251
0.251
0.250
0.250
0.250
0.250
0.249
0.249
0.249
0.250
0.250
0.250
0.250
0.249
0.249
0.249
0.249
0.248
0.248
0.248
0.248
0.247
0.248
0.248
0.248
0.248
0.248
0.247
0.247
0.247
0.246
0.247
0.248
0.248
0.248
0.248
0.248
0.248
0.248
0.248
0.248
0.248
0.247
0.248
0.248
0.248
0.248
0.248
0.248
0.248
0.248
0.248
0.247
0.248
0.248
0.248
0.248
0.247
0.247
0.247
0.247
0.247
0.247
0.248
0.247
0.247
0.247
0.247
0.247
0.247
0.248
0.248
0.248
0.248
0.248
0.248
0.248
0.248
0.248
0.247
0.247
0.247
0.247
0.248
0.248
0.247
0.247
0.247
0.247
0.247
0.247
0.247
0.247
0.247
0.246
0.246
0.246
0.245
0.245
0.245
0.245
0.245
0.245
0.244
0.244
0.244
0.244
0.244
0.244
0.244
0.244
0.244
0.244
0.244
0.244
0.244
0.244
0.244
0.244
0.244
0.244
0.244
0.244
0.244
0.244
0.244
0.244
0.243
0.244
0.245
0.245
0.245
0.245
0.245
0.245
0.246
0.245
0.245
0.245
0.245
0.245
0.245
0.245
0.244
0.244
0.244
0.244
0.245
0.245
0.245
0.245
0.245
0.244
0.244
0.245
0.246
0.245
0.246
0.246
0.246
0.246
0.245
0.245
0.246
0.246
0.246
0.245
0.245
0.245
0.245
0.245
0.245
0.245
0.244
0.245
0.244
0.244
0.244
0.244
0.244
0.244
0.244
0.244
0.244
0.244
0.244
0.244
0.244
0.244
0.244
0.244
0.244
0.245
0.245
0.245
0.245
0.244
0.244
0.244
0.244
0.244
0.244
0.244
0.244
0.243
0.244
0.243
0.243
0.243
0.243
0.243
0.243
0.242
0.243
0.243
0.243
0.243
0.243
0.243
0.242
0.242
0.243
0.242
0.242
0.242
0.242
0.242
0.242
0.242
0.242
0.242
0.242
0.242
0.242
0.242
0.242
0.242
0.241
0.241
0.241
0.241
0.241
0.241
0.241
0.241
0.241
0.241
0.241
0.241
0.241
0.241
0.241
0.241
0.240
0.241
0.241
0.241
0.241
0.241
0.242
0.242
0.243
0.243
0.243
0.242
0.242
0.243
0.243
0.243
0.243
0.243
0.243
0.243
0.243
0.243
0.243
0.243
0.242
0.242
0.243
0.243
0.244
0.244
0.244
0.244
0.244
0.244
0.244
0.243
0.243
0.243
0.243
0.243
0.244
0.244
0.244
0.244
0.244
0.244
0.244
0.244
0.244
0.244
0.244
0.244
0.244
0.244
0.245
0.245
0.245
0.245
0.246
0.246
0.246
0.245
0.246
0.245
0.245
0.245
0.245
0.245
0.245
0.245
0.245
0.244
0.244
0.244
0.244
0.244
0.244
0.244
0.244
0.244
0.244
0.244
0.244
0.243
0.243
0.243
0.244
0.243
0.243
0.243
0.243
0.243
0.243
0.243
0.243
0.243
0.243
0.243
0.243
0.243
0.243
0.243
0.243
0.243
0.243
0.243
0.243
0.242
0.242
0.242
0.242
0.242
0.242
0.242
0.242
0.242
0.242
0.242
0.242
0.242
0.242
0.242
0.242
0.242
0.242
0.242
0.242
0.242
0.242
0.242
0.242
0.242
0.242
0.242
0.242
0.242
0.242
0.242
0.242
0.242
0.242
0.242
0.242
0.242
0.242
0.241
0.242
0.242
0.241
0.241
0.241
0.241
0.241
0.241
0.241
0.241
0.241
0.241
0.242
0.242
0.242
0.241
0.242
0.242
0.242
0.242
0.242
0.242
0.242
0.242
0.242
0.242
0.242
0.242
0.242
0.242
0.242
0.242
0.242
0.242
0.242
0.242
0.242
0.242
0.242
0.241
0.241
0.241
0.241
0.241
0.241
0.241
0.241
0.241
0.241
0.241
0.241
0.241
0.241
0.241
0.241
0.241
0.241
0.241
0.241
0.241
0.241
0.241
0.241
0.241
0.241
0.241
0.241
0.241
0.241
0.241
0.241
0.241
0.241
0.241
0.240
0.240
0.240
0.240
0.240
0.240
0.240
0.240
0.240
0.240
0.240
0.240
0.240
0.240
0.240
0.240
0.240
0.240
0.240
0.240
0.240
0.240
0.240
0.240
0.240
0.240
0.240
0.240
0.240
0.240
0.240
0.240
0.240
0.240
0.240
0.240
0.240
0.240
0.240
0.240
0.240
0.240
0.240
0.240
0.240
0.240
0.240
0.240
0.240
0.240
0.240
0.240
0.240
0.240
0.240
0.240
0.240
0.240
0.240
0.240
0.241
0.241
0.241
0.241
0.241
0.241
0.241
0.241
0.241
0.241
0.241
0.241
0.241
0.241
0.241
0.241
0.241
0.241
0.241
0.241
0.241
0.242
0.242
0.242
0.242
0.242
0.242
0.242
0.242
0.242
0.242
0.242
0.242
0.242
0.242
0.242
0.242
0.242
0.242
0.242
0.242
0.242
0.242
0.242
0.242
0.242
0.242
0.242
0.242
0.242
0.242
0.242
0.242
0.242
0.242
0.242
0.242
0.242
0.242
0.242
0.242
0.242
0.242
0.242
0.242
0.242
0.242
0.242
0.242
0.242
0.242
0.242
0.242
0.242
0.242
0.242
0.242
0.242
0.242
0.242
0.242
0.241
0.242
0.241
0.241
0.241
0.241
0.241
0.241
0.241
0.241
0.241
0.241
0.241
0.241
0.241
0.241
0.241
0.241
0.241
0.241
0.241
0.241
0.241
0.241
0.241
0.241
0.241
0.241
0.241
0.241
0.241
0.241
0.241
0.241
0.241
0.241
0.241
0.241
0.241
0.241
0.241
0.241
0.241
0.241
0.241
0.241
0.241
0.241
0.240
0.240
0.240
0.240
0.240
0.240
0.240
0.240
0.240
0.240
0.240
0.240
0.240
0.240
0.240
0.240
0.240
0.240
0.240
0.240
0.240
0.240
0.240
0.240
0.240
0.240
0.240
0.240
0.240
0.240
0.240
0.240
0.240
0.240
0.240
0.240
0.240
0.240
0.240
0.240
0.240
0.240
0.240
0.240
0.240
0.240
0.240
0.240
0.240
0.240
0.240
0.240
0.240
0.240
0.240
0.240
0.240
0.240
0.240
0.240
0.240
0.240
0.240
0.240
0.240
0.240
0.240
0.240
0.240
0.240
0.240
0.240
0.240
0.240
0.240
0.240
0.239
0.240
0.240
0.239
0.240
0.239
0.239
0.239
0.239
0.239
0.239
0.239
0.239
0.239
0.239
0.239
0.239
0.239
0.239
0.239
0.239
0.239
0.239
0.239
0.239
0.239
0.239
0.239
0.239
0.239
0.239
0.239
0.239
0.239
0.239
0.239
0.239
0.239
0.239
0.239
0.239
0.239
0.239
0.238
0.239
0.239
0.239
0.238
0.238
0.238
0.238
0.238
0.238
0.238
0.238
0.238
0.238
0.238
0.238
0.238
0.238
0.238
0.238
0.238
0.238
0.238
0.238
0.238
0.238
0.238
0.238
0.238
0.238
0.238
0.238
0.238
0.238
0.238
0.238
0.238
0.238
0.238
0.238
0.238
0.238
0.238
0.238
0.237
0.237
0.237
0.237
0.237
0.237
0.237
0.237
0.237
0.237
0.237
0.237
0.237
0.237
0.237
0.237
0.237
0.237
0.237
0.237
0.237
0.237
0.237
0.237
0.237
0.237
0.237
0.237
0.237
0.237
0.237
0.236
0.237
0.236
0.236
0.236
0.236
0.236
0.236
0.236
0.236
0.236
0.236
0.236
0.236
0.236
0.236
0.236
0.236
0.236
0.236
0.237
0.237
0.237
0.237
0.237
0.238
0.237
0.238
0.237
0.238
0.238
0.237
0.237
0.238
0.238
0.238
0.238
0.238
0.238
0.239
0.239
0.239
0.239
0.239
0.238
0.238
0.238
0.238
0.238
0.238
0.238
0.239
0.239
0.239
0.240
0.240
0.239
0.240
0.240
0.240
0.241
0.240
0.240
0.241
0.241
0.241
0.241
0.241
0.241
0.241
0.242
0.242
0.242
0.243
0.243
0.243
0.243
0.243
0.243
0.243
0.243
0.243
0.243
0.243
0.244
0.244
0.244
0.244
0.244
0.244
0.244
0.244
0.244
0.244
0.244
0.244
0.244
0.244
0.244
0.244
0.245
0.245
0.245
0.245
0.246
0.245
0.245
0.245
0.245
0.245
0.244
0.245
0.245
0.246
0.246
0.246
0.247
0.246
0.246
0.246
0.246
0.246
0.246
0.246
0.246
0.247
0.247
0.247
0.247
0.247
0.247
0.247
0.247
0.246
0.246
0.246
0.246
0.247
0.247
0.247
0.247
0.247
0.247
0.247
0.247
0.247
0.247
0.247
0.247
0.247
0.247
0.247
0.247
0.247
0.246
0.246
0.246
0.246
0.246
0.247
0.247
0.247
0.247
0.247
0.247
0.247
0.247
0.247
0.247
0.247
0.248
0.248
0.247
0.248
0.248
0.248
0.249
0.249
0.249
0.249
0.249
0.250
0.250
0.250
0.250
0.250
0.251
0.251
0.251
0.251
0.251
0.251
0.251
0.251
0.251
0.251
0.250
0.250
0.250
0.251
0.251
0.251
0.251
0.251
0.251
0.251
0.251
0.251
0.252
0.252
0.252
0.252
0.252
0.252
0.251
0.251
0.252
0.252
0.253
0.253
0.253
0.253
0.253
0.253
0.253
0.253
0.253
0.253
0.253
0.253
0.253
0.253
0.253
0.253
0.253
0.253
0.253
0.253
0.253
0.254
0.254
0.254
0.254
0.254
0.254
0.254
0.254
0.254
0.254
0.254
0.254
0.254
0.255
0.255
0.255
0.255
0.255
0.255
0.255
0.255
0.255
0.255
0.255
0.255
0.255
0.256
0.256
0.256
0.256
0.255
0.256
0.255
0.255
0.256
0.256
0.256
0.256
0.256
0.256
0.256
0.257
0.256
0.257
0.257
0.257
0.257
0.257
0.257
0.257
0.257
0.257
0.258
0.258
0.259
0.259
0.259
0.259
0.259
0.259
0.259
0.260
0.260
0.260
0.260
0.260
0.260
0.260
0.260
0.260
0.260
0.260
0.260
0.261
0.261
0.261
0.261
0.261
0.261
0.261
0.262
0.262
0.262
0.262
0.262
0.262
0.262
0.262
0.262
0.262
0.261
0.261
0.262
0.262
0.262
0.262
0.262
0.262
0.262
0.262
0.263
0.262
0.263
0.262
0.262
0.263
0.263
0.263
0.263
0.263
0.263
0.263
0.263
0.263
0.263
0.263
0.263
0.263
0.264
0.264
0.264
0.264
0.264
0.264
0.264
0.264
0.264
0.264
0.264
0.264
0.264
0.264
0.264
0.263
0.264
0.264
0.263
0.263
0.263
0.264
0.263
0.264
0.264
0.264
0.264
0.264
0.265
0.264
0.265
0.265
0.265
0.266
0.266
0.266
0.266
0.266
0.266
0.266
0.266
0.266
0.266
0.266
0.266
0.267
0.267
0.267
0.267
0.267
0.267
0.266
0.267
0.267
0.267
0.267
0.267
0.267
0.267
0.267
0.267
0.267
0.267
0.267
0.267
0.267
0.267
0.267
0.267
0.267
0.267
0.267
0.267
0.267
0.267
0.267
0.267
0.267
0.267
0.267
0.267
0.267
0.267
0.267
0.267
0.267
0.267
0.267
0.267
0.267
0.267
0.267
0.267
0.266
0.266
0.266
0.266
0.266
0.266
0.266
0.266
0.266
0.266
0.266
0.266
0.266
0.266
0.266
0.266
0.266
0.266
0.266
0.266
0.266
0.266
0.266
0.266
0.266
0.266
0.266
0.266
0.266
0.266
0.266
0.266
0.266
0.265
0.265
0.266
0.266
0.265
0.265
0.265
0.265
0.265
0.265
0.265
0.265
0.265
0.265
0.265
0.265
0.265
0.265
0.265
0.265
0.265
0.265
0.265
0.265
0.265
0.265
0.265
0.265
0.265
0.265
0.265
0.265
0.265
0.265
0.265
0.265
0.265
0.265
0.265
0.265
0.265
0.265
0.265
0.265
0.265
0.265
0.265
0.265
0.264
0.264
0.264
0.264
0.264
0.264
0.264
0.264
0.264
0.264
0.264
0.264
0.264
0.264
0.264
0.264
0.264
0.264
0.264
0.264
0.264
0.264
0.264
0.264
0.264
0.264
0.264
0.264
0.264
0.264
0.264
0.264
0.264
0.264
0.264
0.264
0.264
0.264
0.264
0.264
0.264
0.264
0.263
0.263
0.263
0.263
0.263
0.263
0.263
0.263
0.263
0.263
0.263
0.263
0.263
0.263
0.263
0.263
0.263
0.263
0.263
0.263
0.263
0.263
0.263
0.263
0.263
0.263
0.263
0.263
0.263
0.263
0.263
0.263
0.263
0.263
0.263
0.263
0.263
0.263
0.263
0.263
0.263
0.263
0.263
0.263
0.263
0.263
0.264
0.264
0.264
0.264
0.264
0.264
0.264
0.264
0.264
0.264
0.264
0.264
0.264
0.264
0.264
0.264
0.264
0.265
0.265
0.265
0.265
0.265
0.265
0.265
0.265
0.265
0.265
0.265
0.265
0.265
0.265
0.265
0.265
0.265
0.265
0.265
0.265
0.265
0.265
0.265
0.265
0.265
0.265
0.265
0.265
0.265
0.265
0.265
0.265
0.265
0.265
0.265
0.265
0.265
0.265
0.265
0.265
0.265
0.265
0.266
0.266
0.266
0.266
0.266
0.266
0.265
0.265
0.265
0.265
0.265
0.265
0.265
0.265
0.265
0.265
0.265
0.265
0.265
0.265
0.265
0.265
0.265
0.265
0.265
0.265
0.265
0.265
0.265
0.265
0.265
0.265
0.265
0.265
0.265
0.265
0.265
0.265
0.265
0.265
0.265
0.265
0.265
0.265
0.265
0.265
0.265
0.265
0.265
0.265
0.265
0.265
0.265
0.265
0.265
0.265
0.265
0.266
0.266
0.266
0.266
0.266
0.266
0.266
0.266
0.266
0.266
0.266
0.266
0.265
0.266
0.266
0.266
0.266
0.266
0.266
0.266
0.266
0.266
0.266
0.266
0.266
0.266
0.266
0.266
0.266
0.266
0.266
0.266
0.266
0.266
0.266
0.266
0.266
0.265
0.265
0.265
0.265
0.265
0.265
0.265
0.265
0.265
0.265
0.265
0.265
0.265
0.265
0.265
0.265
0.265
0.265
0.265
0.265
0.265
0.265
0.265
0.265
0.264
0.264
0.264
0.264
0.264
0.264
0.264
0.264
0.264
0.264
0.264
0.264
0.264
0.264
0.264
0.264
0.264
0.264
0.264
0.264
0.264
0.264
0.264
0.264
0.264
0.264
0.263
0.263
0.263
0.263
0.263
0.263
0.263
0.263
0.263
0.263
0.263
0.263
0.263
0.263
0.263
0.263
0.263
0.263
0.262
0.262
0.262
0.262
0.262
0.262
0.262
0.262
0.262
0.262
0.262
0.262
0.262
0.262
0.262
0.262
0.262
0.262
0.262
0.262
0.262
0.262
0.262
0.262
0.262
0.261
0.261
0.261
0.261
0.261
0.261
0.261
0.261
0.261
0.261
0.261
0.261
0.261
0.261
0.261
0.261
0.261
0.261
0.261
0.261
0.261
0.260
0.260
0.260
0.260
0.260
0.260
0.260
0.260
0.260
0.260
0.260
0.260
0.260
0.260
0.260
0.260
0.260
0.260
0.260
0.260
0.260
0.259
0.259
0.259
0.259
0.259
0.259
0.259
0.259
0.259
0.259
0.259
0.259
0.259
0.259
0.259
0.259
0.259
0.259
0.259
0.259
0.258
0.258
0.258
0.258
0.258
0.258
0.258
0.258
0.258
0.258
0.258
0.258
0.258
0.258
0.258
0.258
0.258
0.258
0.258
0.258
0.258
0.258
0.258
0.257
0.257
0.257
0.257
0.257
0.257
0.257
0.257
0.257
0.257
0.257
0.257
0.257
0.257
0.257
0.257
0.257
0.257
0.257
0.257
0.257
0.257
0.257
0.257
0.257
0.257
0.257
0.257
0.257
0.257
0.256
0.256
0.256
0.256
0.256
0.256
0.256
0.256
0.256
0.256
0.256
0.256
0.256
0.256
0.256
0.256
0.256
0.256
0.256
0.256
0.256
0.256
0.256
0.256
0.256
0.256
0.256
0.255
0.255
0.255
0.255
0.255
0.255
0.255
0.255
0.255
0.255
0.255
0.255
0.255
0.255
0.255
0.255
0.255
0.255
0.255
0.255
0.255
0.254
0.254
0.254
0.254
0.254
0.254
0.254
0.254
0.254
0.254
0.254
0.254
0.254
0.254
0.254
0.254
0.254
0.254
0.254
0.254
0.254
0.253
0.253
0.253
0.253
0.253
0.253
0.253
0.253
0.253
0.253
0.253
0.253
0.253
0.253
0.253
0.253
0.253
0.253
0.253
0.253
0.253
0.253
0.253
0.253
0.253
0.252
0.252
0.252
0.252
0.252
0.252
0.252
0.252
0.252
0.252
0.252
0.252
0.252
0.252
0.252
0.252
0.252
0.252
0.252
0.252
0.252
0.252
0.252
0.252
0.251
0.251
0.251
0.251
0.251
0.251
0.251
0.251
0.251
0.251
0.251
0.251
0.251
0.251
0.251
0.251
0.251
0.251
0.251
0.251
0.251
0.251
0.251
0.251
0.250
0.250
0.250
0.250
0.250
0.250
0.250
0.250
0.250
0.250
0.250
0.250
0.250
0.250
0.250
0.250
0.250
0.250
0.250
0.250
0.250
0.250
0.250
0.250
0.250
0.250
0.250
0.250
0.249
0.249
0.249
0.249
0.249
0.249
0.249
0.249
0.249
0.249
0.249
0.249
0.249
0.249
0.249
0.249
0.249
0.249
0.249
0.249
0.249
0.249
0.249
0.249
0.248
0.248
0.248
0.248
0.248
0.248
0.248
0.248
0.248
0.248
0.248
0.248
0.248
0.248
0.248
0.248
0.248
0.248
0.248
0.248
0.248
0.248
0.248
0.248
0.248
0.248
0.248
0.248
0.247
0.247
0.247
0.247
0.247
0.247
0.247
0.247
0.247
0.247
0.247
0.247
0.247
0.247
0.247
0.247
0.247
0.247
0.247
0.247
0.247
0.247
0.247
0.247
0.247
0.247
0.247
0.247
0.246
0.246
0.246
0.246
0.246
0.246
0.246
0.246
0.246
0.246
0.246
0.246
0.246
0.246
0.246
0.246
0.246
0.246
0.246
0.246
0.246
0.246
0.246
0.246
0.246
0.246
0.246
0.246
0.246
0.246
0.246
0.246
0.246
0.246
0.246
0.246
0.246
0.246
0.246
0.246
0.246
0.246
0.246
0.246
0.245
0.245
0.245
0.245
0.245
0.245
0.245
0.245
0.245
0.245
0.245
0.245
0.245
0.245
0.245
0.245
0.245
0.245
0.245
0.245
0.245
0.245
0.245
0.245
0.245
0.245
0.245
0.245
0.245
0.245
0.245
0.245
0.245
0.245
0.245
0.245
0.245
0.245
0.244
0.244
0.244
0.244
0.244
0.244
0.244
0.244
0.244
0.244
0.244
0.244
0.244
0.244
0.244
0.244
0.244
0.244
0.244
0.244
0.244
0.244
0.244
0.244
0.244
0.244
0.244
0.244
0.244
0.244
0.244
0.244
0.244
0.244
0.244
0.244
0.244
0.244
0.244
0.244
0.244
0.244
0.244
0.243
0.243
0.243
0.243
0.243
0.243
0.243
0.243
0.243
0.243
0.243
0.243
0.243
0.243
0.243
0.243
0.243
0.243
0.243
0.243
0.243
0.243
0.243
0.243
0.243
0.243
0.243
0.243
0.243
0.243
0.243
0.242
0.242
0.242
0.242
0.242
0.242
0.242
0.242
0.242
0.242
0.242
0.242
0.242
0.242
0.242
0.242
0.242
0.242
0.242
0.242
0.242
0.242
0.242
0.242
0.242
0.242
0.242
0.242
0.242
0.242
0.241
0.241
0.241
0.241
0.241
0.241
0.241
0.241
0.241
0.241
0.241
0.241
0.241
0.241
0.241
0.241
0.241
0.241
0.241
0.241
0.241
0.241
0.241
0.241
0.241
0.241
0.241
0.240
0.240
0.241
0.240
0.240
0.240
0.240
0.240
0.240
0.240
0.240
0.240
0.240
0.240
0.240
0.240
0.240
0.240
0.240
0.240
0.240
0.240
0.240
0.240
0.240
0.240
0.240
0.240
0.240
0.240
0.240
0.240
0.240
0.240
0.240
0.240
0.240
0.240
0.240
0.240