Precisão média por imagem
0.485
0.469
0.475
0.467
0.466
0.467
0.462
0.464
0.464
0.465
0.461
0.447
0.441
0.429
0.417
0.415
0.411
0.405
0.408
0.412
0.408
0.404
0.402
0.403
0.402
0.402
0.395
0.389
0.384
0.380
0.375
0.371
0.375
0.374
0.370
0.369
0.368
0.367
0.365
0.361
0.356
0.361
0.359
0.356
0.356
0.354
0.352
0.351
0.350
0.354
0.357
0.357
0.362
0.364
0.366
0.368
0.367
0.366
0.366
0.365
0.367
0.369
0.370
0.371
0.368
0.370
0.371
0.371
0.372
0.373
0.374
0.375
0.372
0.370
0.371
0.373
0.372
0.370
0.371
0.371
0.371
0.371
0.372
0.373
0.372
0.373
0.372
0.373
0.372
0.373
0.372
0.373
0.370
0.369
0.369
0.369
0.370
0.369
0.370
0.372
0.371
0.371
0.371
0.372
0.371
0.372
0.371
0.370
0.372
0.373
0.372
0.371
0.370
0.369
0.369
0.370
0.369
0.367
0.369
0.370
0.369
0.368
0.370
0.371
0.372
0.371
0.372
0.371
0.371
0.372
0.374
0.375
0.376
0.375
0.375
0.374
0.375
0.374
0.374
0.375
0.375
0.376
0.376
0.377
0.377
0.377
0.376
0.375
0.376
0.377
0.378
0.377
0.376
0.375
0.374
0.373
0.374
0.375
0.375
0.374
0.373
0.373
0.372
0.371
0.371
0.370
0.369
0.369
0.369
0.370
0.371
0.372
0.372
0.372
0.373
0.374
0.375
0.376
0.375
0.376
0.376
0.375
0.374
0.373
0.373
0.373
0.372
0.372
0.371
0.372
0.373
0.373
0.372
0.372
0.372
0.371
0.371
0.372
0.373
0.374
0.373
0.373
0.373
0.372
0.372
0.372
0.371
0.371
0.370
0.371
0.371
0.371
0.371
0.370
0.370
0.370
0.370
0.370
0.370
0.370
0.370
0.370
0.371
0.371
0.371
0.372
0.372
0.372
0.373
0.372
0.372
0.371
0.371
0.370
0.370
0.370
0.370
0.370
0.370
0.370
0.370
0.370
0.370
0.371
0.370
0.369
0.369
0.369
0.369
0.369
0.369
0.369
0.369
0.369
0.369
0.369
0.369
0.369
0.368
0.368
0.368
0.367
0.367
0.366
0.366
0.366
0.365
0.365
0.365
0.365
0.365
0.365
0.365
0.365
0.365
0.364
0.364
0.365
0.365
0.366
0.366
0.365
0.366
0.366
0.366
0.366
0.366
0.366
0.365
0.365
0.365
0.365
0.365
0.366
0.366
0.366
0.366
0.366
0.366
0.366
0.366
0.367
0.367
0.367
0.367
0.368
0.368
0.368
0.369
0.369
0.369
0.369
0.369
0.368
0.368
0.368
0.368
0.368
0.368
0.368
0.368
0.368
0.369
0.369
0.370
0.370
0.369
0.369
0.369
0.369
0.369
0.368
0.369
0.369
0.369
0.369
0.368
0.368
0.368
0.368
0.368
0.368
0.368
0.369
0.369
0.369
0.369
0.369
0.369
0.369
0.369
0.369
0.369
0.369
0.370
0.370
0.370
0.370
0.371
0.370
0.371
0.371
0.371
0.371
0.371
0.371
0.371
0.371
0.371
0.370
0.371
0.371
0.371
0.370
0.370
0.370
0.370
0.369
0.369
0.369
0.369
0.369
0.369
0.368
0.369
0.369
0.369
0.368
0.368
0.368
0.368
0.368
0.368
0.369
0.369
0.368
0.368
0.368
0.368
0.369
0.369
0.368
0.369
0.369
0.369
0.370
0.369
0.370
0.370
0.370
0.371
0.370
0.370
0.370
0.370
0.369
0.369
0.369
0.369
0.369
0.370
0.369
0.370
0.370
0.370
0.370
0.370
0.369
0.369
0.369
0.369
0.368
0.369
0.369
0.368
0.368
0.368
0.368
0.368
0.367
0.368
0.367
0.367
0.367
0.367
0.367
0.367
0.367
0.367
0.367
0.367
0.367
0.368
0.368
0.368
0.368
0.368
0.367
0.367
0.367
0.368
0.368
0.368
0.368
0.368
0.367
0.367
0.367
0.367
0.367
0.367
0.367
0.367
0.366
0.366
0.366
0.366
0.366
0.366
0.366
0.367
0.367
0.367
0.367
0.367
0.367
0.367
0.366
0.366
0.367
0.367
0.367
0.367
0.367
0.367
0.367
0.367
0.367
0.367
0.367
0.367
0.367
0.367
0.367
0.368
0.368
0.368
0.368
0.368
0.368
0.368
0.368
0.368
0.368
0.368
0.368
0.368
0.369
0.369
0.369
0.369
0.369
0.369
0.368
0.368
0.369
0.369
0.369
0.368
0.368
0.368
0.368
0.369
0.369
0.368
0.368
0.368
0.368
0.368
0.368
0.368
0.368
0.368
0.368
0.368
0.368
0.368
0.368
0.367
0.367
0.367
0.367
0.367
0.367
0.367
0.367
0.367
0.366
0.366
0.366
0.366
0.365
0.365
0.365
0.365
0.365
0.365
0.365
0.365
0.365
0.366
0.365
0.365
0.365
0.365
0.365
0.365
0.365
0.366
0.365
0.365
0.365
0.365
0.365
0.365
0.365
0.365
0.365
0.364
0.365
0.365
0.365
0.365
0.365
0.366
0.365
0.365
0.365
0.366
0.366
0.366
0.366
0.366
0.366
0.366
0.366
0.366
0.366
0.366
0.366
0.366
0.366
0.366
0.366
0.367
0.367
0.366
0.367
0.367
0.366
0.366
0.367
0.366
0.366
0.366
0.367
0.367
0.367
0.367
0.367
0.367
0.367
0.367
0.367
0.367
0.367
0.367
0.367
0.367
0.367
0.367
0.367
0.366
0.366
0.366
0.366
0.367
0.367
0.367
0.367
0.366
0.366
0.366
0.366
0.367
0.367
0.367
0.367
0.367
0.366
0.366
0.366
0.366
0.366
0.366
0.366
0.365
0.365
0.365
0.365
0.365
0.365
0.365
0.365
0.365
0.365
0.365
0.365
0.365
0.365
0.365
0.365
0.365
0.364
0.364
0.364
0.364
0.364
0.364
0.364
0.364
0.364
0.364
0.364
0.364
0.364
0.364
0.364
0.364
0.364
0.364
0.364
0.364
0.364
0.364
0.364
0.364
0.364
0.364
0.364
0.364
0.364
0.364
0.364
0.364
0.364
0.364
0.364
0.364
0.364
0.364
0.364
0.364
0.364
0.364
0.364
0.364
0.363
0.364
0.364
0.364
0.364
0.364
0.364
0.364
0.364
0.364
0.364
0.364
0.364
0.363
0.363
0.364
0.364
0.364
0.364
0.364
0.364
0.364
0.364
0.364
0.364
0.364
0.364
0.364
0.364
0.364
0.365
0.365
0.365
0.365
0.365
0.365
0.365
0.366
0.366
0.366
0.366
0.366
0.366
0.366
0.366
0.366
0.366
0.366
0.366
0.366
0.366
0.366
0.367
0.367
0.366
0.367
0.367
0.366
0.366
0.366
0.366
0.366
0.366
0.366
0.366
0.367
0.366
0.366
0.366
0.366
0.366
0.366
0.366
0.366
0.366
0.367
0.367
0.367
0.367
0.367
0.367
0.367
0.367
0.367
0.367
0.367
0.367
0.367
0.367
0.367
0.367
0.367
0.367
0.367
0.367
0.367
0.367
0.368
0.368
0.368
0.368
0.368
0.368
0.367
0.367
0.367
0.367
0.367
0.367
0.367
0.367
0.367
0.367
0.367
0.367
0.367
0.367
0.367
0.368
0.368
0.368
0.368
0.368
0.367
0.367
0.367
0.367
0.367
0.367
0.367
0.368
0.367
0.367
0.367
0.367
0.367
0.367
0.367
0.366
0.366
0.366
0.367
0.366
0.366
0.366
0.366
0.366
0.366
0.366
0.366
0.366
0.366
0.366
0.366
0.366
0.366
0.366
0.366
0.366
0.366
0.366
0.366
0.366
0.366
0.366
0.366
0.366
0.366
0.366
0.366
0.366
0.366
0.366
0.366
0.366
0.366
0.366
0.366
0.366
0.366
0.367
0.366
0.366
0.366
0.366
0.366
0.366
0.366
0.367
0.366
0.366
0.367
0.367
0.367
0.367
0.367
0.367
0.367
0.367
0.367
0.367
0.367
0.367
0.367
0.367
0.367
0.367
0.367
0.367
0.367
0.367
0.367
0.367
0.367
0.367
0.367
0.368
0.368
0.368
0.368
0.368
0.368
0.368
0.368
0.368
0.368
0.368
0.368
0.368
0.368
0.368
0.368
0.368
0.368
0.368
0.368
0.368
0.368
0.368
0.368
0.368
0.368
0.368
0.368
0.368
0.368
0.368
0.368
0.368
0.367
0.367
0.367
0.367
0.367
0.367
0.367
0.367
0.367
0.367
0.367
0.367
0.367
0.367
0.367
0.367
0.367
0.367
0.367
0.367
0.367
0.367
0.367
0.367
0.367
0.367
0.367
0.367
0.367
0.367
0.367
0.367
0.367
0.367
0.367
0.368
0.368
0.368
0.367
0.367
0.368
0.368
0.368
0.368
0.368
0.368
0.368
0.368
0.368
0.368
0.367
0.367
0.367
0.367
0.367
0.367
0.367
0.367
0.367
0.367
0.367
0.367
0.367
0.367
0.367
0.367
0.367
0.367
0.367
0.367
0.367
0.367
0.367
0.367
0.367
0.367
0.367
0.367
0.367
0.367
0.367
0.367
0.367
0.367
0.367
0.367
0.367
0.367
0.367
0.367
0.367
0.367
0.367
0.367
0.367
0.367
0.367
0.367
0.367
0.367
0.367
0.367
0.367
0.367
0.367
0.367
0.368
0.367
0.367
0.367
0.368
0.368
0.368
0.368
0.368
0.368
0.368
0.368
0.368
0.368
0.368
0.368
0.368
0.368
0.368
0.368
0.368
0.369
0.368
0.369
0.369
0.369
0.369
0.369
0.369
0.369
0.369
0.369
0.369
0.369
0.369
0.369
0.369
0.369
0.369
0.369
0.369
0.369
0.369
0.369
0.369
0.369
0.369
0.369
0.369
0.369
0.369
0.369
0.369
0.369
0.369
0.369
0.369
0.369
0.369
0.369
0.369
0.369
0.369
0.369
0.369
0.369
0.369
0.369
0.369
0.369
0.369
0.369
0.369
0.369
0.369
0.369
0.369
0.369
0.369
0.369
0.368
0.368
0.368
0.368
0.368
0.368
0.368
0.368
0.368
0.368
0.368
0.368
0.368
0.368
0.368
0.368
0.368
0.368
0.368
0.368
0.368
0.368
0.368
0.368
0.368
0.368
0.368
0.368
0.368
0.368
0.368
0.368
0.368
0.368
0.368
0.368
0.368
0.368
0.368
0.368
0.368
0.368
0.368
0.368
0.368
0.368
0.368
0.368
0.368
0.368
0.368
0.368
0.368
0.368
0.368
0.368
0.368
0.368
0.368
0.368
0.368
0.368
0.368
0.368
0.368
0.368
0.368
0.367
0.367
0.367
0.367
0.367
0.367
0.367
0.367
0.367
0.367
0.368
0.368
0.368
0.368
0.368
0.368
0.368
0.368
0.368
0.368
0.368
0.368
0.368
0.368
0.368
0.368
0.368
0.368
0.368
0.368
0.368
0.368
0.368
0.368
0.368
0.368
0.368
0.368
0.368
0.368
0.368
0.368
0.368
0.368
0.368
0.368
0.368
0.368
0.368
0.368
0.368
0.368
0.368
0.368
0.368
0.368
0.368
0.368
0.368
0.368
0.368
0.368
0.368
0.368
0.368
0.368
0.368
0.368
0.368
0.368
0.368
0.368
0.368
0.368
0.368
0.367
0.367
0.367
0.367
0.367
0.367
0.367
0.367
0.367
0.367
0.366
0.366
0.366
0.366