
0.113
0.124
0.112
0.129
0.119
0.114
0.127
0.122
0.119
0.130
0.129
0.126
0.131
0.140
0.151
0.151
0.152
0.149
0.151
0.150
0.147
0.146
0.151
0.151
0.158
0.163
0.171
0.173
0.178
0.182
0.186
0.192
0.196
0.198
0.197
0.198
0.197
0.201
0.200
0.198
0.198
0.198
0.195
0.195
0.194
0.195
0.204
0.203
0.201
0.199
0.199
0.196
0.197
0.195
0.195
0.196
0.194
0.194
0.199
0.198
0.197
0.196
0.195
0.193
0.193
0.193
0.191
0.190
0.191
0.189
0.188
0.189
0.190
0.191
0.191
0.192
0.195
0.193
0.199
0.205
0.206
0.206
0.205
0.204
0.203
0.204
0.203
0.204
0.203
0.201
0.207
0.206
0.206
0.208
0.208
0.209
0.209
0.207
0.207
0.209
0.208
0.209
0.210
0.209
0.209
0.209
0.208
0.209
0.210
0.210
0.209
0.208
0.207
0.207
0.207
0.207
0.208
0.208
0.209
0.213
0.215
0.215
0.215
0.219
0.220
0.219
0.219
0.218
0.217
0.216
0.216
0.215
0.216
0.215
0.215
0.215
0.214
0.213
0.213
0.212
0.212
0.211
0.210
0.210
0.209
0.208
0.208
0.207
0.208
0.208
0.209
0.209
0.208
0.209
0.209
0.211
0.211
0.211
0.210
0.210
0.211
0.211
0.212
0.211
0.212
0.213
0.212
0.212
0.212
0.213
0.213
0.212
0.213
0.213
0.213
0.213
0.212
0.212
0.212
0.212
0.214
0.214
0.214
0.214
0.215
0.215
0.215
0.215
0.215
0.215
0.214
0.214
0.214
0.213
0.214
0.213
0.213
0.215
0.215
0.218
0.218
0.218
0.218
0.219
0.219
0.218
0.219
0.219
0.219
0.218
0.218
0.218
0.218
0.217
0.217
0.217
0.217
0.216
0.216
0.216
0.216
0.217
0.217
0.216
0.216
0.216
0.217
0.218
0.218
0.218
0.218
0.218
0.217
0.218
0.218
0.218
0.219
0.221
0.220
0.220
0.220
0.220
0.219
0.219
0.219
0.218
0.218
0.218
0.218
0.218
0.217
0.217
0.217
0.216
0.216
0.216
0.216
0.216
0.215
0.216
0.216
0.216
0.215
0.215
0.215
0.215
0.215
0.214
0.215
0.214
0.215
0.214
0.216
0.216
0.216
0.215
0.215
0.215
0.215
0.215
0.215
0.215
0.215
0.216
0.216
0.216
0.215
0.215
0.215
0.215
0.214
0.214
0.214
0.214
0.214
0.214
0.215
0.215
0.215
0.215
0.215
0.214
0.214
0.214
0.214
0.214
0.213
0.213
0.213
0.213
0.213
0.212
0.212
0.213
0.212
0.212
0.213
0.213
0.212
0.213
0.212
0.212
0.212
0.212
0.213
0.213
0.212
0.212
0.213
0.213
0.213
0.213
0.213
0.213
0.213
0.213
0.212
0.213
0.213
0.214
0.214
0.214
0.213
0.214
0.213
0.213
0.213
0.213
0.213
0.213
0.213
0.213
0.213
0.213
0.213
0.213
0.213
0.213
0.212
0.212
0.212
0.212
0.211
0.211
0.211
0.212
0.211
0.211
0.211
0.211
0.211
0.211
0.211
0.211
0.212
0.211
0.211
0.211
0.211
0.211
0.211
0.211
0.211
0.211
0.210
0.210
0.210
0.210
0.210
0.210
0.210
0.211
0.211
0.211
0.211
0.212
0.211
0.211
0.212
0.212
0.212
0.212
0.212
0.212
0.212
0.212
0.212
0.212
0.212
0.212
0.211
0.211
0.211
0.211
0.211
0.211
0.210
0.211
0.211
0.211
0.211
0.211
0.211
0.211
0.211
0.211
0.211
0.211
0.210
0.210
0.210
0.210
0.209
0.209
0.209
0.209
0.209
0.209
0.209
0.209
0.209
0.209
0.209
0.209
0.209
0.210
0.210
0.209
0.209
0.209
0.209
0.209
0.209
0.209
0.209
0.209
0.209
0.209
0.209
0.209
0.210
0.210
0.209
0.210
0.210
0.211
0.211
0.211
0.211
0.212
0.212
0.212
0.211
0.212
0.212
0.211
0.211
0.211
0.211
0.210
0.210
0.210
0.210
0.210
0.210
0.210
0.210
0.209
0.209
0.209
0.209
0.208
0.208
0.208
0.208
0.208
0.207
0.207
0.207
0.207
0.207
0.207
0.207
0.207
0.207
0.207
0.207
0.207
0.207
0.207
0.207
0.207
0.207
0.207
0.207
0.207
0.208
0.208
0.208
0.208
0.208
0.208
0.208
0.207
0.207
0.207
0.207
0.207
0.207
0.207
0.207
0.207
0.207
0.207
0.206
0.207
0.207
0.207
0.207
0.206
0.206
0.206
0.206
0.206
0.206
0.206
0.206
0.206
0.207
0.206
0.207
0.207
0.207
0.206
0.206
0.206
0.207
0.207
0.207
0.207
0.207
0.208
0.207
0.208
0.208
0.208
0.208
0.208
0.208
0.209
0.209
0.209
0.208
0.209
0.209
0.209
0.209
0.209
0.209
0.209
0.209
0.209
0.209
0.209
0.209
0.209
0.209
0.209
0.209
0.209
0.209
0.209
0.209
0.209
0.208
0.208
0.208
0.208
0.208
0.207
0.207
0.207
0.207
0.207
0.207
0.207
0.207
0.207
0.207
0.206
0.206
0.206
0.206
0.206
0.206
0.206
0.206
0.206
0.206
0.206
0.206
0.206
0.206
0.206
0.206
0.206
0.206
0.205
0.205
0.206
0.206
0.206
0.205
0.206
0.206
0.206
0.206
0.206
0.206
0.207
0.207
0.207
0.206
0.207
0.207
0.206
0.206
0.207
0.207
0.206
0.206
0.206
0.206
0.206
0.206
0.206
0.206
0.206
0.206
0.206
0.206
0.206
0.206
0.206
0.206
0.206
0.207
0.207
0.207
0.207
0.207
0.207
0.207
0.207
0.207
0.207
0.207
0.207
0.207
0.207
0.207
0.207
0.207
0.208
0.208
0.208
0.208
0.208
0.208
0.208
0.208
0.208
0.208
0.208
0.208
0.208
0.208
0.208
0.208
0.208
0.208
0.208
0.208
0.209
0.208
0.208
0.209
0.209
0.209
0.209
0.209
0.209
0.209
0.209
0.209
0.209
0.209
0.209
0.209
0.209
0.209
0.209
0.209
0.209
0.209
0.209
0.209
0.209
0.209
0.209
0.209
0.209
0.209
0.209
0.209
0.209
0.209
0.209
0.209
0.209
0.209
0.209
0.210
0.209
0.209
0.210
0.210
0.210
0.210
0.210
0.210
0.210
0.210
0.210
0.210
0.211
0.210
0.210
0.211
0.211
0.211
0.211
0.211
0.211
0.211
0.211
0.211
0.211
0.211
0.212
0.212
0.212
0.212
0.212
0.212
0.212
0.212
0.212
0.212
0.212
0.212
0.212
0.212
0.212
0.212
0.212
0.212
0.212
0.213
0.213
0.213
0.213
0.213
0.213
0.213
0.213
0.213
0.213
0.213
0.213
0.213
0.213
0.213
0.213
0.213
0.213
0.214
0.214
0.214
0.214
0.214
0.214
0.214
0.214
0.214
0.214
0.214
0.214
0.214
0.214
0.214
0.214
0.215
0.215
0.215
0.215
0.215
0.215
0.215
0.215
0.215
0.215
0.215
0.215
0.215
0.215
0.215
0.215
0.215
0.216
0.216
0.216
0.216
0.216
0.216
0.216
0.216
0.216
0.216
0.216
0.216
0.216
0.216
0.216
0.216
0.216
0.217
0.217
0.217
0.217
0.217
0.217
0.217
0.217
0.217
0.217
0.217
0.217
0.217
0.217
0.217
0.217
0.218
0.218
0.218
0.218
0.218
0.218
0.218
0.218
0.218
0.218
0.218
0.218
0.218
0.218
0.218
0.218
0.218
0.218
0.218
0.218
0.218
0.218
0.218
0.218
0.218
0.218
0.218
0.218
0.218
0.218
0.218
0.218
0.218
0.218
0.218
0.218
0.218
0.218
0.218
0.218
0.218
0.218
0.218
0.218
0.218
0.218
0.218
0.218
0.218
0.218
0.218
0.218
0.218
0.218
0.218
0.218
0.218
0.218
0.218
0.218
0.218
0.218
0.218
0.218
0.218
0.218
0.218
0.218
0.218
0.218
0.218
0.218
0.218
0.218
0.218
0.218
0.218
0.218
0.218
0.218
0.218
0.218
0.218
0.218
0.218
0.218
0.218
0.218
0.218
0.218
0.218
0.218
0.218
0.218
0.218
0.218
0.218
0.218
0.218
0.218
0.218
0.218
0.218
0.218
0.218
0.218
0.218
0.218
0.218
0.218
0.218
0.218
0.218
0.218
0.218
0.218
0.218
0.218
0.218
0.218
0.218
0.218
0.218
0.218
0.218
0.218
0.218
0.218
0.218
0.218
0.218
0.218
0.218
0.218
0.218
0.218
0.218
0.218
0.218
0.218
0.218
0.218
0.218
0.218
0.218
0.218
0.218
0.218
0.218
0.218
0.218
0.218
0.218
0.219
0.219
0.219
0.219
0.219
0.219
0.219
0.219
0.219
0.219
0.219
0.219
0.219
0.219
0.219
0.219
0.219
0.219
0.219
0.219
0.219
0.219
0.219
0.219
0.219
0.219
0.220
0.220
0.220
0.220
0.220
0.220
0.220
0.220
0.220
0.220
0.220
0.220
0.220
0.220
0.220
0.220
0.220
0.220
0.220
0.220
0.220
0.220
0.220
0.220
0.220
0.220
0.220
0.220
0.220
0.221
0.221
0.221
0.221
0.221
0.221
0.221
0.221
0.221
0.221
0.221
0.221
0.221
0.221
0.221
0.221
0.221
0.221
0.221
0.221
0.221
0.221
0.221
0.221
0.221
0.221
0.221
0.221
0.221
0.221
0.221
0.221
0.221
0.221
0.221
0.221
0.221
0.221
0.221
0.221
0.221
0.221
0.221
0.221
0.222
0.222
0.222
0.222
0.222
0.222
0.222
0.222
0.222
0.222
0.222
0.222
0.222
0.222
0.222
0.222
0.222
0.222
0.222
0.222
0.222
0.222
0.222
0.222
0.222
0.222
0.222
0.222
0.222
0.222
0.222
0.222
0.222
0.222
0.222
0.222
0.222
0.222
0.222
0.222
0.223
0.223
0.223
0.223
0.223
0.223
0.223
0.223
0.223
0.223
0.223
0.223
0.223
0.223
0.223
0.224
0.224
0.225
0.225
0.224
0.225
0.225
0.225
0.225
0.225
0.225
0.225
0.225
0.225
0.226
0.226
0.226
0.226
0.226
0.227
0.227
0.227
0.228
0.228
0.228
0.228
0.228
0.228
0.228
0.228
0.229
0.229
0.229
0.229
0.229
0.229
0.229
0.229
0.229
0.229
0.229
0.229
0.229
0.229
0.230
0.230
0.230
0.229
0.230
0.230
0.230
0.230
0.230
0.230
0.230
0.230
0.230
0.231
0.231
0.231
0.231
0.231
0.231
0.231
0.231
0.231
0.232
0.232
0.232
0.232
0.232
0.232
0.232
0.231
0.232
0.232
0.231
0.232
0.232
0.232
0.232
0.232
0.232
0.233
0.233
0.234
0.233
0.234
0.234
0.234
0.235
0.235
0.235
0.235
0.235
0.235
0.235
0.236
0.236
0.236
0.236
0.236
0.236
0.236
0.236
0.236
0.236
0.236
0.236
0.237
0.237
0.237
0.237
0.238
0.237
0.237
0.237
0.237
0.237
0.237
0.238
0.238
0.239
0.239
0.239
0.239
0.239
0.240
0.240
0.240
0.240
0.239
0.240
0.240
0.240
0.240
0.240
0.240
0.240
0.241
0.241
0.241
0.240
0.241
0.241
0.241
0.241
0.241
0.241
0.242
0.242
0.242
0.242
0.242
0.242
0.242
0.242
0.242
0.243
0.243
0.243
0.243
0.244
0.244
0.244
0.244
0.244
0.244
0.244
0.245
0.244
0.244
0.245
0.245
0.245
0.245
0.245
0.245
0.245
0.245
0.245
0.245
0.245
0.245
0.245
0.245
0.246
0.246
0.246
0.246
0.246
0.246
0.247
0.247
0.248
0.248
0.248
0.248
0.248
0.249
0.249
0.249
0.250
0.250
0.250
0.250
0.250
0.250
0.250
0.250
0.250
0.251
0.251
0.251
0.252
0.252
0.252
0.252
0.251
0.251
0.251
0.252
0.252
0.252
0.252
0.252
0.252
0.252
0.252
0.252
0.252
0.252
0.252
0.253
0.253
0.253
0.253
0.253
0.253
0.253
0.253
0.253
0.253
0.253
0.252
0.252
0.252
0.252
0.252
0.253
0.253
0.253
0.253
0.254
0.254
0.254
0.254
0.254
0.254
0.254
0.254
0.254
0.254
0.255
0.255
0.255
0.255
0.255
0.255
0.255
0.255
0.255
0.255
0.255
0.255
0.255
0.255
0.255
0.255
0.256
0.256
0.256
0.256
0.256
0.256
0.256
0.256
0.256
0.256
0.256
0.256
0.256
0.256
0.256
0.256
0.256
0.257
0.257
0.257
0.258
0.258
0.258
0.258
0.258
0.258
0.258
0.258
0.258
0.258
0.259
0.258
0.258
0.258
0.258
0.258
0.258
0.258
0.259
0.258
0.259
0.259
0.259
0.259
0.259
0.259
0.259
0.259
0.259
0.259
0.259
0.259
0.259
0.259
0.259
0.259
0.260
0.260
0.260
0.260
0.260
0.260
0.260
0.260
0.260
0.261
0.261
0.261
0.261
0.261
0.261
0.262
0.262
0.262
0.262
0.262
0.262
0.262
0.262
0.262
0.262
0.262
0.262
0.262
0.262
0.262
0.262
0.262
0.262
0.262
0.262
0.262
0.262
0.262
0.262
0.262
0.262
0.262
0.262
0.262
0.263
0.263
0.263
0.263
0.263
0.263
0.263
0.263
0.263
0.263
0.263
0.263
0.263
0.263
0.263
0.263
0.263
0.263
0.263
0.263
0.263
0.263
0.263
0.263
0.263
0.263
0.263
0.263
0.263
0.263
0.263
0.263
0.263
0.263
0.263
0.263
0.263
0.263
0.263
0.263
0.263
0.263
0.263
0.264
0.264
0.264
0.263
0.263
0.263
0.263
0.263
0.263
0.263
0.263
0.263
0.263
0.263
0.263
0.263
0.263
0.263
0.263
0.263
0.263
0.263
0.263
0.263
0.263
0.263
0.263
0.263
0.263
0.263
0.263
0.263
0.263
0.263
0.263
0.263
0.263
0.263
0.263
0.263
0.263
0.263
0.263
0.263
0.263
0.263
0.263
0.263
0.263
0.263
0.263
0.263
0.263
0.263
0.263
0.264
0.264
0.264
0.264
0.264
0.264
0.264
0.264
0.264
0.264
0.264
0.264
0.264
0.264
0.264
0.264
0.264
0.264
0.264
0.264
0.264
0.264
0.264
0.264
0.263
0.263
0.263
0.263
0.263
0.263
0.263
0.263
0.263
0.263
0.263
0.263
0.263
0.263
0.263
0.263
0.263
0.263
0.264
0.264
0.264
0.264
0.264
0.264
0.264
0.264
0.264
0.264
0.264
0.264
0.264
0.264
0.264
0.264
0.264
0.264
0.264
0.264
0.264
0.264
0.264
0.264
0.264
0.264
0.264
0.264
0.264
0.264
0.264
0.264
0.264
0.264
0.264
0.264
0.264
0.264
0.264
0.264
0.264
0.264
0.264
0.264
0.264
0.264
0.264
0.264
0.264
0.264
0.265
0.264
0.265
0.265
0.265
0.265
0.265
0.265
0.264
0.264
0.265
0.265
0.265
0.265
0.265
0.264
0.265
0.265
0.265
0.265
0.266
0.266
0.266
0.267
0.267
0.267
0.268
0.268
0.268
0.269
0.269
0.269
0.270
0.270
0.270
0.270
0.271
0.271
0.271
0.272
0.272
0.272
0.272
0.272
0.272
0.273
0.273
0.273
0.274
0.274
0.274
0.275
0.275
0.275
0.275
0.275
0.275
0.275
0.275
0.275
0.275
0.275
0.275
0.275
0.276
0.276
0.276
0.276
0.276
0.276
0.276
0.276
0.276
0.276
0.276
0.276
0.276
0.276
0.277
0.277
0.277
0.278
0.278
0.278
0.279
0.279
0.279
0.279
0.279
0.280
0.280
0.280
0.281
0.281
0.281
0.281
0.281
0.281
0.280
0.280
0.281
0.281
0.281
0.280
0.281
0.281
0.281
0.280
0.280
0.280
0.280
0.280
0.280
0.280
0.280
0.280
0.280
0.280
0.280
0.280
0.281
0.281
0.281
0.281
0.281
0.281
0.281
0.281
0.282
0.282
0.282
0.282
0.282
0.282
0.282
0.282
0.282
0.282
0.282
0.281
0.281
0.281
0.281
0.281
0.281
0.281
0.281
0.282
0.282
0.282
0.283
0.282
0.283
0.283
0.283
0.283
0.283
0.282
0.282
0.282
0.282
0.282
0.282
0.282
0.282
0.282
0.282
0.282
0.282
0.282
0.282
0.282
0.282
0.282
0.282
0.282
0.282
0.282
0.282
0.282
0.282
0.282
0.282
0.282
0.282
0.282
0.281
0.281
0.281
0.281
0.281
0.281
0.281
0.281
0.281
0.281
0.281
0.282
0.281
0.281
0.281
0.281
0.281
0.281
0.281
0.281
0.281
0.281
0.281
0.281
0.281
0.281
0.280
0.280
0.280
0.281
0.281
0.280
0.280
0.280
0.280
0.280
0.280
0.280
0.280
0.280
0.280
0.280
0.280
0.280
0.280
0.280
0.280
0.280
0.279
0.279
0.279
0.279
0.279
0.279
0.279
0.279
0.279
0.279
0.279
0.279
0.279
0.279
0.279
0.279
0.279
0.279
0.278
0.278
0.278
0.278
0.278
0.278
0.278
0.278
0.278
0.278
0.278
0.278
0.278
0.278
0.278
0.278
0.278
0.278
0.278
0.278
0.278
0.278
0.277
0.277
0.277
0.277
0.277
0.277
0.277
0.277
0.277
0.277
0.277
0.277
0.277
0.277
0.277
0.277
0.277
0.277
0.277
0.277
0.277
0.277
0.277
0.277
0.277
0.276
0.276
0.276
0.276
0.276
0.276
0.276
0.276
0.276
0.276
0.276
0.276
0.276
0.276
0.276
0.276
0.276
0.276
0.276
0.276
0.276
0.275
0.275
0.275
0.275
0.275
0.275
0.275
0.275
0.275
0.275
0.275
0.275
0.275
0.275
0.275
0.275
0.275
0.275
0.275
0.275
0.275
0.275
0.275
0.275
0.275
0.275
0.275
0.275
0.275
0.275
0.274
0.274
0.274
0.274
0.274
0.274
0.274
0.274
0.274
0.274
0.274
0.274
0.274
0.274
0.274
0.274
0.274
0.274
0.274
0.274
0.274
0.274
0.274
0.274
0.274
0.274
0.274
0.274
0.274
0.274
0.274
0.274
0.274
0.274
0.274
0.274
0.274
0.274
0.274
0.274
0.274
0.274
0.274
0.274
0.273
0.273
0.273
0.273
0.273
0.273
0.273
0.273
0.273
0.273
0.273
0.273
0.273
0.273
0.273
0.273
0.273
0.273
0.273
0.273
0.273
0.273
0.273
0.273
0.273
0.273
0.273
0.273
0.273
0.273
0.273
0.273
0.272
0.272
0.272
0.272
0.272
0.272
0.272
0.272
0.272
0.272
0.272
0.272
0.272
0.272
0.272
0.272
0.272
0.272
0.272
0.272
0.272
0.271
0.271
0.271
0.271
0.271
0.271
0.271
0.271
0.271
0.271
0.271
0.271
0.271
0.271
0.271
0.271
0.271
0.271
0.271
0.271
0.271
0.271
0.271
0.271
0.271
0.271
0.271
0.271
0.271
0.271
0.271
0.271
0.271
0.271
0.271
0.271
0.271
0.271
0.271
0.271
0.271
0.271
0.271
0.271
0.271
0.271
0.271
0.271
0.271
0.271
0.271
0.271
0.271
0.271
0.271
0.271
0.271
0.271
0.271
0.271
0.271
0.271
0.271
0.271
0.271
0.271
0.271
0.271
0.271
0.271
0.271
0.271
0.271
0.271
0.271
0.271
0.271
0.271
0.271
0.271
0.271
0.271
0.271
0.271
0.271
0.271
0.271
0.271
0.271
0.271
0.271
0.271
0.271
0.271
0.271
0.271
0.271
0.271
0.271
0.271
0.271
0.271
0.271
0.271
0.271
0.271
0.271
0.271
0.271
0.271
0.271
0.271
0.271
0.271
0.271
0.271
0.271
0.271
0.271
0.271
0.271
0.271
0.271
0.271
0.271
0.271
0.271
0.271
0.271
0.271
0.271
0.271
0.271
0.271
0.271
0.271
0.271
0.271
0.271
0.271
0.271
0.271
0.271
0.271
0.271
0.271
0.271
0.271
0.271
0.271
0.271
0.271
0.271
0.271
0.271
0.271
0.271
0.270
0.270
0.270
0.270
0.270
0.270
0.270
0.270
0.270
0.271
0.270
0.270
0.270
0.270
0.270
0.270
0.270
0.270
0.270
0.270
0.270
0.270
0.270
0.270
0.270
0.270
0.270
0.270
0.270
0.270
0.270
0.270
0.270
0.270
0.270
0.270
0.270
0.270
0.270
0.270
0.270
0.270
0.270
0.270
0.270
0.270
0.270
0.269
0.269
0.270
0.270
0.270
0.270
0.270
0.270
0.270
0.270
0.270
0.270
0.270
0.270
0.270
0.270
0.270
0.270
0.270
0.270
0.270
0.270
0.270
0.270
0.270
0.270
0.270
0.270
0.270
0.270
0.270
0.270
0.270
0.270
0.270
0.270
0.270
0.270
0.270
0.270
0.270
0.270
0.270
0.270
0.270
0.270
0.270
0.270
0.270
0.270
0.270
0.270
0.270
0.270
0.270
0.271
0.271
0.271
0.271
0.271
0.270
0.270
0.270
0.271
0.271
0.271
0.271
0.271
0.271
0.271
0.271
0.271
0.271
0.271
0.271
0.271
0.271
0.271
0.271
0.271
0.271
0.271
0.271
0.271
0.271
0.271
0.271
0.271
0.271
0.271
0.271
0.271
0.271
0.271
0.271
0.271
0.271
0.271
0.271
0.271
0.271
0.271
0.271
0.271
0.271
0.271
0.271
0.271
0.271
0.271
0.271
0.271
0.271
0.271
0.271
0.271
0.271
0.271
0.271
0.271
0.271
0.271
0.271
0.271
0.271
0.271
0.271
0.271
0.270
0.271
0.271
0.271
0.271
0.271
0.271
0.271
0.271
0.271
0.270
0.270
0.271
0.270
0.270
0.270
0.270
0.270
0.270
0.270
0.270
0.270
0.270
0.270
0.270
0.270
0.270
0.270
0.270
0.270
0.270
0.270
0.270
0.270
0.270
0.270
0.270
0.270
0.270
0.270
0.270
0.270
0.270
0.270
0.270
0.270
0.270
0.270
0.270
0.270
0.270
0.270
0.270
0.270
0.270
0.270
0.270
0.270
0.270
0.270
0.270
0.270
0.270
0.270
0.270
0.270
0.270
0.270
0.270
0.270
0.270
0.270
0.270
0.270
0.270
0.270
0.270
0.270
0.270
0.270
0.270
0.270
0.270
0.270
0.270
0.270
0.270
0.270
0.270
0.270
0.270
0.270
0.270
0.270
0.270
0.270
0.270
0.270
0.270
0.270
0.270
0.270
0.270
0.270
0.270
0.270
0.270
0.270
0.270
0.270
0.270
0.270
0.270
0.270
0.270
0.270
0.270