Precisão média por imagem
0.145
0.116
0.098
0.146
0.138
0.134
0.157
0.152
0.145
0.181
0.182
0.176
0.180
0.198
0.204
0.195
0.190
0.234
0.235
0.252
0.281
0.274
0.266
0.277
0.272
0.265
0.260
0.255
0.264
0.280
0.290
0.285
0.281
0.276
0.289
0.283
0.281
0.286
0.290
0.284
0.279
0.292
0.307
0.302
0.298
0.295
0.295
0.293
0.291
0.288
0.284
0.280
0.277
0.289
0.286
0.288
0.294
0.292
0.289
0.294
0.304
0.301
0.297
0.295
0.291
0.288
0.287
0.286
0.287
0.295
0.296
0.304
0.314
0.312
0.310
0.311
0.313
0.311
0.314
0.311
0.309
0.315
0.316
0.318
0.321
0.319
0.316
0.315
0.315
0.319
0.326
0.329
0.328
0.326
0.325
0.322
0.323
0.326
0.324
0.321
0.321
0.326
0.324
0.327
0.326
0.325
0.324
0.323
0.321
0.320
0.318
0.317
0.316
0.315
0.314
0.314
0.319
0.324
0.323
0.327
0.326
0.331
0.333
0.332
0.334
0.331
0.333
0.332
0.332
0.331
0.335
0.333
0.331
0.336
0.335
0.336
0.334
0.332
0.331
0.329
0.328
0.330
0.330
0.329
0.331
0.330
0.328
0.327
0.325
0.327
0.325
0.325
0.326
0.325
0.323
0.327
0.326
0.330
0.330
0.334
0.337
0.341
0.339
0.338
0.336
0.335
0.334
0.333
0.331
0.331
0.332
0.331
0.332
0.330
0.330
0.329
0.328
0.327
0.329
0.333
0.337
0.338
0.336
0.336
0.335
0.334
0.337
0.336
0.340
0.338
0.337
0.337
0.339
0.338
0.338
0.336
0.335
0.334
0.337
0.336
0.336
0.335
0.334
0.337
0.336
0.338
0.339
0.338
0.338
0.336
0.336
0.335
0.336
0.336
0.337
0.339
0.338
0.341
0.340
0.340
0.341
0.340
0.339
0.340
0.340
0.342
0.342
0.342
0.342
0.342
0.341
0.340
0.341
0.341
0.340
0.339
0.341
0.343
0.343
0.343
0.342
0.342
0.341
0.342
0.341
0.343
0.342
0.341
0.342
0.342
0.342
0.341
0.342
0.341
0.342
0.342
0.343
0.343
0.343
0.342
0.343
0.344
0.343
0.342
0.342
0.342
0.342
0.342
0.341
0.340
0.340
0.340
0.342
0.341
0.340
0.341
0.340
0.340
0.339
0.339
0.338
0.338
0.337
0.338
0.337
0.337
0.337
0.337
0.336
0.336
0.335
0.335
0.335
0.334
0.333
0.333
0.333
0.333
0.332
0.332
0.331
0.331
0.331
0.330
0.330
0.330
0.329
0.329
0.329
0.328
0.328
0.327
0.327
0.327
0.326
0.326
0.326
0.325
0.325
0.325
0.325
0.324
0.324
0.324
0.323
0.323
0.323
0.323
0.323
0.322
0.322
0.321
0.321
0.321
0.321
0.321
0.321
0.321
0.320
0.320
0.320
0.319
0.319
0.319
0.318
0.318
0.317
0.317
0.316
0.316
0.315
0.315
0.314
0.314
0.314
0.314
0.314
0.313
0.313
0.313
0.312
0.312
0.311
0.311
0.311
0.311
0.311
0.311
0.311
0.310
0.310
0.309
0.309
0.309
0.309
0.308
0.308
0.308
0.307
0.307
0.307
0.307
0.306
0.306
0.306
0.306
0.305
0.305
0.305
0.305
0.305
0.305
0.304
0.304
0.304
0.304
0.303
0.303
0.303
0.303
0.303
0.303
0.302
0.302
0.302
0.302
0.302
0.302
0.302
0.301
0.301
0.301
0.301
0.300
0.300
0.300
0.299
0.299
0.299
0.298
0.299
0.298
0.298
0.298
0.297
0.298
0.297
0.297
0.297
0.296
0.296
0.296
0.296
0.295
0.295
0.295
0.294
0.294
0.294
0.294
0.294
0.294
0.293
0.293
0.294
0.293
0.293
0.292
0.292
0.292
0.292
0.292
0.292
0.292
0.292
0.292
0.292
0.292
0.291
0.291
0.291
0.291
0.291
0.290
0.291
0.290
0.290
0.290
0.290
0.290
0.290
0.290
0.289
0.289
0.290
0.290
0.289
0.289
0.289
0.289
0.289
0.288
0.288
0.288
0.288
0.288
0.288
0.287
0.287
0.287
0.287
0.287
0.287
0.287
0.287
0.287
0.287
0.287
0.287
0.287
0.288
0.288
0.288
0.288
0.288
0.288
0.288
0.288
0.288
0.288
0.288
0.288
0.288
0.288
0.288
0.288
0.288
0.288
0.288
0.288
0.288
0.288
0.288
0.288
0.288
0.288
0.288
0.288
0.288
0.288
0.288
0.288
0.288
0.288
0.288
0.288
0.288
0.288
0.288
0.288
0.288
0.288
0.288
0.288
0.288
0.288
0.288
0.288
0.288
0.288
0.288
0.288
0.288
0.288
0.288
0.288
0.288
0.287
0.288
0.288
0.287
0.287
0.288
0.288
0.288
0.288
0.288
0.288
0.288
0.288
0.289
0.289
0.289
0.289
0.289
0.289
0.289
0.289
0.289
0.289
0.289
0.289
0.289
0.289
0.289
0.289
0.289
0.289
0.289
0.289
0.289
0.289
0.289
0.289
0.289
0.290
0.289
0.289
0.289
0.290
0.290
0.290
0.290
0.290
0.290
0.290
0.290
0.290
0.290
0.290
0.290
0.290
0.290
0.290
0.290
0.290
0.290
0.290
0.290
0.290
0.290
0.290
0.290
0.290
0.290
0.290
0.290
0.290
0.290
0.290
0.290
0.290
0.290
0.290
0.290
0.290
0.290
0.290
0.290
0.290
0.290
0.290
0.291
0.291
0.291
0.291
0.291
0.291
0.291
0.291
0.291
0.292
0.292
0.292
0.292
0.292
0.292
0.292
0.292
0.292
0.293
0.293
0.293
0.293
0.293
0.293
0.293
0.293
0.293
0.294
0.294
0.294
0.294
0.294
0.294
0.294
0.294
0.294
0.295
0.295
0.295
0.295
0.295
0.295
0.295
0.295
0.295
0.295
0.295
0.296
0.296
0.296
0.296
0.296
0.296
0.296
0.296
0.296
0.296
0.296
0.296
0.296
0.296
0.296
0.296
0.295
0.296
0.296
0.296
0.296
0.296
0.296
0.296
0.296
0.296
0.296
0.296
0.296
0.296
0.295
0.295
0.295
0.295
0.295
0.295
0.295
0.295
0.295
0.295
0.295
0.295
0.295
0.295
0.295
0.295
0.295
0.295
0.295
0.295
0.295
0.295
0.295
0.295
0.295
0.295
0.295
0.295
0.295
0.295
0.295
0.295
0.295
0.295
0.295
0.295
0.295
0.295
0.295
0.295
0.295
0.295
0.295
0.295
0.295
0.295
0.295
0.295
0.295
0.295
0.295
0.295
0.295
0.295
0.295
0.295
0.295
0.295
0.295
0.295
0.295
0.295
0.295
0.295
0.295
0.295
0.295
0.295
0.295
0.295
0.294
0.294
0.294
0.295
0.295
0.295
0.295
0.295
0.295
0.295
0.295
0.295
0.295
0.295
0.295
0.295
0.295
0.295
0.295
0.295
0.295
0.295
0.295
0.295
0.295
0.295
0.295
0.295
0.295
0.295
0.294
0.294
0.294
0.294
0.294
0.294
0.294
0.294
0.295
0.295
0.295
0.295
0.294
0.294
0.295
0.295
0.295
0.295
0.295
0.295
0.295
0.295
0.295
0.295
0.295
0.295
0.295
0.295
0.295
0.295
0.295
0.295
0.295
0.295
0.295
0.295
0.295
0.295
0.295
0.295
0.295
0.295
0.295
0.295
0.295
0.295
0.295
0.295
0.295
0.295
0.295
0.295
0.295
0.295
0.295
0.295
0.295
0.295
0.295
0.295
0.295
0.295
0.295
0.295
0.295
0.295
0.295
0.295
0.295
0.295
0.295
0.295
0.295
0.295
0.296
0.296
0.296
0.295
0.296
0.296
0.295
0.295
0.295
0.295
0.295
0.295
0.296
0.296
0.296
0.296
0.296
0.296
0.296
0.296
0.296
0.296
0.296
0.296
0.296
0.296
0.296
0.296
0.296
0.296
0.296
0.296
0.296
0.295
0.295
0.295
0.295
0.295
0.296
0.295
0.296
0.296
0.296
0.296
0.296
0.296
0.296
0.296
0.296
0.296
0.296
0.296
0.296
0.296
0.296
0.296
0.296
0.296
0.296
0.296
0.295
0.295
0.295
0.295
0.295
0.296
0.296
0.296
0.296
0.296
0.296
0.296
0.296
0.296
0.296
0.296
0.295
0.296
0.296
0.297
0.296
0.297
0.298
0.299
0.299
0.300
0.300
0.300
0.300
0.300
0.300
0.301
0.300
0.300
0.301
0.300
0.300
0.300
0.300
0.300
0.301
0.301
0.302
0.303
0.303
0.304
0.304
0.304
0.304
0.304
0.304
0.304
0.305
0.305
0.306
0.307
0.306
0.306
0.307
0.307
0.308
0.308
0.308
0.308
0.309
0.309
0.310
0.310
0.310
0.311
0.311
0.312
0.312
0.312
0.312
0.312
0.312
0.313
0.313
0.313
0.313
0.313
0.313
0.313
0.313
0.313
0.313
0.313
0.313
0.313
0.313
0.313
0.313
0.314
0.314
0.314
0.314
0.315
0.316
0.316
0.316
0.317
0.318
0.318
0.318
0.318
0.319
0.319
0.319
0.319
0.319
0.319
0.319
0.319
0.319
0.319
0.320
0.319
0.320
0.320
0.320
0.320
0.320
0.320
0.321
0.322
0.322
0.323
0.324
0.323
0.324
0.324
0.324
0.324
0.324
0.324
0.325
0.326
0.326
0.326
0.327
0.327
0.328
0.329
0.329
0.330
0.330
0.331
0.331
0.331
0.331
0.332
0.332
0.332
0.333
0.333
0.333
0.333
0.333
0.333
0.334
0.334
0.334
0.335
0.335
0.335
0.335
0.336
0.335
0.335
0.336
0.336
0.337
0.337
0.338
0.338
0.338
0.338
0.338
0.338
0.338
0.338
0.339
0.339
0.339
0.339
0.340
0.339
0.339
0.339
0.340
0.340
0.341
0.341
0.341
0.341
0.341
0.341
0.341
0.341
0.341
0.341
0.341
0.341
0.341
0.342
0.342
0.342
0.343
0.343
0.343
0.343
0.343
0.342
0.343
0.344
0.344
0.344
0.345
0.345
0.345
0.345
0.344
0.345
0.345
0.346
0.346
0.347
0.347
0.347
0.347
0.348
0.349
0.349
0.348
0.349
0.349
0.349
0.349
0.349
0.350
0.350
0.350
0.351
0.352
0.352
0.352
0.352
0.352
0.352
0.353
0.353
0.353
0.353
0.353
0.353
0.353
0.353
0.353
0.353
0.352
0.352
0.353
0.353
0.353
0.353
0.353
0.353
0.353
0.353
0.353
0.353
0.354
0.354
0.354
0.354
0.354
0.355
0.355
0.355
0.355
0.355
0.355
0.356
0.356
0.356
0.356
0.356
0.356
0.356
0.356
0.356
0.356
0.356
0.357
0.357
0.358
0.357
0.357
0.357
0.357
0.358
0.357
0.358
0.358
0.358
0.358
0.359
0.359
0.359
0.359
0.360
0.360
0.360
0.360
0.359
0.359
0.359
0.359
0.359
0.360
0.360
0.360
0.360
0.360
0.359
0.359
0.359
0.359
0.360
0.360
0.360
0.360
0.360
0.361
0.360
0.360
0.360
0.360
0.360
0.359
0.359
0.359
0.360
0.360
0.360
0.360
0.360
0.360
0.360
0.360
0.360
0.360
0.360
0.360
0.360
0.360
0.361
0.361
0.360
0.360
0.361
0.361
0.361
0.361
0.361
0.361
0.361
0.362
0.363
0.363
0.363
0.364
0.364
0.365
0.365
0.365
0.365
0.365
0.365
0.365
0.365
0.365
0.365
0.365
0.365
0.365
0.365
0.365
0.365
0.365
0.365
0.365
0.365
0.365
0.365
0.365
0.365
0.365
0.365
0.365
0.364
0.364
0.365
0.365
0.365
0.365
0.364
0.364
0.364
0.364
0.365
0.364
0.364
0.364
0.364
0.364
0.364
0.364
0.364
0.364
0.364
0.364
0.364
0.364
0.364
0.364
0.364
0.364
0.364
0.364
0.364
0.364
0.364
0.364
0.364
0.364
0.364
0.364
0.364
0.364
0.364
0.364
0.364
0.364
0.363
0.363
0.363
0.363
0.363
0.363
0.363
0.363
0.363
0.363
0.363
0.363
0.363
0.363
0.363
0.363
0.363
0.363
0.363
0.363
0.363
0.363
0.363
0.363
0.363
0.363
0.363
0.363
0.363
0.363
0.363
0.363
0.363
0.363
0.363
0.363
0.363
0.363
0.363
0.363
0.363
0.363
0.363
0.362
0.363
0.363
0.363
0.363
0.363
0.363
0.363
0.363
0.363
0.363
0.363
0.362
0.362
0.362
0.362
0.362
0.362
0.362
0.363
0.362
0.362
0.362
0.362
0.362
0.362
0.362
0.362
0.362
0.362
0.362
0.362
0.362
0.362
0.362
0.362
0.362
0.362
0.362
0.362
0.362
0.362
0.362
0.362
0.362
0.362
0.362
0.362
0.362
0.363
0.363
0.363
0.363
0.364
0.364
0.364
0.365
0.365
0.366
0.366
0.366
0.366
0.367
0.367
0.367
0.367
0.368
0.368
0.368
0.369
0.369
0.369
0.369
0.369
0.370
0.370
0.371
0.371
0.371
0.371
0.372
0.372
0.372
0.372
0.372
0.372
0.372
0.372
0.372
0.373
0.373
0.373
0.373
0.373
0.373
0.373
0.373
0.373
0.373
0.373
0.373
0.373
0.373
0.374
0.374
0.374
0.374
0.375
0.375
0.376
0.376
0.376
0.376
0.376
0.377
0.377
0.378
0.377
0.378
0.378
0.377
0.377
0.377
0.377
0.377
0.377
0.377
0.377
0.377
0.377
0.376
0.376
0.376
0.376
0.376
0.376
0.376
0.376
0.376
0.377
0.377
0.377
0.377
0.377
0.377
0.377
0.377
0.377
0.377
0.377
0.377
0.377
0.377
0.378
0.377
0.377
0.377
0.377
0.377
0.377
0.377
0.376
0.376
0.376
0.377
0.377
0.377
0.377
0.378
0.378
0.378
0.378
0.378
0.378
0.378
0.378
0.377
0.377
0.377
0.377
0.377
0.377
0.377
0.377
0.376
0.376
0.376
0.376
0.376
0.376
0.376
0.376
0.376
0.376
0.376
0.376
0.375
0.375
0.375
0.375
0.375
0.375
0.375
0.375
0.374
0.374
0.374
0.374
0.374
0.374
0.374
0.374
0.374
0.374
0.374
0.374
0.374
0.374
0.373
0.373
0.373
0.373
0.373
0.373
0.373
0.373
0.373
0.372
0.372
0.372
0.372
0.372
0.372
0.372
0.372
0.372
0.372
0.371
0.371
0.371
0.371
0.371
0.371
0.371
0.371
0.371
0.371
0.371
0.371
0.371
0.370
0.370
0.370
0.370
0.370
0.370
0.370
0.370
0.370
0.370
0.370
0.370
0.370
0.370
0.370
0.370
0.369
0.369
0.369
0.369
0.369
0.369
0.369
0.369
0.369
0.369
0.369
0.369
0.369
0.369
0.369
0.369
0.369
0.369
0.369
0.369
0.369
0.369
0.369
0.369
0.368
0.368
0.368
0.368
0.368
0.368
0.368
0.368
0.368
0.368
0.368
0.368
0.368
0.368
0.368
0.368
0.367
0.367
0.367
0.367
0.367
0.367
0.367
0.367
0.367
0.367
0.367
0.367
0.367
0.367
0.367
0.367
0.367
0.367
0.367
0.367
0.366
0.366
0.366
0.366
0.366
0.366
0.366
0.366
0.366
0.366
0.366
0.366
0.366
0.366
0.366
0.365
0.365
0.365
0.365
0.365
0.365
0.365
0.365
0.365
0.365
0.365
0.365
0.365
0.365
0.365
0.365
0.365
0.365
0.365
0.365
0.365
0.365
0.364
0.364
0.364
0.364
0.364
0.364
0.364
0.364
0.364
0.364
0.364
0.364
0.364
0.364
0.364
0.364
0.364
0.364
0.364
0.364
0.364
0.364
0.363
0.363
0.363
0.363
0.363
0.363
0.363
0.363
0.363
0.363
0.363
0.363
0.363
0.363
0.363
0.363
0.363
0.362
0.362
0.362
0.362
0.362
0.362
0.362
0.362
0.362
0.362
0.362
0.362
0.362
0.362
0.362
0.362
0.362
0.362
0.362
0.362
0.362
0.362
0.361
0.361
0.361
0.361
0.361
0.361
0.361
0.361
0.361
0.361
0.361
0.361
0.361
0.361
0.361
0.361
0.361
0.361
0.361
0.361
0.361
0.361
0.361
0.361
0.361
0.361
0.361
0.360
0.360
0.360
0.360
0.360
0.360
0.360
0.360
0.360
0.360
0.360
0.360
0.360
0.360
0.360
0.360
0.360
0.360
0.360
0.360
0.360
0.360
0.360
0.360
0.360
0.360
0.360
0.360
0.359
0.360
0.359
0.359
0.359
0.359
0.359
0.359
0.359
0.359
0.359
0.359
0.359
0.359
0.359
0.359
0.359
0.359
0.359
0.359
0.359
0.359
0.359
0.359
0.359
0.359
0.359
0.359
0.359
0.359
0.359
0.359
0.359
0.358
0.358
0.358
0.358
0.358
0.358
0.358
0.358
0.358
0.358
0.358
0.358
0.358
0.358
0.358
0.358
0.358
0.358
0.358
0.358
0.358
0.358
0.358
0.358
0.358
0.358
0.358
0.358
0.358
0.358
0.358
0.358
0.358
0.358
0.358
0.358
0.358
0.357
0.357
0.357
0.357
0.357
0.357
0.357
0.357
0.357
0.357
0.357
0.357
0.357
0.357
0.357
0.357
0.357
0.357
0.357
0.357
0.357
0.357
0.357
0.357
0.357
0.357
0.357
0.357
0.357
0.357
0.357
0.357
0.357
0.357
0.357
0.357
0.356
0.356
0.356
0.356
0.356
0.356
0.356
0.356
0.356
0.356
0.356
0.356
0.356
0.356
0.356
0.356
0.356
0.356
0.356
0.356
0.356
0.356
0.356
0.356
0.356
0.356
0.356
0.356
0.356
0.356
0.356
0.356
0.356
0.356
0.356
0.356
0.356
0.356
0.356
0.356
0.356
0.356
0.356
0.356
0.356
0.356
0.356
0.356
0.356
0.356
0.355
0.355
0.355
0.355
0.355
0.355
0.355
0.355
0.355
0.355
0.355
0.355
0.355
0.355
0.355
0.355
0.355
0.355
0.355
0.355
0.355
0.355
0.355
0.355
0.355
0.355
0.355
0.355
0.355
0.355
0.355
0.355
0.355
0.355
0.355
0.355
0.355
0.355
0.355
0.355
0.355
0.355
0.355
0.355
0.355
0.355
0.355
0.355
0.355
0.355
0.355
0.354
0.354
0.354
0.354
0.354
0.354
0.354
0.354
0.354
0.354
0.354
0.354
0.354
0.354
0.354
0.354
0.354
0.354
0.354
0.354
0.354
0.354
0.354
0.354
0.354
0.354
0.354
0.354
0.354
0.354
0.354
0.354
0.354
0.354
0.354
0.354
0.354
0.354
0.354
0.354
0.354
0.354
0.354
0.354
0.353
0.354
0.354
0.354
0.353
0.353
0.353
0.353
0.354
0.353
0.353
0.353
0.353
0.353
0.353
0.354
0.353
0.353
0.353
0.353
0.353
0.353
0.353
0.353
0.353
0.353
0.353
0.353
0.353
0.353
0.353
0.353
0.353
0.353
0.353
0.353
0.353
0.353
0.353
0.353
0.353
0.353
0.353
0.353
0.353
0.353
0.353
0.353
0.353
0.353
0.353
0.353
0.353
0.353
0.353
0.353
0.353
0.353
0.353
0.353
0.353
0.353
0.353
0.353
0.353
0.353