Precisão média por imagem
0.361
0.378
0.395
0.399
0.383
0.406
0.427
0.447
0.459
0.479
0.468
0.474
0.478
0.484
0.500
0.512
0.520
0.505
0.506
0.509
0.517
0.512
0.507
0.505
0.498
0.495
0.491
0.489
0.486
0.489
0.490
0.488
0.487
0.487
0.484
0.482
0.481
0.481
0.480
0.477
0.473
0.472
0.479
0.473
0.479
0.471
0.476
0.472
0.473
0.474
0.475
0.472
0.471
0.468
0.465
0.460
0.459
0.457
0.461
0.466
0.471
0.474
0.475
0.474
0.474
0.474
0.472
0.470
0.472
0.473
0.471
0.471
0.469
0.467
0.466
0.465
0.463
0.465
0.466
0.465
0.464
0.462
0.461
0.460
0.458
0.458
0.458
0.462
0.462
0.462
0.462
0.462
0.460
0.463
0.460
0.460
0.463
0.465
0.466
0.468
0.466
0.465
0.467
0.469
0.471
0.468
0.471
0.474
0.477
0.479
0.481
0.482
0.484
0.482
0.481
0.479
0.480
0.480
0.479
0.478
0.478
0.478
0.476
0.475
0.475
0.474
0.473
0.473
0.474
0.473
0.472
0.473
0.473
0.473
0.472
0.471
0.469
0.467
0.467
0.466
0.465
0.465
0.465
0.464
0.464
0.463
0.463
0.461
0.462
0.462
0.461
0.461
0.460
0.459
0.458
0.458
0.457
0.457
0.457
0.456
0.456
0.455
0.454
0.452
0.453
0.454
0.455
0.455
0.453
0.453
0.452
0.451
0.451
0.450
0.449
0.448
0.447
0.445
0.446
0.446
0.446
0.445
0.445
0.445
0.445
0.445
0.445
0.444
0.444
0.444
0.443
0.443
0.443
0.443
0.442
0.442
0.442
0.441
0.441
0.441
0.440
0.440
0.440
0.440
0.439
0.439
0.439
0.439
0.439
0.439
0.438
0.437
0.437
0.436
0.435
0.434
0.434
0.433
0.432
0.432
0.431
0.430
0.431
0.430
0.430
0.430
0.431
0.430
0.430
0.429
0.429
0.429
0.429
0.429
0.429
0.428
0.428
0.428
0.428
0.428
0.428
0.428
0.428
0.427
0.427
0.427
0.426
0.426
0.426
0.426
0.426
0.426
0.426
0.426
0.426
0.426
0.426
0.426
0.425
0.425
0.427
0.428
0.427
0.427
0.427
0.428
0.428
0.428
0.428
0.429
0.428
0.428
0.428
0.427
0.427
0.427
0.428
0.427
0.427
0.426
0.426
0.425
0.425
0.425
0.425
0.425
0.425
0.424
0.424
0.424
0.424
0.424
0.423
0.423
0.423
0.424
0.423
0.422
0.423
0.423
0.424
0.425
0.425
0.426
0.426
0.425
0.425
0.425
0.425
0.425
0.424
0.424
0.423
0.423
0.422
0.421
0.421
0.421
0.421
0.422
0.423
0.424
0.424
0.425
0.426
0.427
0.427
0.426
0.426
0.427
0.428
0.428
0.427
0.427
0.428
0.427
0.427
0.426
0.426
0.426
0.425
0.425
0.425
0.425
0.425
0.425
0.424
0.425
0.425
0.425
0.424
0.424
0.425
0.424
0.424
0.424
0.423
0.424
0.424
0.424
0.423
0.423
0.424
0.424
0.424
0.424
0.424
0.424
0.424
0.424
0.425
0.425
0.426
0.427
0.426
0.427
0.428
0.429
0.429
0.429
0.429
0.429
0.429
0.429
0.429
0.428
0.428
0.428
0.428
0.428
0.428
0.428
0.428
0.429
0.429
0.429
0.429
0.429
0.429
0.429
0.429
0.428
0.429
0.429
0.429
0.429
0.428
0.428
0.427
0.427
0.427
0.427
0.427
0.427
0.427
0.426
0.426
0.426
0.426
0.426
0.426
0.426
0.426
0.426
0.426
0.426
0.426
0.426
0.426
0.426
0.426
0.425
0.426
0.426
0.427
0.428
0.429
0.429
0.429
0.428
0.428
0.428
0.429
0.429
0.429
0.429
0.429
0.429
0.429
0.429
0.428
0.428
0.427
0.427
0.426
0.426
0.426
0.426
0.426
0.426
0.426
0.425
0.425
0.425
0.425
0.425
0.425
0.425
0.425
0.425
0.425
0.425
0.425
0.425
0.425
0.425
0.425
0.424
0.424
0.424
0.424
0.424
0.424
0.424
0.424
0.424
0.425
0.425
0.425
0.425
0.425
0.425
0.426
0.425
0.425
0.425
0.425
0.425
0.425
0.425
0.425
0.425
0.425
0.425
0.425
0.424
0.424
0.423
0.424
0.424
0.424
0.424
0.424
0.423
0.423
0.423
0.423
0.422
0.422
0.422
0.422
0.422
0.422
0.422
0.422
0.422
0.422
0.422
0.422
0.422
0.422
0.422
0.422
0.421
0.421
0.421
0.421
0.421
0.421
0.421
0.421
0.421
0.420
0.421
0.421
0.422
0.422
0.422
0.422
0.422
0.422
0.422
0.422
0.422
0.422
0.422
0.422
0.422
0.422
0.422
0.422
0.422
0.422
0.421
0.421
0.420
0.420
0.420
0.420
0.420
0.420
0.420
0.420
0.420
0.419
0.419
0.419
0.419
0.419
0.419
0.419
0.419
0.419
0.419
0.419
0.419
0.419
0.419
0.419
0.419
0.418
0.419
0.419
0.420
0.420
0.420
0.420
0.420
0.419
0.419
0.419
0.419
0.419
0.419
0.419
0.419
0.419
0.419
0.419
0.419
0.419
0.419
0.419
0.419
0.419
0.419
0.419
0.418
0.419
0.418
0.419
0.419
0.418
0.418
0.418
0.418
0.419
0.419
0.418
0.419
0.419
0.419
0.419
0.419
0.419
0.419
0.419
0.419
0.419
0.419
0.419
0.419
0.419
0.419
0.419
0.419
0.419
0.419
0.419
0.419
0.419
0.419
0.419
0.419
0.419
0.419
0.419
0.419
0.419
0.419
0.419
0.419
0.419
0.419
0.419
0.419
0.419
0.418
0.418
0.418
0.418
0.418
0.418
0.418
0.418
0.418
0.418
0.418
0.418
0.418
0.417
0.417
0.418
0.417
0.417
0.417
0.417
0.417
0.417
0.417
0.417
0.417
0.417
0.417
0.417
0.417
0.417
0.417
0.417
0.416
0.416
0.416
0.416
0.416
0.416
0.416
0.416
0.416
0.416
0.416
0.416
0.416
0.416
0.416
0.416
0.416
0.416
0.416
0.416
0.416
0.416
0.416
0.416
0.416
0.416
0.416
0.416
0.416
0.416
0.416
0.416
0.416
0.416
0.416
0.416
0.416
0.416
0.416
0.416
0.416
0.416
0.416
0.416
0.416
0.416
0.416
0.416
0.416
0.416
0.416
0.416
0.416
0.416
0.416
0.416
0.415
0.415
0.415
0.415
0.415
0.415
0.415
0.415
0.415
0.415
0.415
0.415
0.416
0.416
0.416
0.416
0.416
0.416
0.416
0.416
0.417
0.416
0.416
0.416
0.416
0.416
0.416
0.416
0.416
0.416
0.417
0.417
0.417
0.417
0.416
0.416
0.416
0.416
0.417
0.417
0.417
0.416
0.417
0.416
0.416
0.416
0.416
0.416
0.416
0.416
0.416
0.415
0.415
0.415
0.415
0.415
0.415
0.415
0.415
0.415
0.415
0.414
0.415
0.415
0.415
0.415
0.415
0.415
0.415
0.415
0.415
0.415
0.415
0.415
0.415
0.415
0.415
0.415
0.415
0.415
0.415
0.416
0.416
0.416
0.416
0.416
0.416
0.416
0.416
0.416
0.416
0.416
0.416
0.416
0.416
0.416
0.416
0.416
0.416
0.416
0.416
0.415
0.416
0.416
0.416
0.416
0.416
0.416
0.416
0.416
0.416
0.416
0.416
0.416
0.416
0.416
0.416
0.416
0.416
0.416
0.416
0.416
0.416
0.416
0.416
0.416
0.416
0.416
0.416
0.416
0.415
0.415
0.415
0.415
0.415
0.415
0.415
0.415
0.415
0.415
0.415
0.415
0.415
0.415
0.415
0.416
0.415
0.415
0.415
0.415
0.415
0.415
0.415
0.416
0.416
0.416
0.416
0.415
0.415
0.415
0.416
0.416
0.416
0.416
0.417
0.417
0.417
0.417
0.417
0.417
0.417
0.417
0.417
0.417
0.417
0.417
0.417
0.417
0.417
0.417
0.417
0.417
0.417
0.418
0.417
0.417
0.417
0.417
0.417
0.417
0.417
0.417
0.417
0.417
0.417
0.417
0.417
0.417
0.417
0.417
0.417
0.417
0.417
0.417
0.417
0.417
0.417
0.417
0.417
0.417
0.417
0.417
0.417
0.417
0.417
0.417
0.417
0.417
0.416
0.416
0.416
0.416
0.416
0.416
0.416
0.416
0.416
0.416
0.416
0.416
0.416
0.416
0.416
0.416
0.416
0.416
0.416
0.416
0.416
0.416
0.416
0.416
0.415
0.415
0.415
0.415
0.415
0.415
0.415
0.415
0.415
0.415
0.415
0.415
0.415
0.415
0.415
0.416
0.415
0.415
0.415
0.415
0.415
0.415
0.415
0.415
0.415
0.415
0.415
0.415
0.415
0.415
0.415
0.415
0.415
0.415
0.415
0.415
0.415
0.415
0.415
0.415
0.415
0.415
0.416
0.416
0.416
0.417
0.417
0.417
0.417
0.418
0.418
0.418
0.418
0.418
0.418
0.418
0.418
0.418
0.418
0.418
0.418
0.418
0.418
0.418
0.418
0.418
0.418
0.418
0.418
0.418
0.418
0.418
0.418
0.418
0.418
0.418
0.418
0.418
0.418
0.418
0.418
0.418
0.418
0.418
0.417
0.418
0.418
0.418
0.417
0.417
0.418
0.418
0.418
0.417
0.417
0.417
0.417
0.417
0.417
0.417
0.417
0.417
0.417
0.416
0.416
0.416
0.416
0.416
0.416
0.416
0.416
0.416
0.416
0.416
0.416
0.416
0.416
0.416
0.416
0.416
0.416
0.415
0.415
0.415
0.415
0.415
0.416
0.416
0.416
0.417
0.417
0.417
0.417
0.418
0.418
0.418
0.418
0.419
0.419
0.419
0.419
0.419
0.420
0.420
0.420
0.420
0.420
0.421
0.421
0.420
0.420
0.421
0.420
0.421
0.421
0.421
0.421
0.421
0.421
0.421
0.421
0.421
0.420
0.420
0.420
0.420
0.420
0.420
0.420
0.420
0.420
0.421
0.421
0.421
0.420
0.421
0.421
0.421
0.421
0.421
0.421
0.421
0.421
0.421
0.421
0.421
0.421
0.421
0.421
0.421
0.421
0.421
0.421
0.421
0.421
0.421
0.421
0.421
0.421
0.421
0.421
0.421
0.421
0.421
0.421
0.421
0.421
0.421
0.421
0.421
0.421
0.421
0.421
0.420
0.420
0.420
0.420
0.420
0.420
0.420
0.419
0.419
0.419
0.419
0.419
0.419
0.419
0.419
0.419
0.419
0.419
0.419
0.419
0.419
0.419
0.419
0.419
0.419
0.419
0.419
0.419
0.419
0.419
0.419
0.419
0.419
0.419
0.419
0.419
0.419
0.419
0.419
0.419
0.419
0.419
0.419
0.419
0.419
0.419
0.419
0.419
0.419
0.419
0.419
0.419
0.419
0.420
0.419
0.419
0.420
0.419
0.420
0.420
0.419
0.419
0.419
0.419
0.419
0.419
0.419
0.419
0.419
0.419
0.420
0.420
0.420
0.419
0.419
0.419
0.419
0.419
0.418
0.418
0.418
0.418
0.418
0.418
0.418
0.418
0.418
0.418
0.418
0.419
0.419
0.419
0.419
0.419
0.420
0.420
0.420
0.420
0.420
0.420
0.420
0.420
0.420
0.420
0.420
0.420
0.420
0.420
0.420
0.420
0.420
0.420
0.420
0.420
0.420
0.420
0.420
0.420
0.420
0.420
0.420
0.420
0.420
0.420
0.421
0.420
0.420
0.420
0.420
0.420
0.420
0.420
0.420
0.420
0.420
0.420
0.420
0.420
0.420
0.420
0.420
0.420
0.420
0.420
0.420
0.420
0.421
0.421
0.421
0.421
0.421
0.421
0.421
0.421
0.421
0.421
0.421
0.421
0.421
0.421
0.421
0.421
0.421
0.421
0.421
0.421
0.421
0.421
0.421
0.421
0.421
0.421
0.421
0.421
0.421
0.421
0.421
0.421
0.421
0.421
0.421
0.421
0.421
0.420
0.420
0.420
0.420
0.420
0.420
0.420
0.420
0.420
0.420
0.419
0.419
0.419
0.420
0.420
0.420
0.420
0.420
0.421
0.421
0.421
0.421
0.421
0.421
0.421
0.422
0.422
0.422
0.422
0.422
0.422
0.422
0.422
0.422
0.422
0.422
0.422
0.422
0.422
0.422
0.422
0.422
0.422
0.422
0.422
0.422
0.422
0.422
0.422
0.422
0.422
0.422
0.422
0.422
0.422
0.421
0.421
0.421
0.421
0.421
0.421
0.421
0.422
0.422
0.422
0.422
0.422
0.422
0.422
0.422
0.421
0.421
0.421
0.421
0.421
0.421
0.421
0.421
0.421
0.421
0.421
0.421
0.421
0.421
0.421
0.421
0.421
0.421
0.421
0.421
0.421
0.421
0.421
0.421
0.421
0.421
0.421
0.421
0.420
0.421
0.420
0.420
0.420
0.420
0.420
0.420
0.420
0.420
0.420
0.420
0.420
0.420
0.420
0.420
0.420
0.420
0.421
0.421
0.421
0.420
0.420
0.420
0.420
0.421
0.421
0.421
0.421
0.420
0.420
0.420
0.420
0.420
0.420
0.421
0.420
0.420
0.420
0.421
0.421
0.421
0.421
0.421
0.421
0.421
0.421
0.421
0.421
0.421
0.421
0.421
0.421
0.421
0.421