Precisão média por imagem
0.331
0.346
0.507
0.566
0.588
0.602
0.615
0.621
0.628
0.631
0.641
0.645
0.647
0.650
0.653
0.653
0.654
0.656
0.653
0.654
0.654
0.655
0.655
0.656
0.649
0.641
0.641
0.636
0.630
0.625
0.620
0.622
0.622
0.617
0.614
0.615
0.616
0.619
0.620
0.621
0.617
0.614
0.614
0.616
0.617
0.618
0.619
0.621
0.617
0.614
0.612
0.609
0.607
0.603
0.601
0.598
0.596
0.594
0.595
0.597
0.598
0.601
0.599
0.596
0.598
0.599
0.600
0.601
0.598
0.597
0.598
0.600
0.598
0.596
0.597
0.595
0.594
0.591
0.589
0.588
0.586
0.587
0.588
0.589
0.589
0.589
0.591
0.591
0.592
0.590
0.589
0.589
0.590
0.590
0.591
0.592
0.593
0.593
0.594
0.595
0.596
0.597
0.597
0.597
0.598
0.598
0.599
0.599
0.600
0.601
0.602
0.603
0.603
0.604
0.605
0.606
0.607
0.606
0.605
0.604
0.605
0.606
0.606
0.606
0.605
0.604
0.603
0.604
0.603
0.602
0.601
0.600
0.599
0.599
0.599
0.601
0.599
0.598
0.599
0.600
0.600
0.601
0.601
0.602
0.602
0.602
0.603
0.602
0.601
0.600
0.600
0.601
0.601
0.602
0.601
0.601
0.601
0.601
0.602
0.602
0.602
0.603
0.603
0.602
0.601
0.601
0.599
0.600
0.600
0.600
0.599
0.599
0.600
0.601
0.601
0.601
0.602
0.601
0.600
0.600
0.599
0.598
0.599
0.599
0.600
0.601
0.600
0.599
0.599
0.599
0.598
0.598
0.599
0.598
0.597
0.598
0.598
0.599
0.599
0.599
0.600
0.599
0.598
0.599
0.599
0.600
0.600
0.600
0.600
0.601
0.600
0.599
0.600
0.600
0.600
0.600
0.600
0.600
0.601
0.601
0.600
0.599
0.600
0.600
0.600
0.600
0.600
0.599
0.599
0.599
0.598
0.598
0.599
0.599
0.599
0.600
0.600
0.601
0.600
0.599
0.600
0.600
0.600
0.601
0.601
0.601
0.601
0.601
0.602
0.602
0.602
0.602
0.603
0.603
0.603
0.603
0.604
0.604
0.604
0.604
0.604
0.605
0.605
0.605
0.605
0.605
0.606
0.606
0.606
0.607
0.607
0.607
0.606
0.606
0.606
0.606
0.606
0.607
0.607
0.607
0.607
0.608
0.608
0.608
0.608
0.608
0.608
0.608
0.607
0.607
0.606
0.605
0.606
0.606
0.605
0.605
0.605
0.605
0.605
0.606
0.606
0.606
0.606
0.605
0.605
0.604
0.604
0.604
0.604
0.605
0.605
0.605
0.605
0.605
0.605
0.605
0.606
0.606
0.606
0.606
0.606
0.607
0.607
0.607
0.607
0.607
0.608
0.608
0.608
0.608
0.609
0.608
0.608
0.608
0.608
0.608
0.608
0.608
0.609
0.609
0.609
0.609
0.608
0.608
0.607
0.608
0.608
0.608
0.608
0.608
0.608
0.608
0.608
0.608
0.608
0.608
0.608
0.608
0.608
0.609
0.609
0.608
0.608
0.608
0.608
0.609
0.608
0.608
0.608
0.608
0.608
0.608
0.608
0.608
0.609
0.609
0.609
0.609
0.609
0.609
0.610
0.610
0.610
0.610
0.610
0.610
0.611
0.611
0.611
0.611
0.611
0.612
0.612
0.612
0.612
0.612
0.612
0.612
0.613
0.612
0.612
0.611
0.612
0.612
0.612
0.612
0.612
0.612
0.612
0.612
0.612
0.612
0.611
0.611
0.612
0.612
0.612
0.612
0.611
0.611
0.610
0.610
0.610
0.609
0.609
0.610
0.610
0.610
0.610
0.610
0.610
0.609
0.609
0.609
0.610
0.610
0.610
0.610
0.610
0.610
0.610
0.610
0.610
0.610
0.610
0.611
0.611
0.611
0.611
0.611
0.611
0.611
0.611
0.610
0.610
0.610
0.610
0.610
0.610
0.609
0.609
0.609
0.609
0.609
0.608
0.609
0.609
0.609
0.609
0.609
0.609
0.608
0.608
0.608
0.608
0.608
0.608
0.607
0.607
0.607
0.607
0.607
0.608
0.607
0.607
0.607
0.607
0.606
0.606
0.606
0.606
0.605
0.605
0.605
0.605
0.606
0.606
0.606
0.606
0.606
0.606
0.606
0.606
0.606
0.606
0.606
0.606
0.606
0.606
0.607
0.606
0.606
0.606
0.606
0.605
0.605
0.605
0.605
0.606
0.606
0.606
0.606
0.606
0.605
0.605
0.605
0.605
0.605
0.605
0.604
0.604
0.604
0.604
0.604
0.604
0.604
0.604
0.605
0.604
0.604
0.604
0.604
0.604
0.604
0.605
0.605
0.605
0.605
0.605
0.605
0.605
0.605
0.605
0.605
0.605
0.604
0.604
0.604
0.603
0.603
0.603
0.603
0.603
0.604
0.604
0.604
0.604
0.604
0.604
0.604
0.604
0.604
0.604
0.604
0.604
0.604
0.604
0.604
0.604
0.603
0.603
0.603
0.603
0.602
0.602
0.602
0.602
0.602
0.603
0.603
0.603
0.603
0.603
0.603
0.603
0.603
0.603
0.603
0.603
0.603
0.602
0.603
0.603
0.603
0.603
0.603
0.603
0.603
0.603
0.603
0.604
0.603
0.603
0.603
0.602
0.603
0.603
0.603
0.603
0.603
0.603
0.603
0.603
0.603
0.604
0.604
0.604
0.604
0.604
0.604
0.604
0.603
0.603
0.603
0.603
0.603
0.603
0.604
0.604
0.604
0.604
0.604
0.604
0.604
0.604
0.604
0.604
0.604
0.604
0.604
0.604
0.604
0.605
0.605
0.605
0.605
0.605
0.605
0.605
0.605
0.605
0.605
0.605
0.605
0.605
0.605
0.605
0.605
0.605
0.605
0.605
0.605
0.605
0.605
0.604
0.604
0.605
0.604
0.604
0.604
0.604
0.604
0.604
0.605
0.605
0.605
0.604
0.604
0.604
0.604
0.604
0.604
0.604
0.604
0.604
0.604
0.604
0.604
0.604
0.604
0.604
0.604
0.604
0.604
0.604
0.604
0.604
0.604
0.604
0.604
0.604
0.604
0.604
0.604
0.604
0.604
0.604
0.604
0.604
0.604
0.604
0.604
0.604
0.604
0.605
0.605
0.605
0.605
0.604
0.605
0.605
0.604
0.604
0.604
0.604
0.604
0.603
0.603
0.603
0.603
0.603
0.603
0.603
0.603
0.603
0.603
0.603
0.603
0.602
0.603
0.603
0.603
0.603
0.603
0.603
0.603
0.603
0.603
0.602
0.602
0.602
0.602
0.602
0.602
0.602
0.602
0.602
0.602
0.601
0.601
0.601
0.601
0.601
0.600
0.601
0.601
0.601
0.601
0.601
0.600
0.600
0.600
0.600
0.600
0.600
0.600
0.600
0.600
0.600
0.599
0.600
0.600
0.600
0.600
0.600
0.600
0.600
0.600
0.600
0.600
0.601
0.601
0.601
0.601
0.601
0.601
0.601
0.601
0.601
0.602
0.602
0.602
0.602
0.601
0.601
0.601
0.601
0.601
0.601
0.601
0.601
0.601
0.601
0.601
0.601
0.602
0.601
0.601
0.601
0.601
0.601
0.601
0.601
0.600
0.600
0.600
0.601
0.601
0.601
0.601
0.601
0.600
0.600
0.600
0.600
0.600
0.600
0.600
0.600
0.600
0.600
0.600
0.600
0.600
0.600
0.600
0.600
0.601
0.601
0.601
0.601
0.601
0.601
0.601
0.601
0.601
0.601
0.601
0.602
0.601
0.601
0.601
0.601
0.601
0.601
0.601
0.601
0.601
0.601
0.601
0.601
0.601
0.601
0.601
0.600
0.600
0.600
0.600
0.600
0.599
0.599
0.599
0.599
0.599
0.599
0.599
0.599
0.599
0.599
0.599
0.599
0.599
0.599
0.599
0.599
0.599
0.599
0.599
0.599
0.599
0.599
0.599
0.599
0.599
0.599
0.599
0.599
0.599
0.599
0.599
0.599
0.599
0.599
0.599
0.599
0.599
0.599
0.599
0.599
0.599
0.599
0.599
0.599
0.599
0.599
0.598
0.598
0.598
0.598
0.598
0.598
0.598
0.599
0.599
0.599
0.599
0.598
0.598
0.598
0.598
0.598
0.598
0.598
0.598
0.598
0.598
0.598
0.598
0.598
0.598
0.597
0.598
0.598
0.598
0.598
0.598
0.597
0.597
0.597
0.597
0.597
0.597
0.596
0.597
0.597
0.597
0.597
0.597
0.597
0.597
0.597
0.597
0.597
0.597
0.597
0.597
0.597
0.597
0.597
0.597
0.597
0.597
0.597
0.597
0.597
0.597
0.597
0.597
0.597
0.597
0.598
0.598
0.598
0.597
0.597
0.597
0.597
0.597
0.597
0.596
0.596
0.596
0.597
0.597
0.597
0.597
0.597
0.597
0.597
0.596
0.596
0.596
0.596
0.596
0.596
0.596
0.596
0.596
0.596
0.596
0.596
0.596
0.595
0.595
0.595
0.596
0.596
0.596
0.596
0.596
0.596
0.596
0.596
0.596
0.596
0.596
0.596
0.596
0.596
0.597
0.597
0.597
0.597
0.596
0.596
0.596
0.596
0.596
0.596
0.596
0.595
0.595
0.595
0.595
0.595
0.595
0.595
0.595
0.595
0.595
0.595
0.595
0.595
0.595
0.595
0.595
0.595
0.595
0.595
0.595
0.595
0.595
0.595
0.595
0.595
0.595
0.595
0.595
0.595
0.595
0.595
0.595
0.595
0.595
0.595
0.595
0.596
0.596
0.596
0.596
0.596
0.596
0.596
0.596
0.596
0.596
0.596
0.596
0.596
0.596
0.596
0.596
0.596
0.596
0.596
0.596
0.596
0.596
0.596
0.596
0.596
0.596
0.596
0.597
0.597
0.597
0.597
0.597
0.597
0.597
0.597
0.597
0.597
0.597
0.597
0.597
0.597
0.597
0.597
0.597
0.597
0.598
0.598
0.598
0.598
0.598
0.598
0.598
0.598
0.598
0.598
0.598
0.598
0.598
0.598
0.598
0.598
0.598
0.598
0.598
0.597
0.597
0.597
0.597
0.597
0.597
0.597
0.597
0.597
0.597
0.597
0.597
0.597
0.597
0.597
0.597
0.597
0.597
0.597
0.597
0.597
0.597
0.597
0.597
0.597
0.597
0.598
0.597
0.597
0.597
0.597
0.597
0.597
0.597
0.597
0.597
0.597
0.597
0.597
0.597
0.596
0.596
0.596
0.596
0.596
0.596
0.596
0.596
0.596
0.596
0.596
0.596
0.596
0.596
0.596
0.596
0.596
0.596
0.596
0.597
0.597
0.597
0.597
0.597
0.597
0.597
0.597
0.597
0.597
0.597
0.597
0.597
0.597
0.597
0.597
0.597
0.596
0.596
0.596
0.596
0.597
0.597
0.597
0.596
0.596
0.597
0.596
0.596
0.596
0.596
0.596
0.596
0.596
0.596
0.596
0.596
0.596
0.596
0.596
0.596
0.595
0.595
0.596
0.596
0.596
0.596
0.596
0.596
0.596
0.596
0.596
0.596
0.596
0.596
0.596
0.596
0.596
0.596
0.596
0.596
0.596
0.596
0.596
0.596
0.596
0.596
0.596
0.596
0.596
0.597
0.597
0.597
0.597
0.597
0.596
0.596
0.596
0.597
0.597
0.597
0.597
0.597
0.597
0.597
0.597
0.597
0.597
0.597
0.597
0.597
0.597
0.597
0.597
0.597
0.597
0.597
0.597
0.597
0.597
0.597
0.596
0.596
0.596
0.596
0.596
0.596
0.597
0.597
0.597
0.597
0.597
0.597
0.597
0.597
0.597
0.597
0.597
0.597
0.597
0.597
0.597
0.597
0.597
0.597
0.597
0.597
0.597
0.597
0.597
0.597
0.597
0.597
0.597
0.597
0.597
0.597
0.597
0.597
0.597
0.597
0.597
0.597
0.597
0.597
0.598
0.598
0.598
0.598
0.598
0.598
0.598
0.598
0.598
0.598
0.598
0.598
0.598
0.597
0.597
0.597
0.597
0.597
0.597
0.597
0.597
0.597
0.597
0.597
0.597
0.597
0.597
0.597
0.597
0.597
0.597
0.598
0.598
0.598
0.598
0.598
0.598
0.598
0.598
0.598
0.598
0.598
0.598
0.598
0.598
0.598
0.598
0.598
0.598
0.598
0.598
0.599
0.599
0.599
0.599
0.599
0.599
0.599
0.599
0.599
0.598
0.598
0.598
0.598
0.598
0.598
0.598
0.598
0.598
0.598
0.598
0.598
0.598
0.598
0.598
0.598
0.599
0.599
0.599
0.599
0.599
0.599
0.599
0.599
0.599
0.599
0.599
0.599
0.599
0.599
0.599
0.599
0.599
0.599
0.599
0.599
0.599
0.599
0.599
0.599
0.599
0.599
0.599
0.599
0.598
0.598
0.598
0.598
0.598
0.598
0.598
0.598
0.598
0.598
0.598
0.598
0.598
0.597
0.597
0.597
0.597
0.597
0.597
0.597
0.597
0.597
0.598
0.597
0.597
0.597
0.597
0.597
0.597
0.597
0.597
0.597
0.597
0.596
0.596
0.596
0.596
0.596
0.596
0.596
0.596
0.596
0.596
0.596
0.596
0.596
0.596
0.596
0.596
0.595
0.595
0.595
0.595
0.595
0.595
0.595
0.595
0.595
0.595
0.595
0.595
0.595
0.595
0.594
0.594
0.594
0.594
0.594
0.594
0.594
0.594
0.594
0.594
0.594
0.594
0.593
0.594
0.594