Precisão média por imagem
0.587
0.612
0.605
0.594
0.588
0.612
0.628
0.614
0.614
0.602
0.586
0.572
0.563
0.570
0.584
0.580
0.581
0.582
0.584
0.587
0.581
0.577
0.577
0.573
0.573
0.575
0.579
0.572
0.565
0.563
0.560
0.556
0.554
0.550
0.553
0.551
0.549
0.552
0.555
0.557
0.557
0.553
0.549
0.547
0.549
0.550
0.550
0.553
0.554
0.555
0.555
0.553
0.550
0.548
0.550
0.552
0.549
0.548
0.547
0.548
0.548
0.547
0.548
0.549
0.547
0.548
0.549
0.551
0.552
0.552
0.550
0.549
0.550
0.550
0.551
0.551
0.551
0.551
0.552
0.550
0.548
0.548
0.548
0.547
0.548
0.549
0.548
0.548
0.548
0.548
0.548
0.549
0.550
0.551
0.552
0.552
0.551
0.550
0.548
0.549
0.549
0.549
0.548
0.548
0.548
0.547
0.547
0.546
0.545
0.544
0.544
0.543
0.541
0.540
0.541
0.541
0.541
0.541
0.541
0.541
0.541
0.540
0.540
0.541
0.540
0.542
0.544
0.544
0.544
0.545
0.546
0.545
0.545
0.544
0.544
0.544
0.544
0.544
0.543
0.543
0.543
0.543
0.543
0.543
0.542
0.543
0.542
0.542
0.541
0.540
0.539
0.540
0.540
0.541
0.541
0.541
0.541
0.541
0.541
0.541
0.540
0.540
0.539
0.539
0.539
0.541
0.542
0.542
0.542
0.542
0.542
0.542
0.541
0.540
0.540
0.539
0.539
0.539
0.541
0.541
0.540
0.540
0.539
0.539
0.539
0.540
0.540
0.540
0.541
0.541
0.541
0.540
0.541
0.540
0.540
0.541
0.541
0.541
0.540
0.540
0.540
0.539
0.538
0.538
0.538
0.538
0.537
0.536
0.536
0.537
0.538
0.539
0.539
0.538
0.538
0.538
0.537
0.537
0.536
0.536
0.536
0.535
0.535
0.535
0.535
0.535
0.535
0.536
0.536
0.536
0.537
0.537
0.537
0.537
0.537
0.538
0.538
0.539
0.539
0.540
0.540
0.539
0.539
0.538
0.538
0.538
0.538
0.538
0.538
0.538
0.538
0.538
0.537
0.537
0.537
0.537
0.536
0.536
0.537
0.536
0.536
0.536
0.535
0.535
0.535
0.534
0.534
0.534
0.534
0.534
0.534
0.534
0.534
0.534
0.534
0.534
0.534
0.534
0.535
0.535
0.535
0.534
0.534
0.534
0.533
0.533
0.533
0.533
0.533
0.533
0.533
0.533
0.533
0.533
0.533
0.532
0.533
0.533
0.532
0.532
0.532
0.532
0.532
0.532
0.533
0.533
0.533
0.533
0.532
0.532
0.532
0.532
0.532
0.532
0.532
0.533
0.533
0.533
0.532
0.533
0.533
0.533
0.533
0.533
0.533
0.533
0.533
0.533
0.533
0.533
0.534
0.534
0.534
0.533
0.533
0.533
0.534
0.534
0.535
0.535
0.535
0.534
0.534
0.534
0.534
0.535
0.535
0.535
0.534
0.534
0.534
0.534
0.534
0.534
0.535
0.535
0.535
0.535
0.535
0.535
0.535
0.535
0.535
0.534
0.534
0.534
0.534
0.534
0.535
0.535
0.536
0.536
0.536
0.536
0.536
0.536
0.536
0.537
0.537
0.537
0.538
0.538
0.538
0.538
0.538
0.537
0.538
0.538
0.539
0.539
0.539
0.538
0.538
0.538
0.538
0.538
0.538
0.538
0.538
0.538
0.538
0.538
0.538
0.538
0.538
0.538
0.537
0.537
0.537
0.537
0.537
0.537
0.537
0.537
0.537
0.537
0.537
0.538
0.537
0.537
0.537
0.537
0.537
0.537
0.537
0.537
0.537
0.536
0.536
0.537
0.537
0.537
0.537
0.537
0.537
0.538
0.538
0.537
0.537
0.537
0.537
0.537
0.536
0.536
0.536
0.536
0.536
0.535
0.535
0.535
0.535
0.535
0.535
0.535
0.535
0.535
0.535
0.534
0.534
0.534
0.534
0.534
0.534
0.534
0.533
0.534
0.534
0.534
0.534
0.534
0.534
0.534
0.534
0.534
0.534
0.534
0.534
0.534
0.534
0.534
0.534
0.534
0.534
0.534
0.535
0.535
0.535
0.535
0.535
0.535
0.535
0.535
0.535
0.534
0.534
0.535
0.535
0.535
0.535
0.535
0.535
0.535
0.534
0.534
0.535
0.534
0.534
0.534
0.534
0.535
0.535
0.535
0.534
0.534
0.534
0.534
0.534
0.534
0.535
0.535
0.535
0.535
0.535
0.535
0.535
0.535
0.535
0.535
0.535
0.535
0.535
0.535
0.535
0.535
0.535
0.536
0.536
0.536
0.535
0.535
0.535
0.535
0.535
0.535
0.535
0.535
0.535
0.535
0.535
0.535
0.535
0.535
0.536
0.535
0.536
0.535
0.535
0.535
0.535
0.535
0.535
0.535
0.535
0.535
0.535
0.535
0.534
0.534
0.534
0.534
0.534
0.534
0.535
0.535
0.535
0.535
0.534
0.535
0.535
0.535
0.535
0.535
0.535
0.535
0.535
0.535
0.535
0.535
0.535
0.535
0.535
0.534
0.534
0.535
0.535
0.535
0.535
0.535
0.535
0.535
0.535
0.535
0.535
0.535
0.534
0.534
0.534
0.534
0.534
0.534
0.534
0.534
0.534
0.534
0.534
0.534
0.534
0.535
0.535
0.534
0.534
0.535
0.535
0.535
0.535
0.535
0.535
0.535
0.536
0.536
0.536
0.536
0.536
0.536
0.536
0.536
0.535
0.535
0.536
0.536
0.536
0.536
0.536
0.536
0.536
0.536
0.536
0.536
0.536
0.536
0.536
0.536
0.536
0.537
0.537
0.537
0.536
0.536
0.536
0.536
0.537
0.537
0.537
0.537
0.537
0.537
0.536
0.536
0.537
0.537
0.537
0.537
0.537
0.537
0.537
0.536
0.536
0.536
0.536
0.536
0.536
0.537
0.537
0.537
0.537
0.537
0.537
0.537
0.537
0.537
0.537
0.537
0.537
0.537
0.537
0.537
0.537
0.537
0.537
0.537
0.537
0.538
0.538
0.538
0.537
0.538
0.537
0.537
0.537
0.537
0.537
0.537
0.538
0.538
0.538
0.538
0.538
0.538
0.538
0.538
0.538
0.538
0.538
0.538
0.538
0.538
0.538
0.539
0.538
0.538
0.539
0.539
0.538
0.538
0.538
0.538
0.538
0.538
0.538
0.538
0.538
0.538
0.538
0.538
0.538
0.538
0.538
0.538
0.538
0.538
0.538
0.538
0.539
0.539
0.539
0.539
0.539
0.539
0.539
0.539
0.539
0.539
0.539
0.538
0.538
0.539
0.539
0.539
0.539
0.539
0.539
0.539
0.539
0.539
0.539
0.539
0.539
0.539
0.539
0.539
0.539
0.539
0.539
0.539
0.539
0.539
0.539
0.539
0.539
0.539
0.539
0.539
0.539
0.539
0.539
0.539
0.539
0.539
0.539
0.539
0.539
0.539
0.539
0.539
0.540
0.540
0.540
0.540
0.540
0.540
0.540
0.540
0.540
0.541
0.541
0.541
0.541
0.541
0.541
0.541
0.541
0.541
0.541
0.541
0.541
0.541
0.541
0.541
0.541
0.541
0.541
0.541
0.541
0.541
0.541
0.541
0.541
0.541
0.541
0.541
0.542
0.542
0.542
0.542
0.542
0.542
0.542
0.542
0.542
0.542
0.542
0.542
0.542
0.542
0.542
0.542
0.542
0.542
0.542
0.542
0.542
0.542
0.542
0.542
0.542
0.542
0.542
0.542
0.542
0.542
0.542
0.542
0.542
0.543
0.543
0.543
0.543
0.543
0.543
0.543
0.543
0.543
0.543
0.543
0.543
0.543
0.543
0.543
0.543
0.543
0.543
0.543
0.543
0.543
0.543
0.543
0.543
0.543
0.543
0.543
0.543
0.543
0.543
0.543
0.543
0.543
0.543
0.543
0.543
0.543
0.543
0.543
0.543
0.543
0.543
0.543
0.543
0.543
0.543
0.543
0.543
0.543
0.543
0.543
0.543
0.543
0.543
0.543
0.543
0.543
0.543
0.543
0.543
0.543
0.543
0.543
0.543
0.544
0.544
0.544
0.544
0.544
0.544
0.544
0.544
0.544
0.544
0.544
0.544
0.544
0.544
0.544
0.544
0.544
0.544
0.544
0.544
0.543
0.543
0.543
0.543
0.543
0.543
0.543
0.543
0.543
0.543
0.543
0.543
0.543
0.543
0.543
0.543
0.543
0.543
0.543
0.543
0.544
0.544
0.544
0.544
0.544
0.543
0.543
0.543
0.543
0.543
0.543
0.543
0.543
0.543
0.543
0.543
0.543
0.543
0.543
0.543
0.543
0.543
0.544
0.544
0.544
0.544
0.544
0.544
0.544
0.544
0.544
0.544
0.544
0.544
0.544
0.544
0.544
0.544
0.544
0.544
0.544
0.544
0.544
0.544
0.544
0.544
0.545
0.545
0.545
0.545
0.545
0.545
0.545
0.545
0.545
0.545
0.545
0.545
0.545
0.545
0.545
0.545
0.545
0.545
0.545
0.545
0.545
0.545
0.545
0.545
0.545
0.545
0.545
0.545
0.545
0.545
0.545
0.545
0.544
0.545
0.545
0.544
0.544
0.544
0.544
0.544
0.544
0.544
0.545
0.545
0.544
0.545
0.544
0.544
0.544
0.544
0.544
0.544
0.544
0.544
0.544
0.545
0.544
0.545
0.545
0.545
0.545
0.545
0.545
0.545
0.545
0.545
0.545
0.545
0.545
0.545
0.545
0.545
0.545
0.546
0.545
0.545
0.545
0.545
0.546
0.545
0.545
0.545
0.545
0.545
0.545
0.546
0.546
0.546
0.546
0.546
0.546
0.546
0.546
0.546
0.546
0.546
0.546
0.546
0.546
0.546
0.546
0.546
0.546
0.546
0.546
0.546
0.546
0.546
0.546
0.546
0.546
0.546
0.546
0.546
0.546
0.546
0.546
0.546
0.546
0.546
0.546
0.546
0.546
0.546
0.546
0.546
0.546
0.546
0.546
0.546
0.546
0.546
0.546
0.546
0.546
0.546
0.546
0.546
0.546
0.546
0.546
0.546
0.546
0.546
0.546
0.546
0.546
0.546
0.546
0.546
0.546
0.546
0.546
0.546
0.546
0.546
0.546
0.546
0.546
0.546
0.546
0.547
0.547
0.547
0.547
0.547
0.547
0.547
0.547
0.547
0.547
0.547
0.547
0.547
0.547
0.547
0.547
0.547
0.547
0.547
0.547
0.547
0.547
0.547
0.547
0.547
0.547
0.547
0.547
0.547
0.547
0.547
0.547
0.547
0.547
0.547
0.547
0.547
0.547
0.547
0.547
0.547
0.547
0.547
0.547
0.547
0.547
0.547
0.547
0.547
0.547
0.547
0.547
0.547
0.548
0.548
0.548
0.547
0.547
0.547
0.547
0.547
0.547
0.547
0.547
0.547
0.547
0.547
0.547
0.547
0.547
0.547
0.547
0.547
0.548
0.547
0.547
0.547
0.547
0.547
0.547
0.547
0.547
0.547
0.547
0.547
0.547
0.547
0.547
0.547
0.548
0.547
0.547
0.548
0.547
0.547
0.547
0.547
0.547
0.547
0.547
0.547
0.547
0.547
0.547
0.547
0.547
0.547
0.547
0.547
0.547
0.548
0.548
0.548
0.548
0.548
0.548
0.548
0.548
0.548
0.548
0.548
0.548
0.548
0.548
0.548
0.548
0.548
0.547
0.547
0.547
0.547
0.547
0.547
0.547