Precisão média por imagem
0.446
0.433
0.404
0.408
0.385
0.406
0.430
0.446
0.466
0.456
0.438
0.453
0.460
0.465
0.479
0.483
0.485
0.484
0.488
0.487
0.475
0.465
0.460
0.461
0.461
0.463
0.459
0.460
0.460
0.459
0.461
0.461
0.459
0.458
0.458
0.456
0.457
0.456
0.454
0.453
0.452
0.451
0.453
0.448
0.449
0.444
0.446
0.444
0.445
0.447
0.446
0.445
0.443
0.441
0.439
0.436
0.436
0.435
0.439
0.439
0.440
0.442
0.441
0.441
0.441
0.440
0.439
0.439
0.440
0.441
0.441
0.440
0.440
0.438
0.438
0.436
0.435
0.436
0.437
0.435
0.434
0.432
0.432
0.430
0.430
0.430
0.431
0.433
0.434
0.434
0.435
0.436
0.437
0.437
0.434
0.436
0.437
0.438
0.440
0.438
0.436
0.434
0.433
0.431
0.433
0.431
0.432
0.432
0.434
0.433
0.432
0.432
0.431
0.432
0.432
0.431
0.430
0.432
0.431
0.431
0.430
0.430
0.429
0.428
0.429
0.427
0.427
0.427
0.428
0.427
0.427
0.428
0.429
0.427
0.426
0.426
0.426
0.425
0.426
0.426
0.426
0.426
0.426
0.425
0.425
0.425
0.425
0.425
0.425
0.425
0.425
0.425
0.424
0.423
0.423
0.423
0.423
0.423
0.423
0.423
0.423
0.423
0.423
0.422
0.422
0.421
0.421
0.421
0.421
0.420
0.419
0.418
0.418
0.417
0.416
0.416
0.416
0.415
0.415
0.415
0.416
0.416
0.416
0.416
0.416
0.416
0.417
0.417
0.417
0.416
0.415
0.415
0.415
0.415
0.416
0.416
0.416
0.416
0.416
0.416
0.416
0.415
0.416
0.416
0.416
0.416
0.416
0.416
0.416
0.417
0.417
0.416
0.415
0.415
0.415
0.414
0.414
0.413
0.413
0.413
0.413
0.413
0.413
0.413
0.412
0.412
0.413
0.412
0.412
0.412
0.412
0.412
0.412
0.412
0.412
0.412
0.412
0.413
0.413
0.413
0.414
0.413
0.414
0.414
0.413
0.413
0.413
0.413
0.413
0.413
0.413
0.413
0.414
0.413
0.413
0.413
0.413
0.413
0.413
0.414
0.414
0.415
0.414
0.415
0.415
0.415
0.415
0.414
0.414
0.415
0.414
0.413
0.413
0.413
0.413
0.413
0.413
0.413
0.412
0.412
0.411
0.411
0.411
0.411
0.411
0.411
0.411
0.411
0.410
0.411
0.411
0.411
0.411
0.410
0.410
0.410
0.410
0.410
0.411
0.411
0.411
0.412
0.412
0.412
0.412
0.411
0.411
0.411
0.412
0.412
0.411
0.410
0.410
0.409
0.408
0.408
0.408
0.407
0.408
0.409
0.409
0.410
0.411
0.411
0.412
0.412
0.412
0.412
0.412
0.413
0.413
0.413
0.413
0.413
0.413
0.413
0.413
0.412
0.413
0.413
0.412
0.412
0.413
0.413
0.413
0.412
0.412
0.412
0.412
0.412
0.411
0.411
0.411
0.410
0.410
0.410
0.410
0.410
0.410
0.409
0.409
0.409
0.409
0.409
0.409
0.409
0.409
0.408
0.408
0.409
0.409
0.410
0.410
0.411
0.410
0.411
0.411
0.411
0.411
0.411
0.411
0.411
0.411
0.412
0.411
0.411
0.411
0.411
0.411
0.411
0.411
0.411
0.411
0.411
0.412
0.412
0.412
0.412
0.412
0.411
0.411
0.411
0.411
0.411
0.410
0.410
0.410
0.410
0.409
0.409
0.409
0.409
0.410
0.410
0.409
0.409
0.408
0.408
0.408
0.408
0.408
0.408
0.409
0.408
0.408
0.408
0.408
0.408
0.408
0.408
0.409
0.409
0.409
0.409
0.410
0.410
0.410
0.410
0.411
0.410
0.410
0.410
0.410
0.410
0.410
0.410
0.411
0.410
0.410
0.410
0.410
0.410
0.409
0.409
0.408
0.408
0.408
0.408
0.408
0.408
0.408
0.408
0.408
0.408
0.408
0.408
0.408
0.408
0.408
0.408
0.408
0.408
0.408
0.408
0.408
0.408
0.408
0.409
0.409
0.409
0.409
0.409
0.409
0.409
0.409
0.409
0.410
0.410
0.410
0.410
0.410
0.410
0.410
0.410
0.410
0.410
0.410
0.410
0.410
0.410
0.410
0.410
0.410
0.410
0.410
0.410
0.410
0.409
0.410
0.409
0.410
0.410
0.410
0.410
0.410
0.410
0.409
0.409
0.409
0.409
0.409
0.409
0.409
0.409
0.409
0.409
0.409
0.409
0.409
0.409
0.409
0.409
0.409
0.409
0.409
0.409
0.409
0.409
0.409
0.409
0.409
0.409
0.409
0.409
0.410
0.410
0.410
0.410
0.410
0.410
0.410
0.410
0.410
0.410
0.410
0.410
0.410
0.410
0.410
0.410
0.410
0.410
0.410
0.410
0.410
0.410
0.409
0.409
0.409
0.409
0.409
0.409
0.409
0.409
0.409
0.409
0.409
0.409
0.409
0.409
0.410
0.409
0.410
0.410
0.410
0.410
0.409
0.409
0.409
0.409
0.409
0.409
0.409
0.409
0.409
0.409
0.409
0.409
0.409
0.409
0.409
0.409
0.409
0.409
0.409
0.409
0.408
0.408
0.408
0.408
0.408
0.408
0.408
0.409
0.409
0.409
0.408
0.408
0.408
0.408
0.408
0.408
0.408
0.408
0.408
0.408
0.408
0.408
0.408
0.408
0.408
0.409
0.409
0.409
0.409
0.409
0.409
0.409
0.409
0.409
0.409
0.409
0.409
0.409
0.409
0.409
0.409
0.409
0.409
0.409
0.409
0.409
0.409
0.409
0.409
0.409
0.409
0.409
0.409
0.409
0.409
0.409
0.409
0.409
0.409
0.409
0.409
0.408
0.408
0.408
0.409
0.408
0.409
0.409
0.409
0.409
0.409
0.408
0.408
0.408
0.408
0.408
0.408
0.408
0.408
0.408
0.408
0.408
0.408
0.408
0.408
0.408
0.408
0.408
0.408
0.408
0.407
0.407
0.407
0.407
0.407
0.407
0.407
0.407
0.407
0.407
0.407
0.407
0.407
0.407
0.407
0.407
0.407
0.407
0.407
0.407
0.407
0.407
0.407
0.408
0.408
0.408
0.408
0.408
0.408
0.408
0.407
0.408
0.408
0.407
0.407
0.407
0.407
0.407
0.408
0.408
0.408
0.408
0.408
0.408
0.408
0.408
0.408
0.408
0.408
0.408
0.408
0.408
0.408
0.408
0.408
0.408
0.408
0.408
0.408
0.407
0.407
0.407
0.407
0.407
0.407
0.407
0.407
0.407
0.407
0.408
0.408
0.408
0.408
0.408
0.408
0.408
0.408
0.408
0.408
0.408
0.408
0.408
0.408
0.408
0.408
0.408
0.408
0.408
0.408
0.408
0.409
0.409
0.408
0.408
0.408
0.408
0.408
0.408
0.408
0.408
0.408
0.408
0.408
0.408
0.408
0.408
0.408
0.408
0.408
0.407
0.407
0.407
0.407
0.407
0.407
0.407
0.407
0.407
0.407
0.407
0.407
0.407
0.407
0.407
0.407
0.407
0.407
0.407
0.407
0.407
0.407
0.407
0.407
0.407
0.407
0.407
0.407
0.407
0.407
0.407
0.407
0.407
0.407
0.407
0.407
0.407
0.407
0.407
0.407
0.407
0.407
0.407
0.407
0.407
0.407
0.407
0.407
0.407
0.407
0.407
0.406
0.406
0.407
0.407
0.406
0.406
0.406
0.406
0.406
0.406
0.406
0.406
0.406
0.406
0.406
0.406
0.406
0.406
0.406
0.406
0.406
0.406
0.406
0.406
0.406
0.406
0.406
0.406
0.406
0.406
0.406
0.406
0.406
0.406
0.406
0.406
0.406
0.406
0.406
0.406
0.406
0.406
0.406
0.406
0.406
0.406
0.406
0.406
0.406
0.406
0.406
0.406
0.406
0.406
0.406
0.406
0.406
0.406
0.406
0.407
0.407
0.407
0.407
0.407
0.407
0.407
0.407
0.407
0.407
0.407
0.407
0.407
0.407
0.407
0.407
0.407
0.407
0.407
0.407
0.407
0.407
0.407
0.407
0.407
0.407
0.407
0.407
0.407
0.407
0.407
0.407
0.407
0.407
0.407
0.407
0.407
0.407
0.407
0.407
0.407
0.407
0.407
0.407
0.407
0.407
0.407
0.407
0.407
0.407
0.407
0.407
0.407
0.407
0.407
0.407
0.407
0.407
0.407
0.407
0.407
0.407
0.407
0.407
0.407
0.407
0.406
0.406
0.407
0.406
0.406
0.406
0.406
0.407
0.407
0.407
0.407
0.407
0.407
0.407
0.407
0.407
0.407
0.407
0.407
0.407
0.407
0.406
0.407
0.407
0.407
0.407
0.407
0.407
0.407
0.407
0.407
0.407
0.407
0.407
0.406
0.407
0.406
0.406
0.407
0.407
0.407
0.407
0.407
0.407
0.407
0.407
0.407
0.407
0.407
0.407
0.407
0.407
0.407
0.407
0.407
0.407
0.407
0.407
0.407
0.407
0.407
0.407
0.407
0.407
0.407
0.407
0.407
0.407
0.407
0.407
0.407
0.407
0.407
0.407
0.407
0.407
0.407
0.407
0.407
0.407
0.407
0.407
0.408
0.408
0.408
0.408
0.408
0.408
0.408
0.408
0.408
0.408
0.408
0.408
0.408
0.408
0.408
0.408
0.408
0.408
0.408
0.408
0.408
0.408
0.408
0.408
0.408
0.408
0.408
0.408
0.408
0.408
0.407
0.407
0.407
0.407
0.407
0.407
0.407
0.407
0.407
0.407
0.407
0.407
0.407
0.407
0.406
0.407
0.406
0.406
0.406
0.406
0.406
0.406
0.406
0.406
0.406
0.406
0.406
0.406
0.406
0.406
0.406
0.406
0.406
0.406
0.406
0.406
0.406
0.407
0.407
0.407
0.407
0.407
0.407
0.408
0.408
0.408
0.408
0.408
0.408
0.408
0.408
0.408
0.408
0.408
0.408
0.408
0.408
0.408
0.408
0.408
0.408
0.408
0.408
0.408
0.408
0.408
0.408
0.408
0.408
0.408
0.408
0.408
0.408
0.408
0.408
0.408
0.408
0.408
0.408
0.408
0.408
0.408
0.408
0.408
0.408
0.408
0.408
0.408
0.408
0.408
0.408
0.408
0.408
0.408
0.408
0.408
0.408
0.408
0.408
0.408
0.409
0.409
0.408
0.408
0.409
0.409
0.409
0.409
0.409
0.409
0.409
0.409
0.409
0.409
0.408
0.409
0.409
0.408
0.408
0.408
0.408
0.408
0.408
0.408
0.408
0.408
0.408
0.408
0.408
0.408
0.408
0.408
0.408
0.408
0.408
0.408
0.408
0.408
0.407
0.407
0.408
0.408
0.408
0.408
0.408
0.407
0.408
0.408
0.408
0.408
0.408
0.408
0.408
0.408
0.408
0.408
0.408
0.408
0.408
0.408
0.408
0.408
0.408
0.408
0.408
0.408
0.408
0.408
0.408
0.408
0.408
0.408
0.408
0.408
0.408
0.408
0.408
0.408
0.408
0.408
0.408
0.408
0.408
0.408
0.408
0.408
0.408
0.408
0.408
0.408
0.408
0.408
0.408
0.407
0.407
0.407
0.407
0.407
0.407
0.407
0.407
0.408
0.407
0.407
0.407
0.407
0.408
0.407
0.408
0.407
0.407
0.408
0.408
0.408
0.408
0.408
0.408
0.407
0.408
0.408
0.408
0.408
0.408
0.408
0.408
0.408
0.408
0.408
0.408
0.408
0.407
0.408
0.408
0.408
0.408
0.408
0.408
0.408
0.408
0.408
0.408
0.408
0.408
0.408
0.408
0.408
0.408
0.408
0.408
0.408
0.408
0.408
0.408
0.408
0.408
0.408
0.408
0.408
0.408
0.408
0.408
0.408
0.408
0.408
0.408
0.408
0.408
0.408
0.408
0.408
0.408
0.408
0.408
0.408
0.408
0.408
0.408
0.408
0.408
0.408
0.408
0.408
0.407
0.407
0.408
0.407
0.407
0.407
0.408
0.408
0.407
0.407
0.407
0.407
0.407
0.407
0.407
0.407
0.407
0.407
0.407
0.407
0.407
0.407
0.407
0.407
0.406
0.406
0.406
0.406
0.406
0.406
0.406
0.406
0.406
0.406
0.406
0.406
0.406
0.406
0.406
0.407
0.407
0.407
0.407
0.407
0.407
0.407
0.407
0.407
0.407
0.407
0.407
0.407
0.407
0.407
0.407
0.407
0.407
0.407
0.407
0.407
0.407
0.407
0.407
0.407
0.407
0.407
0.407
0.407
0.407
0.406
0.406
0.406
0.406
0.406
0.406
0.406
0.406
0.406
0.406
0.406
0.406
0.406
0.406
0.407
0.407
0.407
0.407
0.406
0.406
0.406
0.406
0.407
0.407
0.406
0.406
0.406
0.406
0.406
0.406
0.406
0.406
0.406
0.406
0.406
0.406
0.406
0.406
0.406
0.406
0.406
0.406
0.406
0.406
0.406
0.406
0.406
0.406
0.406
0.406
0.406
0.406
0.406
0.406
0.406
0.406
0.406
0.406
0.406
0.406
0.406
0.406
0.406
0.406
0.407
0.407
0.407
0.407
0.406
0.406
0.406
0.407
0.407
0.407
0.407
0.407
0.407
0.406
0.406
0.406
0.406
0.406
0.406
0.406
0.406
0.406
0.406
0.407
0.407
0.407
0.407
0.407
0.407
0.407
0.407
0.407
0.407
0.407
0.407
0.407
0.407
0.407