Precisão média por imagem
0.736
0.696
0.750
0.724
0.691
0.675
0.653
0.644
0.643
0.643
0.656
0.653
0.659
0.659
0.648
0.629
0.621
0.608
0.604
0.605
0.601
0.605
0.603
0.601
0.600
0.599
0.597
0.597
0.597
0.598
0.598
0.600
0.596
0.592
0.590
0.586
0.585
0.584
0.584
0.583
0.580
0.578
0.575
0.574
0.578
0.576
0.577
0.575
0.573
0.571
0.569
0.571
0.567
0.565
0.564
0.563
0.567
0.566
0.568
0.567
0.566
0.563
0.563
0.561
0.557
0.554
0.551
0.550
0.546
0.546
0.544
0.543
0.542
0.546
0.544
0.546
0.545
0.545
0.548
0.548
0.547
0.549
0.548
0.545
0.545
0.544
0.544
0.542
0.541
0.542
0.541
0.542
0.540
0.539
0.541
0.540
0.543
0.542
0.541
0.541
0.540
0.540
0.540
0.543
0.543
0.546
0.545
0.548
0.548
0.551
0.551
0.550
0.549
0.549
0.550
0.548
0.551
0.550
0.550
0.552
0.551
0.553
0.552
0.552
0.554
0.555
0.557
0.557
0.556
0.556
0.555
0.555
0.558
0.559
0.560
0.562
0.561
0.561
0.561
0.561
0.561
0.560
0.561
0.561
0.561
0.559
0.558
0.558
0.557
0.557
0.556
0.556
0.555
0.555
0.554
0.555
0.555
0.556
0.556
0.555
0.555
0.556
0.555
0.557
0.558
0.559
0.560
0.562
0.562
0.563
0.563
0.562
0.561
0.560
0.559
0.559
0.559
0.560
0.560
0.560
0.560
0.559
0.558
0.560
0.560
0.560
0.559
0.559
0.560
0.560
0.559
0.558
0.558
0.557
0.557
0.556
0.555
0.555
0.554
0.554
0.554
0.554
0.554
0.554
0.554
0.555
0.555
0.556
0.556
0.556
0.556
0.556
0.556
0.556
0.557
0.558
0.558
0.559
0.560
0.561
0.563
0.563
0.565
0.565
0.567
0.567
0.567
0.566
0.566
0.566
0.565
0.565
0.564
0.564
0.563
0.564
0.563
0.563
0.563
0.563
0.563
0.563
0.562
0.563
0.562
0.562
0.562
0.563
0.563
0.562
0.562
0.562
0.562
0.562
0.562
0.562
0.562
0.561
0.561
0.560
0.560
0.560
0.560
0.560
0.561
0.561
0.562
0.562
0.563
0.564
0.565
0.566
0.566
0.565
0.565
0.565
0.566
0.566
0.566
0.565
0.565
0.564
0.564
0.564
0.564
0.565
0.565
0.566
0.567
0.567
0.567
0.566
0.566
0.567
0.567
0.567
0.567
0.568
0.568
0.569
0.569
0.569
0.569
0.570
0.571
0.571
0.572
0.572
0.572
0.571
0.571
0.571
0.571
0.571
0.570
0.570
0.570
0.569
0.569
0.569
0.568
0.568
0.568
0.568
0.568
0.568
0.569
0.569
0.569
0.570
0.571
0.571
0.572
0.572
0.572
0.572
0.572
0.573
0.574
0.574
0.574
0.574
0.574
0.575
0.574
0.575
0.575
0.575
0.575
0.574
0.574
0.574
0.574
0.574
0.573
0.573
0.573
0.572
0.572
0.572
0.572
0.571
0.571
0.571
0.571
0.571
0.571
0.571
0.570
0.570
0.569
0.569
0.569
0.569
0.569
0.568
0.568
0.568
0.568
0.568
0.569
0.570
0.570
0.571
0.571
0.570
0.570
0.570
0.570
0.571
0.571
0.571
0.571
0.572
0.572
0.573
0.573
0.574
0.574
0.575
0.574
0.575
0.575
0.576
0.576
0.577
0.577
0.577
0.577
0.577