Precisão média por imagem
0.435
0.435
0.441
0.443
0.447
0.445
0.445
0.454
0.457
0.453
0.442
0.435
0.424
0.416
0.409
0.403
0.395
0.388
0.391
0.395
0.392
0.388
0.384
0.385
0.383
0.381
0.378
0.374
0.373
0.368
0.366
0.362
0.365
0.371
0.369
0.368
0.367
0.364
0.362
0.361
0.358
0.361
0.358
0.358
0.356
0.353
0.351
0.349
0.348
0.351
0.353
0.351
0.353
0.355
0.357
0.359
0.358
0.357
0.355
0.354
0.355
0.356
0.358
0.358
0.357
0.359
0.359
0.358
0.361
0.364
0.365
0.367
0.366
0.364
0.367
0.367
0.366
0.365
0.365
0.364
0.364
0.363
0.362
0.362
0.361
0.361
0.360
0.359
0.359
0.358
0.358
0.357
0.356
0.355
0.355
0.356
0.355
0.354
0.356
0.357
0.356
0.355
0.355
0.355
0.354
0.355
0.355
0.354
0.354
0.356
0.355
0.354
0.354
0.353
0.354
0.354
0.354
0.353
0.354
0.356
0.355
0.355
0.355
0.357
0.359
0.358
0.357
0.356
0.356
0.357
0.357
0.358
0.359
0.358
0.358
0.357
0.358
0.360
0.359
0.359
0.360
0.361
0.362
0.363
0.364
0.363
0.362
0.361
0.362
0.363
0.364
0.363
0.362
0.361
0.361
0.360
0.361
0.362
0.361
0.360
0.360
0.359
0.358
0.358
0.357
0.357
0.357
0.356
0.357
0.358
0.358
0.359
0.359
0.360
0.361
0.361
0.362
0.363
0.363
0.363
0.364
0.364
0.363
0.363
0.362
0.362
0.362
0.363
0.362
0.363
0.363
0.364
0.364
0.363
0.363
0.362
0.363
0.363
0.364
0.364
0.364
0.363
0.363
0.362
0.362
0.361
0.361
0.360
0.360
0.360
0.361
0.360
0.360
0.360
0.360
0.359
0.359
0.359
0.359
0.360
0.360
0.360
0.360
0.361
0.361
0.361
0.361
0.362
0.363
0.362
0.362
0.361
0.361
0.361
0.360
0.360
0.359
0.360
0.360
0.359
0.359
0.358
0.358
0.358
0.358
0.358
0.357
0.357
0.357
0.357
0.357
0.357
0.357
0.357
0.357
0.356
0.356
0.356
0.356
0.355
0.355
0.355
0.355
0.355
0.355
0.355
0.355
0.354
0.354
0.354
0.353
0.353
0.353
0.353
0.353
0.353
0.353
0.353
0.354
0.354
0.354
0.354
0.354
0.355
0.355
0.355
0.355
0.354
0.354
0.354
0.353
0.353
0.353
0.354
0.354
0.354
0.354
0.354
0.353
0.354
0.354
0.355
0.355
0.355
0.356
0.356
0.356
0.356
0.357
0.357
0.357
0.357
0.357
0.356
0.356
0.356
0.356
0.356
0.356
0.356
0.356
0.357
0.357
0.357
0.358
0.358
0.358
0.358
0.357
0.357
0.357
0.357
0.357
0.357
0.357
0.357
0.356
0.356
0.356
0.356
0.356
0.356
0.356
0.356
0.356
0.357
0.357
0.357
0.357
0.357
0.357
0.357
0.357
0.357
0.358
0.357
0.358
0.358
0.358
0.358
0.359
0.359
0.359
0.359
0.359
0.360
0.360
0.360
0.360
0.359
0.360
0.360
0.360
0.360
0.359
0.359
0.359
0.359
0.358
0.358
0.358
0.359
0.358
0.358
0.358
0.359
0.359
0.358
0.358
0.359
0.359
0.359
0.359
0.359
0.359
0.359
0.359
0.359
0.359
0.359
0.359
0.358
0.358
0.359
0.359
0.359
0.359
0.359
0.359
0.360
0.360
0.359
0.359
0.359
0.359
0.359
0.359
0.358
0.359
0.359
0.359
0.359
0.359
0.359
0.359
0.359
0.359
0.359
0.359
0.359
0.359
0.358
0.359
0.359
0.358
0.358
0.358
0.358
0.358
0.357
0.357
0.357
0.357
0.357
0.357
0.358
0.358
0.358
0.358
0.358
0.359
0.359
0.359
0.359
0.360
0.359
0.359
0.359
0.359
0.359
0.359
0.359
0.359
0.359
0.359
0.359
0.359
0.359
0.358
0.358
0.358
0.358
0.358
0.358
0.357
0.357
0.357
0.357
0.357
0.357
0.357
0.357
0.358
0.358
0.357
0.357
0.357
0.357
0.357
0.357
0.357
0.357
0.357
0.357
0.357
0.357
0.357
0.357
0.357
0.357
0.357
0.357
0.357
0.357
0.357
0.357
0.357
0.357
0.357
0.357
0.357
0.357
0.357
0.358
0.358
0.358
0.358
0.358
0.358
0.358
0.357
0.357
0.357
0.357
0.357
0.357
0.357
0.357
0.357
0.357
0.357
0.357
0.357
0.357
0.357
0.357
0.357
0.357
0.357
0.356
0.357
0.357
0.357
0.357
0.357
0.357
0.357
0.356
0.356
0.356
0.356
0.356
0.356
0.356
0.356
0.356
0.356
0.355
0.355
0.355
0.355
0.355
0.355
0.355
0.355
0.355
0.355
0.355
0.355
0.355
0.355
0.355
0.355
0.355
0.355
0.355
0.355
0.355
0.355
0.355
0.355
0.355
0.355
0.354
0.354
0.354
0.354
0.354
0.354
0.354
0.354
0.354
0.354
0.354
0.354
0.354
0.354
0.355
0.355
0.355
0.355
0.355
0.355
0.355
0.355
0.355
0.355
0.355
0.355
0.355
0.355
0.355
0.355
0.356
0.356
0.356
0.356
0.356
0.356
0.356
0.356
0.356
0.356
0.356
0.356
0.356
0.356
0.356
0.356
0.356
0.356
0.356
0.356
0.356
0.356
0.356
0.356
0.356
0.356
0.356
0.355
0.355
0.355
0.355
0.355
0.355
0.355
0.355
0.355
0.355
0.355
0.355
0.355
0.355
0.355
0.356
0.356
0.356
0.356
0.356
0.355
0.355
0.355
0.355
0.355
0.355
0.355
0.355
0.354
0.354
0.354
0.354
0.354
0.354
0.354
0.355
0.354
0.354
0.354
0.354
0.354
0.354
0.354
0.354
0.354
0.354
0.353
0.353
0.353
0.353
0.353
0.353
0.353
0.353
0.353
0.353
0.353
0.353
0.353
0.353
0.353
0.353
0.352
0.352
0.352
0.352
0.352
0.352
0.352
0.352
0.352
0.352
0.352
0.352
0.352
0.352
0.352
0.352
0.352
0.352
0.352
0.352
0.352
0.352
0.352
0.352
0.352
0.352
0.352
0.352
0.352
0.352
0.352
0.352
0.352
0.352
0.352
0.352
0.352
0.352
0.352
0.352
0.352
0.352
0.352
0.352
0.352
0.352
0.352
0.352
0.352
0.352
0.352
0.352
0.352
0.352
0.353
0.353
0.353
0.353
0.353
0.353
0.353
0.354
0.354
0.354
0.354
0.354
0.354
0.354
0.354
0.354
0.354
0.354
0.354
0.354
0.354
0.354
0.354
0.354
0.354
0.354
0.354
0.354
0.354
0.354
0.354
0.354
0.354
0.354
0.354
0.354
0.354
0.354
0.354
0.354
0.354
0.354
0.353
0.354
0.354
0.354
0.354
0.354
0.354
0.354
0.354
0.354
0.354
0.354
0.354
0.354
0.354
0.355
0.355
0.355
0.354
0.354
0.354
0.354
0.354
0.354
0.354
0.355
0.355
0.355
0.355
0.355
0.355
0.354
0.354
0.354
0.354
0.354
0.354
0.354
0.354
0.354
0.354
0.355
0.355
0.355
0.355
0.355
0.355
0.355
0.355
0.355
0.355
0.355
0.355
0.355
0.355
0.355
0.355
0.355
0.355
0.355
0.355
0.355
0.355
0.355
0.355
0.355
0.355
0.355
0.354
0.355
0.355
0.355
0.355
0.355
0.355
0.354
0.354
0.354
0.354
0.354
0.354
0.354
0.354
0.354
0.354
0.354
0.354
0.354
0.354
0.354
0.354
0.354
0.354
0.354
0.354
0.354
0.354
0.354
0.354
0.354
0.354
0.353
0.353
0.353
0.353
0.353
0.353
0.354
0.354
0.354
0.354
0.354
0.354
0.353
0.353
0.353
0.353
0.354
0.353
0.353
0.353
0.354
0.354
0.354
0.354
0.354
0.354
0.354
0.354
0.354
0.354
0.354
0.354
0.354
0.354
0.354
0.354
0.354
0.354
0.354
0.354
0.354
0.354
0.354
0.354
0.355
0.354
0.354
0.354
0.354
0.354
0.354
0.354
0.354
0.354
0.354
0.354
0.354
0.354
0.354
0.354
0.355
0.354
0.354
0.355
0.355
0.355
0.354
0.355
0.355
0.355
0.354
0.354
0.354
0.354
0.354
0.354
0.354
0.354
0.354
0.354
0.354
0.354
0.354
0.354
0.354
0.354
0.353
0.354
0.354
0.354
0.354
0.353
0.354
0.354
0.354
0.354
0.354
0.354
0.354
0.354
0.353
0.353
0.353
0.354
0.353
0.353
0.353
0.353
0.354
0.354
0.354
0.354
0.354
0.354
0.354
0.354
0.354
0.354
0.354
0.354
0.354
0.354
0.354
0.354
0.354
0.354
0.354
0.354
0.354
0.354
0.354
0.354
0.354
0.354
0.354
0.353
0.353
0.353
0.353
0.354
0.353
0.353
0.353
0.353
0.353
0.353
0.353
0.353
0.353
0.353
0.353
0.353
0.353
0.353
0.353
0.353
0.353
0.353
0.353
0.353
0.353
0.353
0.353
0.353
0.353
0.353
0.353
0.353
0.353
0.353
0.353
0.353
0.353
0.353
0.353
0.353
0.353
0.353
0.353
0.353
0.353
0.353
0.353
0.353
0.353
0.353
0.354
0.354
0.354
0.354
0.354
0.354
0.354
0.354
0.354
0.354
0.354
0.354
0.354
0.355
0.355
0.355
0.354
0.355
0.355
0.355
0.355
0.355
0.355
0.355
0.355
0.355
0.355
0.355
0.355
0.356
0.355
0.355
0.355
0.355
0.355
0.355
0.355
0.355
0.355
0.355
0.355
0.355
0.355
0.355
0.355
0.355
0.355
0.355
0.355
0.355
0.355
0.355
0.355
0.355
0.355
0.355
0.355
0.355
0.355
0.355
0.354
0.355
0.355
0.355
0.354
0.354
0.354
0.355
0.354
0.354
0.355
0.355
0.355
0.355
0.355
0.355
0.355
0.355
0.355
0.355
0.354
0.354
0.354
0.354
0.354
0.354
0.354
0.354
0.354
0.354
0.354
0.355
0.354
0.354
0.354
0.354
0.354
0.355
0.355
0.354
0.354
0.354
0.354
0.354
0.354
0.354
0.354
0.354
0.354
0.354
0.354
0.354
0.354
0.354
0.354
0.354
0.354
0.354
0.354
0.354
0.354
0.354
0.354
0.354
0.354
0.354
0.354
0.354
0.354
0.354
0.354
0.354
0.354
0.354
0.354
0.354
0.354
0.354
0.354
0.354
0.354
0.354
0.354
0.354
0.354
0.354
0.354
0.353
0.353
0.353
0.354
0.354
0.353
0.354
0.354
0.354
0.354
0.354
0.354
0.354
0.354
0.354
0.354
0.354
0.354
0.354
0.354
0.354
0.354
0.354
0.354
0.354
0.354
0.354
0.354
0.354
0.354
0.354
0.354
0.354
0.354
0.354
0.354
0.354
0.354
0.354
0.354
0.354
0.354
0.354
0.354
0.354
0.354
0.354
0.354
0.354
0.354
0.354
0.354
0.354
0.354
0.354
0.354
0.354
0.354
0.354
0.354
0.354
0.354
0.354
0.354
0.354
0.354
0.354
0.354
0.354
0.354
0.354
0.354
0.354
0.354
0.353
0.353
0.353
0.353
0.353
0.353
0.353
0.353
0.353
0.353
0.353
0.353