0.571
0.563
0.514
0.475
0.507
0.524
0.505
0.530
0.546
0.557
0.559
0.550
0.541
0.531
0.526
0.519
0.509
0.503
0.498
0.495
0.487
0.480
0.481
0.481
0.473
0.470
0.463
0.457
0.469
0.467
0.464
0.460
0.468
0.474
0.471
0.467
0.463
0.470
0.467
0.476
0.478
0.475
0.471
0.468
0.464
0.461
0.458
0.455
0.452
0.450
0.447
0.452
0.456
0.454
0.451
0.458
0.463
0.461
0.458
0.456
0.454
0.451
0.451
0.448
0.446
0.450
0.454
0.452
0.449
0.447
0.452
0.460
0.459
0.463
0.465
0.464
0.461
0.459
0.457
0.455
0.453
0.450
0.449
0.447
0.445
0.444
0.447
0.450
0.449
0.447
0.447
0.449
0.451
0.450
0.448
0.447
0.445
0.443
0.442
0.441
0.441
0.439
0.438
0.436
0.435
0.434
0.433
0.435
0.434
0.433
0.432
0.431
0.430
0.429
0.428
0.427
0.431
0.434
0.433
0.436
0.440
0.439
0.443
0.446
0.445
0.444
0.443
0.442
0.441
0.441
0.445
0.444
0.443
0.442
0.444
0.446
0.445
0.444
0.447
0.449
0.451
0.454
0.455
0.456
0.459
0.457
0.457
0.458
0.460
0.461
0.463
0.462
0.465
0.467
0.466
0.466
0.465
0.464
0.463
0.465
0.465
0.464
0.463
0.466
0.466
0.466
0.465
0.464
0.466
0.469
0.471
0.472
0.471
0.470
0.469
0.468
0.467
0.466
0.467
0.466
0.465
0.465
0.464
0.464
0.463
0.462
0.462
0.461
0.460
0.460
0.462
0.463
0.464
0.464
0.463
0.463
0.462
0.463
0.465
0.467
0.467
0.466
0.465
0.464
0.464
0.463
0.464
0.463
0.463
0.465
0.466
0.465
0.464
0.464
0.463
0.463
0.462
0.464
0.463
0.463
0.462
0.461
0.461
0.460
0.460
0.459
0.458
0.458
0.458
0.457
0.456
0.456
0.456
0.456
0.458
0.458
0.457
0.456
0.456
0.455
0.455
0.456
0.456
0.457
0.457
0.459
0.460
0.461
0.462
0.462
0.463
0.464
0.465
0.466
0.467
0.466
0.467
0.468
0.469
0.469
0.470
0.469
0.470
0.470
0.469
0.470
0.471
0.472
0.471
0.472
0.473
0.473
0.473
0.473
0.474
0.475
0.474
0.474
0.474
0.475
0.476
0.477
0.477
0.478
0.479
0.480
0.480
0.479
0.480
0.480
0.479
0.480
0.481
0.482
0.482
0.483
0.484
0.485
0.485
0.485
0.484
0.484
0.483
0.483
0.482
0.482
0.482
0.481
0.481
0.481
0.482
0.483
0.485
0.485
0.486
0.486
0.486
0.485
0.485
0.485
0.484
0.484
0.483
0.483
0.482
0.483
0.484
0.483
0.484
0.484
0.485
0.484
0.484
0.483
0.483
0.483
0.483
0.483
0.483
0.482
0.482
0.483
0.482
0.483
0.484
0.483
0.483
0.482
0.482
0.482
0.482
0.483
0.483
0.484
0.484
0.485
0.485
0.485
0.485
0.484
0.485
0.486
0.485
0.485
0.484
0.484
0.485
0.486
0.486
0.487
0.486
0.486
0.486
0.485
0.485
0.485
0.485
0.486
0.486
0.486
0.486
0.486
0.486
0.485
0.485
0.485
0.486
0.485
0.485
0.485
0.484
0.484
0.483
0.484
0.484
0.485
0.486
0.486
0.487
0.487
0.488
0.488
0.489
0.489
0.490
0.490
0.490
0.490
0.490
0.490
0.491
0.491
0.490
0.490
0.490
0.490
0.490
0.489
0.489
0.489
0.490
0.489
0.489
0.489
0.488
0.488
0.488
0.487
0.488
0.489
0.489
0.490
0.491
0.491
0.491
0.492
0.492
0.493
0.493
0.493
0.493
0.492
0.493
0.493
0.493
0.493
0.494
0.493
0.493
0.493
0.493
0.492
0.492
0.493
0.493
0.493
0.493
0.493
0.493
0.492
0.493
0.493
0.494
0.494
0.494
0.494
0.494
0.493
0.493
0.494
0.494
0.494
0.494
0.494
0.495
0.495
0.495
0.496
0.496
0.496
0.495
0.495
0.495
0.495
0.494
0.494
0.495
0.495
0.494
0.494
0.494
0.494
0.495
0.494
0.495
0.494
0.494
0.495
0.495
0.495
0.495
0.496
0.495
0.496
0.496
0.497
0.496
0.496
0.496
0.496
0.495
0.495
0.495
0.495
0.495
0.495
0.494
0.494
0.494
0.494
0.494
0.494
0.494
0.494
0.494
0.495
0.495
0.495
0.495
0.495
0.495
0.495
0.495
0.495
0.495
0.496
0.496
0.496
0.496
0.496
0.496
0.496
0.496
0.496
0.497
0.496
0.496
0.496
0.497
0.497
0.497
0.497
0.496
0.497
0.497
0.497
0.498
0.498
0.498
0.498
0.498
0.499
0.499
0.499
0.499
0.499
0.499
0.499
0.499
0.499
0.500
0.500
0.500
0.500
0.500
0.500
0.500
0.500
0.500
0.500
0.500
0.501
0.501
0.501
0.501
0.501
0.501
0.500
0.501
0.501
0.501
0.501
0.501
0.501
0.501
0.501
0.501
0.502
0.502
0.502
0.501
0.501
0.501
0.501
0.501
0.500
0.501
0.501
0.501
0.501
0.501
0.501
0.501
0.502
0.502
0.502
0.502
0.503
0.503
0.503
0.503
0.503
0.504
0.504
0.504
0.505
0.505
0.505
0.505
0.505
0.505
0.506
0.506
0.506
0.505
0.505
0.505
0.505
0.505
0.504
0.504
0.504
0.505
0.505
0.505
0.505
0.505
0.505
0.506
0.506
0.506
0.506
0.507
0.507
0.507
0.507
0.507
0.507
0.507
0.507
0.507
0.507
0.507
0.507
0.507
0.507
0.507
0.508
0.508
0.508
0.508
0.508
0.509
0.509
0.509
0.508
0.509
0.509
0.509
0.509
0.509
0.509
0.509
0.509
0.509
0.510
0.510
0.510
0.510
0.510
0.511
0.511
0.511
0.512
0.512
0.513
0.513
0.513
0.513
0.513
0.513
0.513
0.514
0.514
0.514
0.514
0.514
0.514
0.515
0.515
0.515
0.515
0.515
0.516
0.516
0.516
0.516
0.516
0.516
0.516
0.516
0.517
0.517
0.517
0.517
0.517
0.518
0.518
0.518
0.518
0.518
0.518
0.519
0.519
0.519
0.519
0.519
0.519
0.520
0.520
0.520
0.520
0.520
0.520
0.520
0.520
0.520
0.520
0.520
0.520
0.520
0.520
0.520
0.520
0.520
0.520
0.520
0.520
0.520
0.521
0.521
0.521
0.521
0.521
0.522
0.522
0.522
0.522
0.522
0.522
0.522
0.522
0.522
0.522
0.523
0.523
0.523
0.523
0.523
0.523
0.523
0.523
0.523
0.523
0.523
0.523
0.523
0.524
0.524
0.524
0.524
0.524
0.524
0.524
0.524
0.525
0.525
0.525
0.525
0.525
0.525
0.525
0.525
0.525
0.526
0.526
0.526
0.526
0.526
0.526
0.526
0.526
0.526
0.526
0.526
0.526
0.527
0.527
0.527
0.527
0.527
0.527
0.527
0.527
0.528
0.527
0.527
0.528
0.528
0.528
0.528
0.528
0.527
0.528
0.528
0.528
0.528
0.528
0.528
0.528
0.528
0.528
0.529
0.529
0.529
0.529
0.529
0.529
0.529
0.530
0.529
0.530
0.530
0.530
0.530
0.530
0.530
0.530
0.530
0.530
0.530
0.530
0.530
0.530
0.530
0.530
0.530
0.531
0.531
0.531
0.531
0.531
0.531
0.531
0.532
0.532
0.532
0.531
0.532
0.532
0.532
0.532
0.532
0.532
0.532
0.532
0.532
0.532
0.532
0.532
0.532
0.532
0.532
0.532
0.532
0.532
0.532
0.532
0.532
0.532
0.532
0.532
0.533
0.533
0.533
0.533
0.533
0.533
0.533
0.533
0.534
0.534
0.534
0.534
0.534
0.534
0.533
0.533
0.533
0.534
0.534
0.534
0.534
0.534
0.534
0.534
0.534
0.535
0.535
0.535
0.535
0.535
0.535
0.535
0.535
0.535
0.535
0.535
0.535
0.535
0.535
0.536
0.536
0.536
0.536
0.536
0.536
0.536
0.536
0.535
0.535
0.535
0.536
0.536
0.536
0.536
0.536
0.537
0.537
0.537
0.537
0.536
0.537
0.536
0.536
0.536
0.536
0.536
0.536
0.536
0.537
0.537
0.537
0.537
0.537
0.537
0.538
0.538
0.538
0.538
0.538
0.538
0.538
0.538
0.538
0.538
0.538
0.538
0.538
0.538
0.538
0.538
0.538
0.538
0.538
0.538
0.538
0.538
0.538
0.538
0.538
0.538
0.539
0.539
0.539
0.539
0.539
0.539
0.539
0.539
0.539
0.539
0.539
0.539
0.539
0.539
0.539
0.539
0.539
0.539
0.539
0.539
0.539
0.539
0.539
0.539
0.539
0.539
0.539
0.539
0.539
0.539
0.539
0.539
0.539
0.540
0.540
0.540
0.540
0.540
0.540
0.540
0.540
0.540
0.540
0.540
0.540
0.540
0.541
0.541
0.540
0.540
0.540
0.540
0.540
0.540
0.540
0.540
0.540
0.540
0.540
0.540
0.541
0.541
0.541
0.541
0.541
0.541
0.541
0.541
0.541
0.541
0.541
0.541
0.541
0.541
0.541
0.541
0.541
0.541
0.541
0.541
0.541
0.541
0.541
0.541
0.541
0.541
0.541
0.541
0.541
0.541
0.541
0.541
0.541
0.542
0.542
0.542
0.542
0.542
0.542
0.542
0.542
0.542
0.542
0.542
0.542
0.542
0.542
0.542
0.542
0.543
0.543
0.543
0.543
0.543
0.542
0.542
0.543
0.543
0.542
0.543
0.543
0.542
0.542
0.542
0.543
0.543
0.543
0.543
0.543
0.543
0.543
0.543
0.543
0.543
0.543
0.543
0.543
0.543
0.543
0.543
0.543
0.543
0.543
0.543
0.543
0.543
0.543
0.543
0.543
0.543
0.543
0.543
0.543
0.543
0.543
0.544
0.544
0.544
0.544
0.544
0.544
0.543
0.544
0.543
0.543
0.543
0.544
0.544
0.544
0.544
0.544
0.544
0.544
0.544
0.544
0.544
0.544
0.544
0.544
0.544
0.544
0.545
0.545
0.545
0.544
0.545
0.545
0.545
0.545
0.545
0.545
0.545
0.545
0.545
0.545
0.545
0.545
0.545
0.545
0.545
0.545
0.545
0.545
0.545
0.546
0.546
0.546
0.546
0.546
0.546
0.546
0.546
0.546
0.546
0.546
0.546
0.546
0.546
0.546
0.546
0.546
0.547
0.547
0.547
0.547
0.547
0.547
0.547
0.547
0.547
0.547
0.547
0.546
0.547
0.547
0.547
0.547
0.547
0.547
0.547
0.547
0.547
0.547
0.547
0.547
0.547
0.547
0.547
0.547
0.547
0.547
0.547
0.547
0.547
0.547
0.547
0.547
0.547
0.547
0.547
0.547
0.547
0.547
0.547
0.547
0.547
0.547
0.547
0.547
0.547
0.547
0.548
0.548
0.548
0.548
0.548
0.548
0.548
0.548
0.548
0.548
0.548
0.548
0.548
0.548
0.548
0.548
0.548
0.548
0.548
0.548
0.548
0.548
0.548
0.548
0.548
0.548
0.549
0.549
0.549
0.549
0.549
0.549
0.549
0.549
0.549
0.549
0.549
0.549
0.549
0.549
0.549
0.549
0.549
0.549
0.549
0.549
0.549
0.550
0.549
0.549
0.550
0.550
0.550
0.550
0.550
0.550
0.550
0.549
0.550
0.550
0.550
0.550
0.549
0.549
0.549
0.549
0.549
0.549
0.549
0.549
0.549
0.549
0.549
0.549
0.549
0.549
0.549
0.549
0.549
0.549
0.549
0.549
0.549
0.549
0.549
0.549
0.549
0.549
0.549
0.549
0.549
0.549
0.549
0.549
0.549
0.549
0.549
0.549
0.549
0.549
0.549
0.549
0.549
0.549
0.549
0.549
0.549
0.549
0.549
0.549
0.549
0.549
0.549
0.549
0.549
0.549
0.549
0.549
0.549
0.549
0.549
0.549
0.549
0.549
0.549
0.549
0.549
0.549
0.549
0.549
0.549
0.549
0.549
0.549
0.549
0.549
0.549
0.549
0.549
0.549
0.549
0.549
0.549
0.549
0.549
0.549
0.549
0.549
0.549
0.549
0.549
0.549
0.549
0.549
0.549
0.549
0.549
0.549
0.549
0.549
0.549
0.549
0.549
0.549
0.549
0.549
0.549
0.549
0.549
0.549
0.549
0.549
0.549
0.549
0.549
0.549
0.549
0.549
0.549
0.549
0.549
0.549
0.548
0.548
0.548
0.548
0.548
0.548
0.548
0.548
0.548
0.548
0.548
0.548
0.548
0.548
0.548
0.548
0.548
0.548
0.548
0.548
0.548
0.548
0.548
0.548
0.548
0.548
0.548
0.548
0.548
0.548
0.548
0.548
0.548
0.548
0.548
0.548
0.548
0.548
0.548
0.548
0.548
0.548
0.548
0.548
0.548
0.548
0.548
0.548
0.548
0.548
0.548
0.548
0.548
0.548
0.548
0.548
0.548
0.548
0.548
0.548
0.548
0.548
0.548
0.548
0.548
0.548
0.548
0.548
0.548
0.548
0.548
0.548
0.548
0.548
0.548
0.548
0.548
0.548
0.548
0.548
0.548
0.548
0.548
0.548
0.548
0.548
0.548
0.548
0.548
0.548
0.548
0.548
0.548
0.548
0.548
0.548
0.548
0.548
0.548
0.548
0.548
0.548
0.548
0.548
0.547
0.547
0.547
0.548
0.548
0.548
0.547
0.547
0.548
0.548
0.548
0.548
0.548
0.548
0.548
0.548
0.548
0.548
0.548
0.548
0.548
0.548
0.548
0.548
0.548
0.548
0.548
0.548
0.548
0.548
0.548
0.548
0.548
0.548
0.548
0.548
0.548
0.548
0.548
0.548
0.548
0.548
0.548
0.548
0.548
0.548
0.548
0.548
0.549
0.549
0.549
0.549
0.549
0.549
0.549
0.549
0.549
0.549
0.549
0.549
0.549
0.549
0.549
0.549
0.549
0.549
0.549
0.549
0.549
0.549
0.549
0.549
0.549
0.549
0.549
0.549
0.549
0.549
0.549
0.549
0.549
0.549
0.549
0.549
0.549
0.549
0.549
0.549
0.549
0.548
0.548
0.548
0.549
0.549
0.549
0.549
0.549
0.549
0.549
0.549
0.549
0.549
0.549
0.549
0.549
0.549
0.549
0.549
0.549
0.549
0.549
0.549
0.549
0.549
0.549
0.549
0.549
0.549
0.549
0.549
0.549
0.549
0.549
0.549
0.549
0.549
0.549
0.549
0.549
0.549
0.549
0.549
0.549
0.549
0.549
0.549
0.549
0.549
0.549
0.549
0.549
0.549
0.549
0.549
0.549
0.549
0.549
0.549
0.549
0.549
0.549
0.549
0.549
0.549
0.549
0.549
0.549
0.549
0.549
0.549
0.549
0.549
0.549
0.549
0.549
0.549
0.549
0.549
0.549
0.549
0.549
0.549
0.549
0.549
0.549
0.549
0.549
0.549
0.549
0.549
0.549
0.549
0.549
0.549
0.549
0.549
0.549
0.549
0.549
0.549
0.549
0.549
0.549
0.549
0.549
0.549
0.549
0.549
0.549
0.549
0.549
0.549
0.549
0.549
0.549
0.549
0.549
0.549
0.549
0.549
0.549
0.549
0.549
0.549
0.549
0.548
0.548
0.548
0.548
0.548
0.548
0.548
0.548
0.548
0.548
0.548
0.548
0.548
0.548
0.548
0.548
0.548
0.548
0.548
0.548
0.548
0.548
0.547
0.547
0.547
0.547
0.547
0.547
0.547
0.547
0.547
0.547
0.547
0.547
0.547
0.547
0.547
0.547
0.547
0.547
0.547
0.547
0.547
0.547
0.547
0.547
0.547
0.547
0.547
0.547
0.547
0.546
0.546
0.546
0.546
0.546
0.546
0.546
0.546
0.546
0.546
0.546
0.546
0.546
0.546
0.546
0.546
0.546
0.546
0.546
0.546
0.546
0.546
0.546
0.546
0.546
0.545
0.545
0.545
0.545
0.545
0.545
0.545
0.545
0.545
0.545
0.545
0.545
0.545
0.545
0.545
0.545
0.545
0.545
0.545
0.545
0.545
0.545
0.545
0.545
0.545
0.545
0.544
0.544
0.544
0.544
0.544
0.544
0.544
0.544
0.544
0.544
0.544
0.544
0.544
0.544
0.544
0.544
0.544
0.544
0.544
0.544
0.544
0.544
0.544
0.544
0.544
0.543
0.543
0.543
0.543
0.543
0.543
0.543
0.543
0.543
0.543
0.543
0.543
0.543
0.543
0.543
0.543
0.543
0.543
0.543
0.543
0.543
0.543
0.542
0.542
0.542
0.542
0.542
0.542
0.542
0.542
0.542
0.542
0.542
0.542
0.542
0.542
0.542
0.542
0.541
0.541
0.541
0.541
0.541
0.541
0.541
0.541
0.541
0.541
0.541
0.541
0.541
0.541
0.541
0.541
0.541
0.541
0.540
0.540
0.540
0.540
0.540
0.540
0.540
0.540
0.540
0.540
0.540
0.540
0.540
0.540
0.540
0.540
0.539
0.539
0.539
0.539
0.539
0.539
0.539
0.539
0.539
0.539
0.539
0.539
0.539
0.539
0.539
0.539
0.539
0.539
0.539
0.539
0.539
0.539
0.539
0.539
0.539
0.539
0.538
0.538
0.538
0.538
0.538
0.538
0.538
0.538
0.538
0.538
0.538
0.538
0.538
0.538
0.538
0.538
0.538
0.538
0.538
0.538
0.538
0.538
0.538
0.537
0.537