Precisão média por imagem
0.446
0.433
0.487
0.571
0.594
0.633
0.664
0.685
0.702
0.701
0.695
0.707
0.714
0.719
0.730
0.734
0.736
0.736
0.741
0.742
0.735
0.728
0.720
0.715
0.709
0.704
0.698
0.693
0.688
0.683
0.680
0.675
0.676
0.671
0.668
0.668
0.669
0.669
0.664
0.664
0.661
0.657
0.661
0.659
0.661
0.659
0.663
0.663
0.661
0.659
0.656
0.653
0.649
0.646
0.642
0.638
0.635
0.633
0.637
0.641
0.644
0.647
0.644
0.642
0.641
0.639
0.639
0.639
0.638
0.637
0.637
0.636
0.634
0.632
0.631
0.628
0.626
0.625
0.624
0.621
0.619
0.623
0.625
0.625
0.627
0.629
0.632
0.634
0.636
0.635
0.634
0.634
0.635
0.637
0.637
0.639
0.641
0.643
0.645
0.645
0.644
0.644
0.644
0.644
0.646
0.645
0.647
0.648
0.650
0.650
0.650
0.651
0.651
0.652
0.653
0.653
0.654
0.655
0.654
0.652
0.652
0.651
0.653
0.654
0.653
0.651
0.650
0.649
0.648
0.647
0.646
0.645
0.644
0.645
0.645
0.644
0.642
0.641
0.641
0.640
0.641
0.640
0.640
0.641
0.641
0.640
0.640
0.639
0.639
0.638
0.638
0.639
0.640
0.641
0.641
0.640
0.640
0.639
0.639
0.640
0.640
0.641
0.641
0.639
0.638
0.638
0.637
0.636
0.637
0.635
0.634
0.634
0.634
0.635
0.634
0.635
0.635
0.633
0.633
0.632
0.631
0.631
0.630
0.630
0.630
0.629
0.629
0.628
0.628
0.627
0.626
0.626
0.626
0.625
0.624
0.624
0.624
0.624
0.624
0.624
0.624
0.623
0.623
0.623
0.623
0.623
0.623
0.623
0.623
0.623
0.623
0.621
0.622
0.623
0.624
0.625
0.625
0.626
0.626
0.626
0.625
0.625
0.624
0.624
0.624
0.624
0.623
0.622
0.622
0.621
0.621
0.621
0.621
0.621
0.621
0.621
0.621
0.621
0.620
0.620
0.620
0.621
0.622
0.621
0.622
0.623
0.623
0.623
0.623
0.623
0.624
0.624
0.623
0.624
0.624
0.624
0.623
0.623
0.623
0.623
0.624
0.625
0.624
0.625
0.626
0.626
0.627
0.626
0.627
0.628
0.628
0.628
0.627
0.627
0.627
0.627
0.628
0.629
0.629
0.630
0.631
0.632
0.632
0.632
0.632
0.631
0.631
0.630
0.630
0.629
0.629
0.629
0.629
0.629
0.628
0.628
0.628
0.628
0.629
0.629
0.630
0.631
0.631
0.630
0.630
0.629
0.629
0.629
0.628
0.628
0.628
0.628
0.628
0.627
0.627
0.627
0.627
0.627
0.628
0.629
0.630
0.630
0.631
0.632
0.633
0.633
0.633
0.633
0.633
0.634
0.634
0.634
0.633
0.633
0.633
0.634
0.634
0.634
0.635
0.635
0.635
0.635
0.635
0.634
0.634
0.634
0.634
0.634
0.635
0.635
0.635
0.635
0.635
0.635
0.634
0.634
0.634
0.635
0.635
0.635
0.635
0.634
0.634
0.634
0.634
0.634
0.633
0.633
0.633
0.632
0.633
0.634
0.634
0.635
0.635
0.635
0.636
0.637
0.637
0.637
0.636
0.636
0.637
0.637
0.637
0.637
0.638
0.638
0.639
0.639
0.639
0.640
0.639
0.640
0.640
0.640
0.640
0.640
0.639
0.639
0.639
0.638
0.638
0.638
0.638
0.639
0.639
0.638
0.638
0.638
0.638
0.638
0.637
0.638
0.638
0.638
0.638
0.637
0.637
0.636
0.636
0.636
0.636
0.635
0.635
0.635
0.636
0.636
0.636
0.636
0.636
0.636
0.635
0.636
0.636
0.637
0.637
0.637
0.637
0.638
0.638
0.639
0.639
0.639
0.639
0.640
0.640
0.640
0.640
0.640
0.640
0.639
0.639
0.638
0.638
0.637
0.638
0.638
0.638
0.638
0.637
0.636
0.636
0.636
0.636
0.636
0.636
0.635
0.635
0.636
0.635
0.635
0.635
0.635
0.634
0.634
0.634
0.634
0.634
0.634
0.633
0.633
0.633
0.633
0.633
0.633
0.632
0.632
0.632
0.632
0.631
0.631
0.632
0.632
0.632
0.632
0.632
0.632
0.632
0.632
0.632
0.632
0.632
0.631
0.632
0.632
0.632
0.632
0.632
0.632
0.632
0.632
0.632
0.631
0.631
0.632
0.632
0.633
0.633
0.632
0.632
0.632
0.632
0.632
0.631
0.631
0.631
0.632
0.631
0.631
0.631
0.631
0.631
0.631
0.631
0.632
0.632
0.632
0.632
0.631
0.632
0.632
0.632
0.632
0.633
0.633
0.633
0.633
0.632
0.632
0.632
0.632
0.632
0.632
0.632
0.631
0.631
0.631
0.631
0.630
0.630
0.630
0.630
0.631
0.631
0.631
0.631
0.631
0.630
0.630
0.630
0.630
0.630
0.630
0.630
0.630
0.630
0.630
0.630
0.630
0.630
0.629
0.629
0.629
0.629
0.629
0.628
0.628
0.628
0.629
0.629
0.629
0.629
0.630
0.630
0.630
0.630
0.629
0.629
0.629
0.629
0.629
0.628
0.629
0.629
0.629
0.629
0.629
0.629
0.629
0.629
0.629
0.628
0.628
0.628
0.628
0.628
0.628
0.628
0.628
0.628
0.629
0.629
0.629
0.629
0.629
0.630
0.630
0.630
0.630
0.630
0.629
0.629
0.630
0.630
0.630
0.629
0.630
0.630
0.630
0.630
0.630
0.630
0.630
0.630
0.630
0.630
0.630
0.630
0.630
0.630
0.630
0.630
0.630
0.630
0.630
0.630
0.630
0.630
0.629
0.629
0.629
0.630
0.629
0.629
0.629
0.629
0.629
0.630
0.629
0.629
0.629
0.629
0.629
0.629
0.629
0.629
0.628
0.628
0.628
0.628
0.628
0.628
0.628
0.628
0.628
0.628
0.628
0.628
0.627
0.627
0.627
0.627
0.627
0.628
0.627
0.628
0.628
0.628
0.628
0.628
0.628
0.628
0.627
0.627
0.627
0.627
0.627
0.628
0.627
0.627
0.627
0.627
0.627
0.628
0.628
0.627
0.628
0.628
0.628
0.628
0.628
0.629
0.629
0.629
0.629
0.629
0.629
0.629
0.629
0.629
0.629
0.628
0.628
0.628
0.628
0.628
0.628
0.628
0.628
0.628
0.628
0.627
0.627
0.627
0.627
0.627
0.627
0.627
0.627
0.627
0.627
0.627
0.627
0.627
0.628
0.628
0.627
0.627
0.627
0.627
0.627
0.627
0.627
0.626
0.626
0.626
0.626
0.626
0.626
0.626
0.625
0.625
0.625
0.625
0.625
0.625
0.625
0.625
0.625
0.625
0.625
0.625
0.625
0.624
0.625
0.625
0.625
0.625
0.624
0.624
0.624
0.624
0.624
0.625
0.625
0.625
0.625
0.625
0.625
0.625
0.625
0.625
0.626
0.626
0.626
0.626
0.626
0.626
0.626
0.626
0.626
0.626
0.625
0.625
0.625
0.625
0.624
0.624
0.624
0.625
0.624
0.624
0.625
0.625
0.625
0.625
0.625
0.624
0.624
0.624
0.624
0.624
0.624
0.624
0.624
0.624
0.625
0.625
0.624
0.624
0.624
0.624
0.624
0.624
0.624
0.624
0.624
0.623
0.623
0.623
0.623
0.623
0.623
0.624
0.624
0.623
0.624
0.624
0.624
0.624
0.624
0.624
0.624
0.624
0.624
0.625
0.625
0.625
0.625
0.625
0.625
0.625
0.625
0.625
0.625
0.625
0.625
0.624
0.624
0.624
0.624
0.624
0.624
0.624
0.623
0.623
0.623
0.623
0.623
0.623
0.622
0.622
0.622
0.622
0.622
0.622
0.622
0.622
0.622
0.622
0.622
0.622
0.622
0.622
0.622
0.622
0.622
0.622
0.622
0.622
0.621
0.621
0.621
0.621
0.622
0.622
0.622
0.622
0.622
0.622
0.622
0.622
0.622
0.622
0.622
0.622
0.622
0.622
0.622
0.622
0.622
0.621
0.621
0.621
0.621
0.621
0.621
0.621
0.621
0.621
0.621
0.621
0.621
0.621
0.621
0.621
0.621
0.621
0.621
0.621
0.621
0.620
0.620
0.620
0.620
0.620
0.620
0.620
0.620
0.620
0.620
0.620
0.620
0.620
0.619
0.619
0.619
0.619
0.619
0.619
0.619
0.618
0.618
0.618
0.619
0.619
0.619
0.619
0.619
0.619
0.619
0.619
0.619
0.620
0.620
0.620
0.620
0.620
0.619
0.619
0.619
0.619
0.619
0.619
0.619
0.619
0.620
0.620
0.620
0.620
0.620
0.620
0.620
0.620
0.620
0.620
0.620
0.620
0.619
0.619
0.619
0.620
0.619
0.619
0.619
0.620
0.619
0.619
0.619
0.619
0.619
0.619
0.619
0.619
0.619
0.619
0.619
0.619
0.619
0.619
0.618
0.618
0.618
0.618
0.618
0.618
0.618
0.618
0.618
0.618
0.619
0.619
0.619
0.619
0.619
0.619
0.619
0.619
0.619
0.619
0.619
0.619
0.619
0.619
0.619
0.619
0.619
0.618
0.618
0.618
0.618
0.618
0.618
0.618
0.618
0.618
0.618
0.618
0.618
0.618
0.618
0.618
0.618
0.618
0.618
0.618
0.618
0.618
0.618
0.618
0.619
0.619
0.618
0.618
0.618
0.618
0.618
0.618
0.618
0.618
0.618
0.618
0.618
0.618
0.619
0.619
0.619
0.619
0.619
0.619
0.619
0.619
0.619
0.619
0.619
0.619
0.619
0.619
0.619
0.618
0.619
0.619
0.618
0.618
0.619
0.619
0.619
0.619
0.619
0.619
0.619
0.619
0.619
0.619
0.620
0.620
0.620
0.620
0.620
0.620
0.620
0.621
0.621
0.621
0.621
0.621
0.622
0.622
0.622
0.622
0.622
0.622
0.623
0.623
0.623
0.623
0.623
0.623
0.623
0.623
0.623
0.623
0.623
0.623
0.623
0.623
0.623
0.623
0.623
0.623
0.622
0.622
0.622
0.622
0.623
0.623
0.623
0.623
0.623
0.623
0.623
0.623
0.623
0.623
0.623
0.623
0.623
0.623
0.623
0.623
0.623
0.623
0.623
0.623
0.623
0.623
0.623
0.623
0.623
0.623
0.623
0.623
0.623
0.623
0.623
0.623
0.623
0.623
0.622
0.622
0.622
0.622
0.622
0.622
0.622
0.622
0.622
0.622
0.622
0.622
0.622
0.622
0.622
0.622
0.622
0.622
0.622
0.622
0.622
0.622
0.622
0.622
0.622
0.622
0.622
0.622
0.622
0.622
0.622
0.622
0.622
0.621
0.621
0.621
0.621
0.621
0.621
0.621
0.621
0.621
0.621
0.621
0.621
0.621
0.621
0.621
0.621
0.621
0.621
0.620
0.620
0.620
0.620
0.620
0.620
0.620
0.620
0.620
0.620
0.620
0.620
0.620
0.620
0.620
0.620
0.620
0.621
0.621
0.621
0.621
0.621
0.621
0.621
0.621
0.621
0.621
0.621
0.621
0.621
0.621
0.621
0.621
0.621
0.621
0.621
0.621
0.621
0.621
0.621
0.621
0.621
0.621
0.621
0.621
0.621
0.621
0.621
0.621
0.621
0.621
0.621
0.621
0.621
0.622
0.622
0.622
0.622
0.622
0.621
0.621
0.621
0.621
0.621
0.621
0.621
0.621
0.621
0.621
0.621
0.621
0.621
0.621
0.621
0.621
0.620
0.621
0.621
0.621
0.621
0.621
0.621
0.621
0.621
0.621
0.621
0.622
0.622
0.622
0.621
0.621
0.621
0.621
0.621
0.621
0.621
0.621
0.621
0.621
0.621
0.621
0.621
0.621
0.621
0.621
0.621
0.621
0.621
0.621
0.622
0.622
0.622
0.622
0.622
0.622
0.621
0.621
0.621
0.622
0.622
0.621
0.621
0.621
0.621
0.621
0.621
0.621
0.621
0.621
0.621
0.621
0.621
0.621
0.621
0.621
0.621
0.621
0.621
0.621
0.621
0.621
0.621
0.621
0.621
0.621
0.621
0.621
0.621
0.621
0.621
0.621
0.621
0.621
0.621
0.621
0.621
0.621
0.621
0.621
0.621
0.622
0.622
0.622
0.622
0.622
0.622
0.623
0.623
0.623
0.623
0.623
0.623
0.623
0.623
0.623
0.623
0.622
0.622
0.622
0.622
0.622
0.622
0.622
0.622
0.622
0.622
0.622
0.622
0.623
0.623
0.623
0.623
0.623
0.623
0.623
0.623
0.623
0.623
0.623
0.623
0.623
0.623
0.623
0.623
0.623
0.623
0.623
0.623
0.623
0.623
0.623
0.623
0.623
0.623
0.623
0.623
0.623
0.622
0.622
0.622
0.622
0.622
0.622
0.622
0.622
0.622
0.622
0.621
0.622
0.622
0.621
0.621
0.621
0.621
0.621
0.621
0.621
0.621
0.621
0.621
0.621
0.621
0.621
0.621
0.621
0.620
0.620
0.620
0.620
0.620
0.620
0.620
0.620
0.620
0.620
0.620
0.620
0.620
0.620
0.620
0.620
0.619
0.619
0.619
0.619
0.619
0.619
0.619
0.619
0.619
0.619
0.619
0.619
0.618
0.618
0.618
0.618
0.618
0.618
0.618
0.618
0.618
0.618
0.618
0.618
0.618
0.618
0.618
0.618
0.618
0.617
0.617
0.617
0.617
0.617
0.617