Precisão média por imagem
0.375
0.415
0.403
0.393
0.388
0.403
0.423
0.437
0.445
0.454
0.462
0.470
0.473
0.477
0.493
0.493
0.495
0.481
0.481
0.486
0.496
0.493
0.487
0.486
0.487
0.489
0.484
0.478
0.474
0.478
0.479
0.476
0.475
0.474
0.470
0.467
0.466
0.464
0.462
0.461
0.459
0.457
0.462
0.457
0.457
0.451
0.452
0.449
0.450
0.452
0.452
0.447
0.443
0.440
0.437
0.433
0.431
0.429
0.434
0.436
0.439
0.440
0.441
0.441
0.442
0.441
0.439
0.437
0.440
0.441
0.440
0.440
0.437
0.434
0.433
0.435
0.434
0.436
0.439
0.437
0.435
0.433
0.432
0.432
0.432
0.433
0.433
0.433
0.433
0.433
0.433
0.432
0.432
0.432
0.433
0.436
0.438
0.440
0.442
0.442
0.441
0.439
0.441
0.442
0.445
0.444
0.446
0.447
0.449
0.450
0.452
0.453
0.453
0.451
0.451
0.450
0.453
0.454
0.452
0.450
0.450
0.450
0.449
0.448
0.448
0.447
0.446
0.445
0.446
0.445
0.444
0.444
0.445
0.445
0.445
0.445
0.443
0.442
0.441
0.441
0.440
0.441
0.440
0.439
0.439
0.439
0.440
0.438
0.439
0.439
0.438
0.438
0.437
0.437
0.437
0.437
0.436
0.436
0.437
0.436
0.436
0.435
0.434
0.433
0.434
0.435
0.436
0.436
0.435
0.435
0.434
0.433
0.433
0.432
0.431
0.431
0.430
0.429
0.429
0.429
0.430
0.430
0.430
0.430
0.430
0.430
0.431
0.431
0.431
0.430
0.430
0.430
0.429
0.429
0.428
0.428
0.428
0.428
0.427
0.427
0.427
0.426
0.427
0.426
0.426
0.426
0.426
0.426
0.425
0.425
0.424
0.423
0.423
0.422
0.422
0.421
0.421
0.420
0.420
0.420
0.419
0.418
0.418
0.418
0.418
0.418
0.418
0.417
0.417
0.417
0.416
0.416
0.416
0.416
0.416
0.416
0.416
0.416
0.416
0.417
0.417
0.416
0.416
0.416
0.416
0.416
0.415
0.416
0.416
0.415
0.415
0.415
0.415
0.415
0.415
0.415
0.415
0.415
0.415
0.415
0.416
0.416
0.416
0.417
0.417
0.417
0.417
0.417
0.417
0.418
0.417
0.417
0.417
0.417
0.416
0.416
0.416
0.416
0.416
0.415
0.415
0.415
0.414
0.414
0.413
0.413
0.413
0.413
0.412
0.412
0.412
0.412
0.411
0.411
0.411
0.412
0.412
0.412
0.412
0.412
0.413
0.413
0.413
0.414
0.413
0.413
0.413
0.413
0.413
0.413
0.413
0.412
0.411
0.411
0.410
0.410
0.410
0.409
0.410
0.410
0.411
0.412
0.412
0.413
0.414
0.414
0.414
0.414
0.414
0.414
0.414
0.414
0.414
0.414
0.414
0.414
0.414
0.413
0.413
0.413
0.413
0.413
0.414
0.414
0.413
0.413
0.413
0.413
0.414
0.414
0.413
0.414
0.414
0.413
0.413
0.413
0.413
0.413
0.413
0.413
0.413
0.413
0.414
0.413
0.413
0.413
0.414
0.413
0.413
0.413
0.415
0.415
0.415
0.416
0.416
0.417
0.418
0.418
0.419
0.418
0.418
0.418
0.418
0.419
0.418
0.418
0.418
0.419
0.419
0.418
0.419
0.419
0.419
0.420
0.420
0.420
0.420
0.420
0.420
0.420
0.420
0.419
0.420
0.421
0.420
0.420
0.421
0.420
0.420
0.419
0.419
0.420
0.420
0.420
0.419
0.419
0.419
0.419
0.419
0.419
0.419
0.419
0.420
0.419
0.419
0.419
0.419
0.419
0.419
0.419
0.419
0.419
0.419
0.419
0.420
0.421
0.421
0.421
0.421
0.421
0.421
0.421
0.421
0.422
0.422
0.422
0.422
0.422
0.422
0.422
0.422
0.421
0.421
0.420
0.420
0.419
0.419
0.419
0.419
0.420
0.419
0.419
0.419
0.419
0.418
0.418
0.418
0.418
0.418
0.418
0.418
0.418
0.418
0.418
0.418
0.418
0.418
0.417
0.417
0.417
0.417
0.417
0.417
0.417
0.417
0.417
0.417
0.417
0.417
0.417
0.417
0.417
0.418
0.418
0.417
0.417
0.417
0.417
0.417
0.417
0.417
0.417
0.417
0.417
0.417
0.416
0.416
0.415
0.416
0.415
0.416
0.416
0.416
0.415
0.415
0.415
0.414
0.414
0.414
0.414
0.414
0.414
0.414
0.414
0.414
0.414
0.414
0.414
0.414
0.413
0.413
0.414
0.414
0.413
0.413
0.413
0.413
0.413
0.413
0.413
0.413
0.413
0.413
0.413
0.414
0.414
0.414
0.414
0.414
0.414
0.414
0.414
0.414
0.414
0.414
0.413
0.413
0.413
0.413
0.413
0.413
0.413
0.413
0.413
0.412
0.412
0.412
0.411
0.411
0.411
0.411
0.412
0.412
0.411
0.411
0.411
0.411
0.411
0.411
0.411
0.411
0.411
0.411
0.411
0.411
0.411
0.411
0.411
0.411
0.411
0.411
0.411
0.412
0.412
0.412
0.412
0.412
0.412
0.411
0.411
0.411
0.411
0.411
0.411
0.411
0.411
0.411
0.411
0.411
0.411
0.411
0.411
0.412
0.412
0.412
0.412
0.411
0.411
0.411
0.411
0.411
0.412
0.412
0.411
0.411
0.411
0.412
0.412
0.412
0.412
0.412
0.412
0.412
0.412
0.412
0.412
0.412
0.412
0.412
0.412
0.412
0.412
0.412
0.412
0.412
0.412
0.412
0.412
0.412
0.412
0.412
0.412
0.412
0.412
0.412
0.412
0.412
0.412
0.412
0.412
0.412
0.412
0.412
0.412
0.412
0.411
0.411
0.411
0.411
0.411
0.411
0.411
0.411
0.411
0.411
0.411
0.411
0.411
0.411
0.411
0.411
0.411
0.411
0.411
0.410
0.410
0.410
0.410
0.411
0.411
0.411
0.411
0.411
0.411
0.411
0.411
0.411
0.411
0.411
0.410
0.410
0.410
0.410
0.410
0.410
0.410
0.410
0.410
0.410
0.410
0.410
0.410
0.410
0.410
0.409
0.409
0.409
0.409
0.409
0.409
0.409
0.409
0.410
0.410
0.410
0.410
0.410
0.409
0.410
0.410
0.410
0.410
0.410
0.410
0.410
0.410
0.410
0.410
0.410
0.410
0.410
0.410
0.410
0.410
0.410
0.410
0.410
0.410
0.410
0.410
0.410
0.410
0.410
0.410
0.410
0.410
0.409
0.409
0.409
0.409
0.409
0.409
0.409
0.409
0.409
0.409
0.409
0.409
0.410
0.410
0.410
0.410
0.410
0.410
0.410
0.410
0.410
0.410
0.410
0.410
0.410
0.410
0.410
0.410
0.410
0.410
0.410
0.410
0.410
0.410
0.410
0.410
0.410
0.410
0.410
0.410
0.410
0.410
0.410
0.410
0.410
0.410
0.410
0.410
0.410
0.410
0.409
0.409
0.409
0.409
0.409
0.409
0.409
0.409
0.409
0.409
0.408
0.408
0.408
0.408
0.409
0.409
0.409
0.409
0.409
0.409
0.409
0.409
0.409
0.409
0.409
0.409
0.409
0.409
0.409
0.409
0.409
0.409
0.409
0.410
0.410
0.410
0.410
0.410
0.410
0.410
0.410
0.409
0.410
0.410
0.410
0.410
0.410
0.410
0.410
0.409
0.409
0.409
0.409
0.409
0.409
0.409
0.409
0.409
0.409
0.409
0.409
0.409
0.409
0.409
0.410
0.410
0.409
0.409
0.409
0.410
0.410
0.409
0.409
0.409
0.409
0.409
0.409
0.409
0.409
0.409
0.409
0.408
0.408
0.408
0.408
0.408
0.408
0.408
0.408
0.408
0.408
0.408
0.408
0.408
0.408
0.408
0.408
0.408
0.408
0.408
0.408
0.408
0.408
0.408
0.408
0.408
0.408
0.408
0.408
0.408
0.409
0.409
0.409
0.409
0.409
0.409
0.409
0.409
0.409
0.410
0.410
0.410
0.409
0.410
0.410
0.410
0.409
0.409
0.409
0.410
0.409
0.409
0.409
0.409
0.409
0.409
0.409
0.409
0.409
0.409
0.409
0.409
0.408
0.409
0.409
0.408
0.408
0.408
0.408
0.408
0.408
0.408
0.408
0.408
0.408
0.409
0.409
0.408
0.409
0.408
0.408
0.408
0.408
0.408
0.408
0.408
0.408
0.408
0.408
0.408
0.408
0.408
0.408
0.408
0.408
0.408
0.408
0.408
0.407
0.407
0.407
0.407
0.407
0.408
0.407
0.407
0.407
0.408
0.408
0.408
0.407
0.407
0.407
0.407
0.407
0.407
0.407
0.407
0.407
0.407
0.407
0.407
0.407
0.407
0.407
0.407
0.407
0.407
0.407
0.407
0.407
0.407
0.407
0.407
0.407
0.407
0.407
0.407
0.407
0.407
0.407
0.407
0.407
0.407
0.407
0.407
0.407
0.407
0.407
0.407
0.406
0.407
0.407
0.407
0.408
0.408
0.408
0.409
0.409
0.409
0.409
0.410
0.410
0.410
0.410
0.410
0.410
0.410
0.410
0.410
0.410
0.410
0.410
0.410
0.410
0.410
0.410
0.410
0.410
0.410
0.410
0.410
0.410
0.410
0.410
0.410
0.410
0.410
0.410
0.410
0.410
0.410
0.410
0.410
0.410
0.409
0.410
0.410
0.410
0.409
0.409
0.409
0.409
0.409
0.409
0.409
0.409
0.409
0.409
0.409
0.409
0.409
0.409
0.409
0.408
0.408
0.408
0.408
0.408
0.408
0.408
0.408
0.408
0.408
0.408
0.408
0.408
0.408
0.408
0.408
0.408
0.408
0.408
0.407
0.407
0.407
0.408
0.408
0.408
0.408
0.408
0.409
0.409
0.409
0.409
0.409
0.410
0.410
0.410
0.410
0.410
0.410
0.410
0.410
0.411
0.411
0.411
0.411
0.411
0.411
0.411
0.411
0.411
0.411
0.411
0.412
0.412
0.412
0.412
0.412
0.412
0.412
0.412
0.411
0.411
0.411
0.411
0.411
0.411
0.411
0.411
0.411
0.412
0.412
0.411
0.411
0.411
0.411
0.412
0.412
0.412
0.412
0.412
0.412
0.412
0.412
0.412
0.412
0.412
0.412
0.412
0.412
0.412
0.412
0.412
0.412
0.412
0.412
0.412
0.412
0.412
0.412
0.412
0.412
0.412
0.412
0.412
0.412
0.412
0.412
0.412
0.412
0.412
0.412
0.411
0.411
0.411
0.411
0.411
0.411
0.411
0.411
0.411
0.411
0.411
0.411
0.411
0.411
0.411
0.411
0.411
0.411
0.411
0.411
0.410
0.410
0.410
0.410
0.410
0.410
0.410
0.410
0.410
0.410
0.410
0.410
0.410
0.410
0.410
0.410
0.410
0.410
0.410
0.410
0.410
0.410
0.410
0.410
0.410
0.410
0.410
0.410
0.410
0.410
0.410
0.410
0.410
0.411
0.411
0.411
0.411
0.411
0.411
0.411
0.411
0.411
0.411
0.411
0.411
0.411
0.411
0.411
0.411
0.411
0.411
0.411
0.411
0.411
0.411
0.411
0.410
0.410
0.410
0.410
0.410
0.410
0.410
0.410
0.410
0.410
0.410
0.410
0.410
0.410
0.410
0.410
0.411
0.411
0.411
0.411
0.411
0.411
0.411
0.411
0.411
0.411
0.411
0.411
0.411
0.411
0.411
0.411
0.411
0.411
0.411
0.411
0.411
0.411
0.411
0.411
0.411
0.411
0.411
0.411
0.411
0.411
0.411
0.411
0.411
0.411
0.411
0.411
0.411
0.411
0.411
0.411
0.411
0.411
0.411
0.411
0.411
0.411
0.411
0.411
0.411
0.411
0.411
0.411
0.411
0.411
0.411
0.411
0.412
0.412
0.412
0.412
0.412
0.411
0.411
0.411
0.411
0.411
0.411
0.412
0.411
0.411
0.411
0.411
0.411
0.411
0.411
0.412
0.411
0.411
0.411
0.411
0.412
0.411
0.411
0.411
0.411
0.411
0.411
0.411
0.411
0.411
0.411
0.411
0.411
0.411
0.411
0.411
0.411
0.411
0.411
0.410
0.410
0.410
0.410
0.410
0.411
0.411
0.411
0.411
0.411
0.412
0.412
0.412
0.412
0.412
0.413
0.413
0.413
0.413
0.413
0.413
0.413
0.413
0.413
0.413
0.413
0.413
0.413
0.413
0.413
0.413
0.413
0.413
0.413
0.413
0.413
0.413
0.413
0.413
0.413
0.413
0.413
0.413
0.413
0.413
0.413
0.413
0.413
0.413
0.413
0.413
0.413
0.413
0.413
0.413
0.414
0.414
0.413
0.413
0.413
0.413
0.413
0.413
0.413
0.413
0.413
0.413
0.413
0.413
0.413
0.413
0.413
0.413
0.412
0.413
0.413
0.413
0.413
0.412
0.413
0.412
0.412
0.412
0.412
0.412
0.412
0.412
0.412
0.412
0.412
0.412
0.412
0.412
0.412
0.412
0.412
0.411
0.411
0.411
0.411
0.411
0.411
0.411
0.412
0.412
0.412
0.412
0.412
0.412
0.412
0.412
0.412
0.412
0.412
0.412
0.412
0.412
0.412
0.412
0.412
0.412
0.412
0.412
0.412
0.412
0.412
0.412
0.412
0.412
0.412
0.412
0.412
0.412
0.412
0.412
0.412
0.412
0.412
0.412
0.412
0.412
0.412
0.412
0.412
0.412