0.574
0.555
0.518
0.510
0.512
0.504
0.489
0.490
0.495
0.503
0.508
0.501
0.492
0.484
0.480
0.476
0.476
0.472
0.467
0.465
0.462
0.458
0.459
0.460
0.455
0.449
0.445
0.446
0.443
0.442
0.437
0.434
0.441
0.446
0.443
0.439
0.438
0.442
0.438
0.448
0.456
0.453
0.451
0.448
0.446
0.444
0.443
0.442
0.442
0.441
0.440
0.444
0.448
0.446
0.446
0.448
0.457
0.457
0.455
0.452
0.452
0.451
0.453
0.451
0.449
0.454
0.453
0.451
0.450
0.448
0.453
0.455
0.453
0.458
0.460
0.459
0.457
0.455
0.454
0.453
0.452
0.453
0.452
0.452
0.451
0.450
0.453
0.457
0.456
0.454
0.454
0.456
0.457
0.456
0.455
0.454
0.452
0.450
0.449
0.449
0.448
0.446
0.445
0.444
0.442
0.441
0.441
0.443
0.443
0.443
0.441
0.441
0.440
0.440
0.440
0.440
0.440
0.441
0.441
0.444
0.446
0.445
0.448
0.449
0.448
0.447
0.446
0.446
0.446
0.445
0.445
0.445
0.443
0.443
0.446
0.445
0.445
0.444
0.445
0.447
0.447
0.450
0.451
0.455
0.456
0.454
0.453
0.456
0.458
0.458
0.458
0.457
0.457
0.457
0.457
0.456
0.455
0.455
0.455
0.455
0.455
0.455
0.455
0.456
0.456
0.455
0.455
0.454
0.455
0.457
0.458
0.460
0.459
0.459
0.458
0.458
0.457
0.457
0.458
0.458
0.457
0.457
0.456
0.456
0.455
0.455
0.454
0.453
0.453
0.453
0.454
0.456
0.457
0.456
0.455
0.455
0.454
0.454
0.455
0.457
0.456
0.456
0.455
0.455
0.454
0.453
0.455
0.455
0.454
0.455
0.456
0.455
0.455
0.455
0.454
0.454
0.453
0.454
0.454
0.453
0.453
0.453
0.454
0.453
0.453
0.453
0.452
0.452
0.452
0.452
0.453
0.452
0.451
0.452
0.453
0.453
0.453
0.453
0.452
0.452
0.452
0.453
0.455
0.456
0.456
0.456
0.457
0.458
0.459
0.459
0.460
0.460
0.461
0.461
0.461
0.461
0.461
0.461
0.462
0.463
0.464
0.463
0.464
0.464
0.464
0.465
0.465
0.465
0.465
0.465
0.466
0.466
0.466
0.465
0.466
0.466
0.466
0.465
0.466
0.466
0.466
0.466
0.467
0.467
0.468
0.468
0.468
0.467
0.468
0.468
0.468
0.468
0.468
0.468
0.468
0.469
0.469
0.470
0.470
0.470
0.470
0.471
0.471
0.470
0.470
0.470
0.470
0.469
0.469
0.469
0.470
0.470
0.471
0.471
0.471
0.472
0.471
0.471
0.471
0.471
0.471
0.470
0.470
0.470
0.470
0.470
0.470
0.470
0.470
0.471
0.471
0.471
0.471
0.471
0.471
0.470
0.471
0.471
0.470
0.470
0.471
0.471
0.471
0.471
0.472
0.471
0.471
0.471
0.470
0.470
0.470
0.470
0.471
0.471
0.472
0.472
0.472
0.472
0.472
0.472
0.472
0.473
0.473
0.472
0.472
0.472
0.472
0.473
0.473
0.474
0.473
0.473
0.473
0.473
0.473
0.473
0.473
0.473
0.474
0.475
0.475
0.475
0.474
0.474
0.474
0.475
0.475
0.475
0.475
0.475
0.474
0.474
0.473
0.474
0.474
0.475
0.475
0.476
0.476
0.477
0.477
0.477
0.478
0.478
0.478
0.478
0.478
0.478
0.478
0.480
0.480
0.480
0.479
0.479
0.480
0.480
0.480
0.480
0.479
0.480
0.481
0.480
0.480
0.480
0.480
0.480
0.479
0.479
0.479
0.480
0.480
0.480
0.481
0.481
0.482
0.482
0.483
0.483
0.484
0.483
0.483
0.483
0.483
0.483
0.483
0.484
0.484
0.484
0.484
0.484
0.484
0.484
0.484
0.484
0.484
0.485
0.485
0.485
0.485
0.484
0.484
0.485
0.485
0.485
0.486
0.485
0.485
0.485
0.485
0.485
0.485
0.486
0.486
0.487
0.487
0.487
0.487
0.488
0.488
0.488
0.488
0.487
0.487
0.487
0.487
0.487
0.487
0.487
0.487
0.487
0.487
0.487
0.487
0.487
0.487
0.487
0.488
0.488
0.488
0.488
0.489
0.489
0.489
0.489
0.489
0.489
0.489
0.489
0.489
0.489
0.489
0.489
0.489
0.489
0.489
0.489
0.489
0.489
0.489
0.489
0.489
0.489
0.489
0.489
0.490
0.490
0.490
0.491
0.491
0.491
0.491
0.491
0.491
0.492
0.493
0.493
0.493
0.493
0.493
0.492
0.492
0.492
0.493
0.493
0.493
0.493
0.493
0.493
0.494
0.494
0.494
0.494
0.494
0.494
0.494
0.495
0.495
0.495
0.495
0.496
0.496
0.496
0.496
0.496
0.496
0.497
0.496
0.496
0.496
0.496
0.496
0.496
0.496
0.496
0.497
0.497
0.498
0.498
0.499
0.500
0.500
0.500
0.501
0.501
0.501
0.500
0.500
0.500
0.500
0.501
0.502
0.501
0.502
0.503
0.504
0.504
0.504
0.505
0.505
0.505
0.504
0.504
0.504
0.504
0.504
0.503
0.504
0.504
0.504
0.504
0.504
0.504
0.504
0.505
0.505
0.506
0.506
0.505
0.506
0.507
0.507
0.507
0.508
0.508
0.509
0.509
0.510
0.511
0.510
0.511
0.511
0.512
0.512
0.512
0.512
0.512
0.511
0.511
0.511
0.511
0.511
0.511
0.512
0.512
0.512
0.513
0.514
0.514
0.514
0.514
0.515
0.515
0.515
0.515
0.514
0.514
0.515
0.515
0.514
0.514
0.515
0.515
0.515
0.516
0.516
0.515
0.516
0.516
0.517
0.516
0.517
0.517
0.517
0.517
0.517
0.517
0.518
0.518
0.518
0.518
0.518
0.518
0.518
0.518
0.519
0.519
0.519
0.520
0.519
0.520
0.520
0.520
0.520
0.521
0.521
0.522
0.522
0.522
0.522
0.523
0.523
0.524
0.524
0.524
0.524
0.524
0.525
0.525
0.526
0.526
0.526
0.527
0.527
0.528
0.529
0.530
0.529
0.529
0.530
0.530
0.530
0.531
0.532
0.531
0.531
0.531
0.532
0.532
0.533
0.533
0.533
0.533
0.533
0.534
0.534
0.534
0.534
0.534
0.534
0.535
0.535
0.535
0.536
0.536
0.536
0.536
0.536
0.536
0.535
0.535
0.535
0.535
0.535
0.535
0.534
0.535
0.535
0.535
0.536
0.536
0.536
0.537
0.537
0.537
0.537
0.537
0.537
0.537
0.538
0.538
0.538
0.538
0.538
0.538
0.539
0.539
0.540
0.540
0.540
0.541
0.541
0.542
0.542
0.542
0.542
0.542
0.542
0.542
0.542
0.543
0.543
0.543
0.543
0.543
0.544
0.544
0.544
0.545
0.545
0.545
0.545
0.545
0.546
0.546
0.546
0.546
0.546
0.547
0.547
0.547
0.547
0.547
0.547
0.547
0.547
0.547
0.547
0.548
0.547
0.547
0.548
0.548
0.548
0.548
0.548
0.548
0.548
0.548
0.549
0.548
0.548
0.548
0.548
0.548
0.549
0.549
0.549
0.549
0.549
0.549
0.550
0.550
0.550
0.550
0.551
0.551
0.552
0.552
0.552
0.552
0.552
0.553
0.554
0.553
0.554
0.554
0.554
0.554
0.554
0.554
0.554
0.554
0.555
0.555
0.555
0.555
0.555
0.556
0.555
0.555
0.555
0.555
0.556
0.556
0.556
0.556
0.556
0.556
0.556
0.556
0.556
0.557
0.556
0.556
0.557
0.556
0.556
0.556
0.556
0.557
0.557
0.557
0.557
0.557
0.558
0.558
0.558
0.558
0.558
0.559
0.559
0.559
0.559
0.560
0.560
0.560
0.561
0.560
0.560
0.560
0.561
0.561
0.561
0.561
0.561
0.561
0.561
0.560
0.561
0.561
0.561
0.561
0.561
0.562
0.562
0.562
0.562
0.562
0.562
0.562
0.562
0.562
0.562
0.562
0.562
0.563
0.563
0.562
0.563
0.563
0.563
0.563
0.563
0.563
0.563
0.563
0.563
0.563
0.564
0.563
0.563
0.563
0.563
0.563
0.564
0.564
0.565
0.565
0.566
0.566
0.566
0.566
0.566
0.566
0.566
0.566
0.566
0.566
0.566
0.566
0.566
0.566
0.567
0.567
0.567
0.567
0.568
0.568
0.568
0.568
0.568
0.568
0.568
0.569
0.568
0.569
0.569
0.569
0.569
0.569
0.569
0.569
0.568
0.568
0.569
0.569
0.569
0.569
0.569
0.569
0.570
0.570
0.570
0.571
0.571
0.571
0.571
0.571
0.571
0.572
0.572
0.572
0.572
0.572
0.572
0.572
0.572
0.572
0.572
0.572
0.572
0.572
0.572
0.572
0.572
0.573
0.573
0.573
0.573
0.573
0.573
0.573
0.574
0.573
0.573
0.574
0.574
0.574
0.574
0.575
0.575
0.575
0.575
0.575
0.575
0.576
0.576
0.575
0.576
0.576
0.576
0.575
0.575
0.575
0.575
0.575
0.575
0.575
0.575
0.575
0.575
0.575
0.575
0.575
0.575
0.576
0.576
0.575
0.575
0.575
0.575
0.575
0.575
0.575
0.575
0.575
0.575
0.576
0.576
0.576
0.576
0.575
0.575
0.575
0.576
0.575
0.575
0.575
0.575
0.575
0.575
0.575
0.576
0.576
0.576
0.576
0.576
0.576
0.577
0.577
0.577
0.577
0.577
0.577
0.577
0.577
0.577
0.577
0.577
0.577
0.577
0.577
0.578
0.578
0.578
0.577
0.577
0.577
0.577
0.577
0.577
0.577
0.577
0.577
0.577
0.577
0.577
0.577
0.577
0.578
0.578
0.578
0.578
0.577
0.577
0.577
0.577
0.578
0.578
0.578
0.578
0.578
0.578
0.578
0.578
0.578
0.578
0.578
0.578
0.578
0.578
0.579
0.579
0.579
0.579
0.579
0.579
0.579
0.579
0.579
0.580
0.579
0.579
0.580
0.580
0.580
0.580
0.579
0.580
0.579
0.579
0.579
0.580
0.580
0.580
0.580
0.580
0.580
0.581
0.581
0.581
0.581
0.581
0.581
0.581
0.581
0.581
0.581
0.582
0.582
0.582
0.582
0.582
0.582
0.582
0.582
0.582
0.582
0.582
0.582
0.582
0.583
0.583
0.583
0.583
0.583
0.583
0.583
0.583
0.584
0.584
0.584
0.584
0.584
0.584
0.584
0.585
0.585
0.585
0.585
0.585
0.585
0.585
0.585
0.585
0.585
0.585
0.585
0.585
0.586
0.586
0.586
0.586
0.586
0.586
0.586
0.587
0.587
0.587
0.587
0.587
0.587
0.587
0.587
0.587
0.587
0.587
0.587
0.587
0.587
0.588
0.588
0.588
0.588
0.588
0.588
0.588
0.588
0.588
0.588
0.587
0.588
0.587
0.587
0.587
0.588
0.588
0.588
0.588
0.588
0.588
0.588
0.588
0.588
0.588
0.589
0.589
0.589
0.589
0.589
0.589
0.589
0.589
0.589
0.589
0.589
0.589
0.589
0.589
0.589
0.589
0.590
0.590
0.590
0.590
0.590
0.590
0.590
0.590
0.590
0.590
0.590
0.590
0.591
0.590
0.590
0.590
0.591
0.591
0.591
0.591
0.591
0.591
0.591
0.591
0.591
0.591
0.591
0.591
0.591
0.591
0.591
0.591
0.591
0.591
0.592
0.592
0.591
0.592
0.591
0.591
0.592
0.592
0.591
0.591
0.591
0.591
0.591
0.591
0.591
0.591
0.591
0.591
0.591
0.591
0.591
0.591
0.591
0.591
0.591
0.591
0.591
0.591
0.591
0.591
0.591
0.591
0.591
0.591
0.591
0.591
0.591
0.591
0.591
0.591
0.591
0.591
0.591
0.591
0.591
0.591
0.591
0.591
0.591
0.591
0.591
0.591
0.591
0.591
0.591
0.591
0.591
0.591
0.591
0.591
0.591
0.591
0.591
0.590
0.591
0.591
0.590
0.591
0.591
0.591
0.591
0.591
0.591
0.591
0.591
0.591
0.591
0.591
0.591
0.591
0.591
0.591
0.591
0.591
0.591
0.592
0.592
0.592
0.592
0.592
0.592
0.592
0.592
0.592
0.592
0.591
0.592
0.592
0.591
0.592
0.592
0.592
0.592
0.592
0.591
0.591
0.591
0.591
0.591
0.591
0.591
0.591
0.591
0.591
0.591
0.591
0.591
0.591
0.591
0.591
0.591
0.591
0.591
0.591
0.591
0.591
0.591
0.591
0.590
0.590
0.590
0.590
0.590
0.590
0.590
0.590
0.590
0.590
0.590
0.590
0.590
0.589
0.589
0.589
0.589
0.589
0.589
0.589
0.589
0.589
0.589
0.589
0.589
0.589
0.589
0.589
0.589
0.589
0.589
0.589
0.589
0.588
0.588
0.588
0.588
0.588
0.588
0.588
0.588
0.588
0.588
0.588
0.588
0.588
0.588
0.588
0.588
0.588
0.588
0.588
0.588
0.588
0.588
0.588
0.588
0.588
0.588
0.588
0.588
0.588
0.588
0.588
0.588
0.588
0.588
0.588
0.588
0.588
0.588
0.588
0.588
0.588
0.588
0.588
0.588
0.587
0.587
0.587
0.587
0.587
0.587
0.587
0.587
0.587
0.587
0.587
0.587
0.587
0.587
0.587
0.587
0.587
0.587
0.587
0.587
0.587
0.587
0.587
0.587
0.587
0.587
0.587
0.587
0.587
0.587
0.587
0.587
0.587
0.587
0.587
0.586
0.587
0.587
0.587
0.587
0.587
0.587
0.587
0.587
0.587
0.587
0.587
0.587
0.587
0.587
0.587
0.587
0.587
0.587
0.587
0.587
0.587
0.587
0.587
0.587
0.586
0.586
0.586
0.586
0.586
0.586
0.586
0.586
0.586
0.586
0.586
0.586
0.586
0.586
0.586
0.586
0.586
0.586
0.586
0.586
0.586
0.586
0.586
0.586
0.586
0.586
0.586
0.586
0.586
0.586
0.586
0.586
0.585
0.585
0.585
0.585
0.586
0.586
0.586
0.586
0.586
0.586
0.586
0.586
0.586
0.585
0.585
0.585
0.585
0.585
0.585
0.585
0.585
0.585
0.585
0.585
0.585
0.585
0.585
0.585
0.585
0.585
0.585
0.585
0.585
0.585
0.585
0.584
0.585
0.585
0.585
0.585
0.584
0.585
0.585
0.585
0.585
0.585
0.584
0.584
0.584
0.584
0.584
0.584
0.584
0.584
0.584
0.584
0.584
0.584
0.584
0.584
0.584
0.584
0.584
0.584
0.584
0.584
0.584
0.584
0.584
0.584
0.584
0.584
0.584
0.584
0.584
0.584
0.584
0.584
0.584
0.584
0.584
0.584
0.584
0.584
0.584
0.584
0.584
0.584
0.584
0.584
0.584
0.583
0.583
0.583
0.583
0.583
0.583
0.583
0.583
0.583
0.583
0.583
0.583
0.583
0.583
0.583
0.583
0.583
0.583
0.583
0.583
0.583
0.583
0.583
0.583
0.583
0.583
0.583
0.583
0.583
0.583
0.583
0.583
0.583
0.583
0.583
0.583
0.583
0.583
0.583
0.583
0.583
0.583
0.583
0.583
0.583
0.583
0.583
0.583
0.583
0.583
0.583
0.583
0.583
0.582
0.582
0.582
0.582
0.582
0.582
0.582
0.582
0.582
0.582
0.582
0.582
0.582
0.582
0.582
0.582
0.582
0.582
0.582
0.582
0.582
0.582
0.582
0.582
0.582
0.582
0.582
0.582
0.582
0.582
0.582
0.582
0.582
0.582
0.582
0.582
0.582
0.582
0.582
0.582
0.582
0.582
0.582
0.582
0.582
0.582
0.582
0.582
0.582
0.582
0.582
0.582
0.582
0.582
0.582
0.582
0.582
0.582
0.582
0.582
0.582
0.582
0.582
0.582
0.581
0.581
0.581
0.582
0.581
0.581
0.581
0.581
0.581
0.581
0.581
0.581
0.581
0.581
0.581
0.581
0.581
0.581
0.581
0.581
0.581
0.581
0.581
0.581
0.581
0.581
0.581
0.581
0.581
0.581
0.581
0.581
0.581
0.581
0.581
0.581
0.581
0.581
0.581
0.581
0.581
0.581
0.581
0.581
0.581
0.581
0.581
0.581
0.581
0.581
0.581
0.581
0.581
0.581
0.581
0.581
0.581
0.581
0.581
0.581
0.581
0.581
0.581
0.581
0.581
0.581
0.581
0.581
0.581
0.581
0.581
0.581
0.581
0.581
0.581
0.581
0.581
0.581
0.581
0.581
0.581
0.581
0.581
0.581
0.581
0.580
0.580
0.580
0.580
0.580
0.580
0.580
0.580
0.580
0.580
0.580
0.580
0.580
0.580
0.579
0.579
0.579
0.579
0.579
0.579
0.579
0.579
0.579
0.579
0.579
0.579
0.579
0.578
0.578
0.578
0.578
0.578
0.578
0.578
0.578
0.578
0.578
0.578
0.578
0.578
0.578
0.578
0.577
0.577
0.577
0.577
0.577
0.577
0.577
0.577
0.577
0.577
0.577
0.577
0.577
0.577
0.576
0.576
0.576
0.576
0.576
0.576
0.576
0.576
0.576
0.576
0.576
0.576
0.576
0.576
0.576
0.576
0.576
0.576
0.576
0.576
0.576
0.576
0.576
0.576
0.576
0.576
0.576
0.576
0.576
0.576
0.576
0.576
0.576
0.576
0.576
0.576
0.576
0.575
0.575
0.575
0.575
0.575
0.575
0.575
0.575
0.575
0.575
0.575
0.575
0.575
0.575
0.575
0.575