Precisão média por imagem
0.621
0.551
0.508
0.501
0.507
0.499
0.502
0.496
0.508
0.508
0.519
0.528
0.532
0.539
0.535
0.527
0.529
0.532
0.529
0.530
0.525
0.520
0.516
0.512
0.514
0.514
0.517
0.515
0.519
0.522
0.523
0.519
0.516
0.513
0.511
0.508
0.506
0.506
0.507
0.506
0.506
0.509
0.509
0.507
0.510
0.512
0.514
0.516
0.518
0.520
0.520
0.518
0.516
0.515
0.517
0.519
0.522
0.522
0.524
0.524
0.525
0.526
0.526
0.526
0.527
0.527
0.525
0.524
0.522
0.521
0.520
0.518
0.520
0.521
0.520
0.520
0.519
0.519
0.519
0.520
0.521
0.522
0.523
0.525
0.526
0.526
0.527
0.528
0.528
0.529
0.529
0.530
0.530
0.531
0.531
0.532
0.531
0.530
0.530
0.531
0.532
0.532
0.533
0.534
0.534
0.536
0.535
0.535
0.534
0.533
0.534
0.534
0.533
0.533
0.532
0.533
0.532
0.531
0.530
0.530
0.530
0.531
0.532
0.532
0.532
0.532
0.533
0.534
0.533
0.532
0.531
0.532
0.532
0.534
0.533
0.533
0.532
0.533
0.533
0.533
0.532
0.532
0.531
0.531
0.530
0.530
0.530
0.530
0.529
0.529
0.529
0.530
0.530
0.531
0.531
0.531
0.531
0.532
0.531
0.530
0.531
0.530
0.531
0.531
0.532
0.532
0.531
0.531
0.531
0.532
0.531
0.530
0.530
0.530
0.530
0.531
0.531
0.531
0.531
0.530
0.530
0.530
0.530
0.530
0.529
0.529
0.528
0.529
0.529
0.529
0.529
0.528
0.528
0.527
0.528
0.528
0.528
0.528
0.529
0.529
0.529
0.530
0.530
0.531
0.531
0.531
0.531
0.531
0.531
0.530
0.530
0.529
0.530
0.530
0.530
0.530
0.531
0.531
0.530
0.530
0.530
0.530
0.530
0.530
0.530
0.530
0.530
0.530
0.531
0.531
0.531
0.531
0.532
0.532
0.532
0.532
0.533
0.533
0.533
0.533
0.534
0.533
0.533
0.533
0.533
0.533
0.533
0.533
0.532
0.532
0.532
0.532
0.532
0.532
0.532
0.533
0.532
0.532
0.533
0.533
0.533
0.533
0.533
0.532
0.532
0.532
0.532
0.532
0.532
0.532
0.532
0.531
0.531
0.531
0.531
0.531
0.532
0.532
0.532
0.532
0.531
0.531
0.531
0.531
0.531
0.531
0.531
0.531
0.531
0.531
0.531
0.531
0.531
0.531
0.531
0.531
0.531
0.531
0.531
0.531
0.531
0.532
0.532
0.532
0.532
0.532
0.532
0.532
0.532
0.532
0.531
0.531
0.531
0.531
0.531
0.531
0.531
0.531
0.531
0.530
0.531
0.531
0.530
0.531
0.530
0.530
0.530
0.530
0.531
0.530
0.530
0.530
0.531
0.531
0.531
0.531
0.531
0.531
0.531
0.531
0.531
0.531
0.531
0.531
0.532
0.532
0.532
0.532
0.532
0.533
0.533
0.533
0.533
0.533
0.533
0.533
0.533
0.533
0.533
0.533
0.533
0.534
0.534
0.534
0.534
0.534
0.535
0.534
0.534
0.534
0.534
0.534
0.534
0.534
0.534
0.535
0.535
0.535
0.535
0.535
0.535
0.535
0.535
0.534
0.534
0.534
0.534
0.534
0.534
0.534
0.534
0.534
0.534
0.534
0.534
0.534
0.534
0.534
0.534
0.533
0.533
0.533
0.533
0.533
0.533
0.533
0.533
0.532
0.532
0.532
0.531
0.531
0.531
0.531
0.531
0.531
0.531
0.531
0.531
0.531
0.531
0.531
0.531
0.531
0.530
0.530
0.530
0.530
0.530
0.530
0.530
0.530
0.530
0.530
0.530
0.531
0.531
0.531
0.531
0.531
0.531
0.531
0.531
0.531
0.531
0.531
0.531
0.530
0.531
0.531
0.530
0.530
0.530
0.530
0.530
0.530
0.530
0.530
0.530
0.530
0.530
0.530
0.530
0.530
0.531
0.531
0.531
0.531
0.530
0.530
0.530
0.530
0.531
0.531
0.531
0.531
0.531
0.531
0.531
0.531
0.531
0.531
0.531
0.531
0.531
0.531
0.531
0.531
0.531
0.531
0.531
0.531
0.531
0.532
0.531
0.531
0.531
0.532
0.532
0.532
0.532
0.531
0.531
0.531
0.531
0.531
0.531
0.531
0.531
0.531
0.531
0.531
0.531
0.531
0.530
0.530
0.530
0.530
0.530
0.530
0.530
0.530
0.530
0.530
0.531
0.530
0.530
0.530
0.530
0.530
0.530
0.530
0.530
0.530
0.531
0.531
0.531
0.531
0.531
0.531
0.531
0.530
0.530
0.530
0.531
0.531
0.531
0.530
0.531
0.531
0.531
0.531
0.531
0.531
0.531
0.531
0.531
0.531
0.531
0.531
0.531
0.531
0.531
0.531
0.531
0.531
0.531
0.531
0.531
0.531
0.531
0.531
0.531
0.530
0.530
0.530
0.530
0.530
0.530
0.530
0.530
0.530
0.530
0.530
0.530
0.530
0.530
0.530
0.531
0.531
0.531
0.531
0.531
0.531
0.530
0.530
0.530
0.530
0.530
0.530
0.530
0.529
0.529
0.529
0.529
0.529
0.529
0.530
0.530
0.529
0.529
0.529
0.529
0.529
0.529
0.529
0.529
0.529
0.529
0.529
0.529
0.528
0.528
0.528
0.528
0.528
0.528
0.528
0.528
0.528
0.528
0.528
0.528
0.527
0.527
0.527
0.527
0.527
0.527
0.527
0.526
0.526
0.526
0.526
0.526
0.526
0.526
0.526
0.526
0.527
0.526
0.527
0.526
0.526
0.526
0.526
0.526
0.526
0.526
0.526
0.526
0.526
0.526
0.526
0.526
0.526
0.527
0.526
0.526
0.526
0.526
0.526
0.526
0.527
0.527
0.526
0.526
0.526
0.527
0.527
0.527
0.527
0.527
0.526
0.526
0.526
0.526
0.527
0.527
0.527
0.527
0.527
0.527
0.527
0.527
0.526
0.526
0.527
0.526
0.526
0.526
0.526
0.526
0.526
0.527
0.526
0.526
0.526
0.526
0.526
0.526
0.526
0.526
0.526
0.526
0.526
0.526
0.527
0.527
0.527
0.527
0.527
0.527
0.527
0.527
0.527
0.527
0.527
0.527
0.527
0.527
0.527
0.527
0.527
0.527
0.527
0.527
0.527
0.527
0.527
0.526
0.527
0.526
0.526
0.527
0.526
0.526
0.526
0.526
0.526
0.526
0.526
0.526
0.526
0.525
0.525
0.525
0.525
0.525
0.525
0.525
0.525
0.525
0.525
0.525
0.525
0.526
0.526
0.526
0.526
0.526
0.526
0.526
0.526
0.526
0.526
0.526
0.526
0.526
0.526
0.526
0.526
0.526
0.526
0.526
0.526
0.526
0.526
0.526
0.526
0.526
0.526
0.526
0.526
0.526
0.526
0.526
0.526
0.527
0.527
0.526
0.526
0.526
0.527
0.527
0.527
0.527
0.526
0.526
0.526
0.527
0.527
0.526
0.526
0.527
0.527
0.526
0.526
0.526
0.526
0.527
0.527
0.527
0.527
0.527
0.527
0.527
0.527
0.527
0.527
0.527
0.527
0.527
0.527
0.527
0.527
0.527
0.527
0.527
0.527
0.527
0.527
0.527
0.527
0.527
0.527
0.527
0.527
0.527
0.527
0.527
0.527
0.527
0.527
0.527
0.526
0.527
0.526
0.526
0.526
0.526
0.526
0.526
0.526
0.526
0.526
0.526
0.526
0.526
0.526
0.526
0.526
0.526
0.526
0.526
0.526
0.526
0.526
0.526
0.526
0.526
0.526
0.526
0.526
0.526
0.526
0.526
0.527
0.527
0.527
0.527
0.527
0.527
0.527
0.527
0.527
0.527
0.527
0.527
0.527
0.527
0.527
0.527
0.527
0.527
0.527
0.527
0.528
0.528
0.528
0.527
0.528
0.528
0.528
0.528
0.528
0.527
0.527
0.527
0.527
0.527
0.527
0.527
0.527
0.527
0.527
0.527
0.527
0.528
0.527
0.527
0.527
0.527
0.528
0.528
0.528
0.528
0.528
0.527
0.527
0.527
0.527
0.527
0.527
0.527
0.527
0.527
0.527
0.527
0.527
0.527
0.527
0.527
0.527
0.527
0.527
0.527
0.527
0.527
0.527
0.527
0.527
0.527
0.526
0.527
0.527
0.527
0.526
0.526
0.526
0.527
0.527
0.527
0.527
0.527
0.527
0.527
0.527
0.527
0.527
0.527
0.527
0.527
0.527
0.526
0.527
0.527
0.527
0.527
0.527
0.527
0.527
0.527
0.527
0.527
0.527
0.527
0.527
0.526
0.526
0.527
0.527
0.527
0.527
0.526
0.526
0.526
0.527
0.526
0.526
0.526
0.526
0.526
0.526
0.526
0.526
0.526
0.526
0.526
0.526
0.526
0.526
0.526
0.526
0.526
0.526
0.526
0.526
0.526
0.526
0.526
0.526
0.526
0.526
0.526
0.526
0.526
0.526
0.526
0.526
0.526
0.526
0.526
0.526
0.526
0.526
0.526
0.526
0.526
0.526
0.526
0.526
0.526
0.526
0.526
0.526
0.526
0.526
0.526
0.526
0.526
0.526
0.525
0.526
0.526
0.526
0.526
0.526
0.526
0.526
0.526
0.525
0.525
0.526
0.526
0.526
0.526
0.526
0.526
0.526
0.526
0.526
0.526
0.526
0.526
0.526
0.526
0.526
0.526
0.526
0.526
0.526
0.526
0.526
0.526
0.526
0.526
0.526
0.526
0.526
0.526
0.526
0.525
0.525
0.525
0.525
0.525
0.526
0.526
0.526
0.526
0.526
0.526
0.526
0.526
0.526
0.526
0.526
0.526
0.526
0.526
0.526
0.526
0.526
0.526
0.526
0.526
0.526
0.526
0.526
0.526
0.526
0.526
0.526
0.526
0.526
0.526
0.526
0.526
0.526
0.526
0.526
0.526
0.526
0.526
0.526
0.526
0.526
0.526
0.526
0.526
0.526
0.526
0.526
0.526
0.526
0.525
0.526
0.526
0.526
0.526
0.526
0.526
0.526
0.526
0.526
0.526
0.526
0.525
0.525
0.525
0.525
0.525
0.525
0.525
0.525
0.525
0.525
0.525
0.525
0.525
0.525
0.525
0.525
0.525
0.525
0.525
0.525
0.525
0.525
0.525
0.525
0.525
0.525
0.525
0.525
0.525
0.525
0.526
0.526
0.526
0.526
0.526
0.526
0.526
0.526
0.526
0.526
0.526
0.526
0.526
0.526
0.526
0.526
0.526
0.526
0.526
0.526
0.526
0.526
0.526
0.526
0.526
0.526
0.526
0.526
0.526
0.526
0.526
0.526
0.526
0.526
0.526
0.526
0.526
0.526
0.526
0.526
0.526
0.526
0.526
0.526
0.526
0.526
0.526
0.526
0.526
0.526
0.526
0.526
0.526
0.526
0.526
0.526
0.526
0.526
0.526
0.526
0.526
0.526
0.526
0.526
0.526
0.526
0.526
0.526
0.526
0.526
0.526
0.526
0.526
0.526
0.526
0.526
0.526
0.526
0.526
0.526
0.526
0.526
0.526
0.526
0.526
0.526
0.526
0.526
0.526
0.526
0.526
0.526
0.526
0.526
0.526
0.526
0.526
0.526
0.526
0.526
0.526
0.526
0.526
0.526
0.526
0.526
0.526
0.526
0.526
0.526
0.526
0.526
0.526
0.526
0.526
0.526
0.526
0.526
0.525
0.526