Precisão média por imagem
0.431
0.424
0.493
0.513
0.588
0.646
0.691
0.726
0.755
0.777
0.793
0.806
0.817
0.827
0.826
0.828
0.823
0.829
0.831
0.835
0.840
0.843
0.831
0.826
0.821
0.818
0.810
0.800
0.790
0.783
0.775
0.768
0.759
0.753
0.746
0.743
0.741
0.741
0.738
0.739
0.731
0.725
0.731
0.728
0.724
0.729
0.727
0.720
0.715
0.711
0.708
0.706
0.700
0.693
0.688
0.682
0.676
0.671
0.676
0.679
0.683
0.687
0.684
0.681
0.681
0.680
0.680
0.680
0.678
0.676
0.676
0.676
0.672
0.669
0.672
0.670
0.668
0.667
0.666
0.662
0.659
0.660
0.660
0.659
0.659
0.657
0.657
0.655
0.658
0.658
0.657
0.657
0.656
0.660
0.662
0.664
0.667
0.670
0.673
0.675
0.677
0.679
0.682
0.684
0.684
0.685
0.687
0.689
0.692
0.694
0.696
0.697
0.698
0.700
0.701
0.703
0.705
0.707
0.704
0.701
0.701
0.701
0.701
0.701
0.699
0.697
0.695
0.693
0.692
0.689
0.688
0.686
0.683
0.684
0.684
0.682
0.680
0.678
0.677
0.676
0.676
0.676
0.676
0.676
0.676
0.676
0.677
0.675
0.674
0.673
0.674
0.674
0.673
0.673
0.673
0.673
0.672
0.672
0.671
0.671
0.670
0.671
0.671
0.669
0.668
0.667
0.667
0.667
0.668
0.667
0.666
0.666
0.665
0.665
0.666
0.667
0.667
0.666
0.666
0.666
0.666
0.666
0.665
0.666
0.665
0.664
0.664
0.664
0.665
0.663
0.662
0.662
0.663
0.663
0.662
0.661
0.661
0.662
0.662
0.662
0.663
0.661
0.661
0.661
0.662
0.662
0.662
0.662
0.662
0.662
0.661
0.660
0.661
0.661
0.662
0.662
0.662
0.663
0.662
0.661
0.660
0.659
0.659
0.659
0.658
0.659
0.659
0.658
0.658
0.657
0.656
0.656
0.655
0.656
0.656
0.656
0.656
0.657
0.656
0.655
0.656
0.657
0.657
0.658
0.657
0.657
0.657
0.656
0.655
0.656
0.657
0.656
0.656
0.656
0.656
0.655
0.655
0.656
0.656
0.656
0.657
0.658
0.657
0.657
0.656
0.656
0.657
0.658
0.659
0.658
0.659
0.658
0.657
0.656
0.656
0.656
0.657
0.657
0.657
0.658
0.658
0.658
0.658
0.659
0.660
0.659
0.659
0.659
0.658
0.657
0.656
0.656
0.656
0.656
0.655
0.655
0.655
0.655
0.656
0.657
0.657
0.658
0.658
0.657
0.657
0.656
0.656
0.656
0.656
0.656
0.656
0.655
0.654
0.653
0.652
0.652
0.651
0.651
0.652
0.653
0.654
0.655
0.655
0.656
0.657
0.658
0.658
0.658
0.659
0.659
0.660
0.660
0.659
0.659
0.659
0.660
0.660
0.661
0.660
0.661
0.661
0.661
0.661
0.661
0.661
0.661
0.662
0.663
0.663
0.664
0.664
0.665
0.665
0.665
0.664
0.664
0.663
0.662
0.662
0.662
0.662
0.662
0.662
0.661
0.660
0.660
0.660
0.659
0.659
0.659
0.660
0.661
0.662
0.662
0.663
0.663
0.664
0.665
0.666
0.665
0.665
0.665
0.666
0.666
0.666
0.666
0.667
0.667
0.667
0.667
0.668
0.667
0.668
0.668
0.669
0.669
0.669
0.669
0.669
0.668
0.668
0.667
0.668
0.668
0.669
0.669
0.670
0.669
0.668
0.669
0.669
0.669
0.669
0.669
0.670
0.670
0.670
0.670
0.669
0.668
0.668
0.667
0.667
0.666
0.666
0.667
0.667
0.667
0.667
0.667
0.667
0.666
0.666
0.667
0.667
0.668
0.668
0.668
0.668
0.669
0.669
0.670
0.670
0.670
0.671
0.671
0.671
0.672
0.672
0.672
0.672
0.671
0.671
0.670
0.669
0.669
0.669
0.668
0.668
0.669
0.668
0.668
0.668
0.668
0.668
0.668
0.668
0.668
0.668
0.668
0.668
0.668
0.668
0.668
0.668
0.668
0.668
0.667
0.667
0.666
0.666
0.666
0.666
0.666
0.666
0.666
0.666
0.665
0.665
0.665
0.664
0.664
0.665
0.665
0.665
0.666
0.665
0.665
0.665
0.665
0.665
0.664
0.664
0.664
0.664
0.664
0.664
0.665
0.665
0.665
0.665
0.665
0.665
0.665
0.664
0.665
0.665
0.665
0.665
0.665
0.665
0.665
0.664
0.664
0.664
0.663
0.663
0.663
0.663
0.663
0.663
0.663
0.663
0.663
0.663
0.663
0.663
0.663
0.663
0.663
0.663
0.663
0.663
0.663
0.664
0.664
0.664
0.663
0.663
0.662
0.663
0.663
0.663
0.663
0.662
0.662
0.662
0.661
0.661
0.661
0.661
0.661
0.662
0.662
0.662
0.662
0.663
0.663
0.663
0.663
0.663
0.662
0.662
0.661
0.662
0.662
0.662
0.662
0.661
0.661
0.661
0.660
0.660
0.660
0.659
0.659
0.659
0.660
0.660
0.660
0.660
0.661
0.661
0.662
0.662
0.662
0.662
0.662
0.661
0.661
0.660
0.660
0.660
0.660
0.660
0.660
0.660
0.660
0.660
0.660
0.660
0.660
0.660
0.659
0.659
0.659
0.659
0.658
0.658
0.658
0.658
0.659
0.659
0.659
0.659
0.659
0.659
0.659
0.660
0.660
0.660
0.659
0.659
0.659
0.659
0.659
0.659
0.659
0.659
0.659
0.660
0.660
0.660
0.660
0.660
0.660
0.660
0.659
0.659
0.659
0.658
0.658
0.658
0.658
0.658
0.658
0.658
0.658
0.658
0.658
0.658
0.658
0.659
0.658
0.658
0.658
0.658
0.658
0.658
0.658
0.658
0.658
0.658
0.657
0.657
0.657
0.657
0.657
0.657
0.657
0.657
0.657
0.657
0.657
0.657
0.657
0.657
0.656
0.656
0.656
0.656
0.656
0.656
0.656
0.657
0.657
0.657
0.657
0.657
0.657
0.658
0.657
0.657
0.657
0.657
0.657
0.657
0.657
0.657
0.657
0.657
0.657
0.657
0.657
0.658
0.658
0.658
0.658
0.658
0.658
0.659
0.659
0.659
0.659
0.659
0.660
0.659
0.659
0.659
0.659
0.659
0.659
0.659
0.658
0.658
0.658
0.658
0.658
0.658
0.657
0.657
0.657
0.657
0.657
0.657
0.657
0.657
0.657
0.656
0.657
0.657
0.657
0.657
0.658
0.658
0.658
0.658
0.658
0.657
0.657
0.657
0.657
0.656
0.657
0.656
0.656
0.656
0.656
0.656
0.656
0.656
0.655
0.655
0.655
0.655
0.655
0.655
0.656
0.656
0.656
0.655
0.655
0.655
0.655
0.655
0.655
0.655
0.655
0.655
0.655
0.655
0.655
0.655
0.655
0.655
0.655
0.656
0.656
0.656
0.656
0.657
0.657
0.657
0.657
0.657
0.657
0.658
0.658
0.658
0.658
0.658
0.658
0.658
0.658
0.658
0.657
0.657
0.657
0.657
0.657
0.657
0.658
0.658
0.658
0.658
0.658
0.658
0.658
0.658
0.657
0.658
0.657
0.657
0.657
0.657
0.658
0.658
0.658
0.659
0.659
0.659
0.658
0.658
0.658
0.658
0.658
0.658
0.657
0.657
0.657
0.657
0.657
0.657
0.657
0.658
0.657
0.657
0.657
0.657
0.657
0.657
0.658
0.658
0.658
0.658
0.657
0.658
0.658
0.658
0.657
0.657
0.657
0.657
0.657
0.657
0.657
0.657
0.657
0.657
0.657
0.658
0.657
0.657
0.657
0.657
0.657
0.656
0.656
0.656
0.656
0.655
0.655
0.655
0.655
0.655
0.656
0.656
0.656
0.656
0.656
0.656
0.656
0.656
0.656
0.656
0.655
0.655
0.655
0.655
0.655
0.655
0.655
0.654
0.654
0.654
0.655
0.655
0.655
0.655
0.656
0.656
0.656
0.655
0.656
0.656
0.655
0.655
0.655
0.656
0.656
0.656
0.656
0.655
0.655
0.655
0.655
0.655
0.655
0.655
0.655
0.655
0.655
0.655
0.655
0.655
0.655
0.655
0.655
0.655
0.655
0.654
0.654
0.654
0.654
0.654
0.654
0.654
0.654
0.654
0.654
0.654
0.654
0.654
0.654
0.654
0.653
0.653
0.653
0.653
0.652
0.652
0.652
0.651
0.652
0.652
0.652
0.652
0.652
0.652
0.652
0.652
0.652
0.652
0.652
0.652
0.653
0.653
0.652
0.652
0.652
0.652
0.652
0.652
0.652
0.652
0.653
0.653
0.653
0.653
0.654
0.654
0.654
0.654
0.653
0.653
0.653
0.653
0.653
0.653
0.653
0.652
0.652
0.652
0.653
0.652
0.653
0.652
0.652
0.652
0.652
0.652
0.652
0.652
0.652
0.652
0.652
0.651
0.651
0.651
0.651
0.651
0.650
0.650
0.650
0.650
0.650
0.650
0.650
0.650
0.651
0.651
0.651
0.652
0.652
0.652
0.652
0.653
0.653
0.653
0.653
0.653
0.653
0.653
0.653
0.653
0.653
0.652
0.652
0.652
0.652
0.652
0.652
0.652
0.652
0.652
0.653
0.653
0.653
0.652
0.652
0.653
0.653
0.653
0.653
0.653
0.653
0.653
0.653
0.653
0.653
0.653
0.653
0.653
0.653
0.653
0.652
0.652
0.652
0.653
0.653
0.653
0.653
0.653
0.653
0.653
0.653
0.653
0.653
0.653
0.653
0.654
0.654
0.654
0.654
0.654
0.654
0.654
0.654
0.654
0.654
0.653
0.654
0.654
0.654
0.654
0.654
0.654
0.654
0.654
0.654
0.654
0.655
0.655
0.655
0.655
0.656
0.656
0.656
0.657
0.657
0.657
0.657
0.658
0.658
0.658
0.658
0.659
0.659
0.659
0.659
0.660
0.660
0.660
0.660
0.661
0.661
0.661
0.661
0.661
0.661
0.662
0.662
0.662
0.661
0.662
0.662
0.662
0.661
0.661
0.661
0.661
0.661
0.661
0.660
0.661
0.661
0.661
0.661
0.661
0.662
0.662
0.662
0.662
0.662
0.662
0.662
0.662
0.662
0.662
0.662
0.662
0.662
0.662
0.662
0.662
0.662
0.662
0.662
0.662
0.662
0.662
0.662
0.662
0.662
0.662
0.662
0.662
0.662
0.662
0.662
0.661
0.661
0.661
0.661
0.661
0.661
0.661
0.661
0.661
0.661
0.661
0.661
0.661
0.661
0.662
0.662
0.662
0.662
0.662
0.662
0.662
0.662
0.662
0.662
0.662
0.662
0.662
0.662
0.662
0.661
0.661
0.661
0.661
0.661
0.661
0.660
0.660
0.660
0.660
0.661
0.661
0.661
0.661
0.661
0.661
0.660
0.660
0.660
0.660
0.660
0.660
0.660
0.660
0.660
0.660
0.659
0.659
0.659
0.659
0.659
0.659
0.659
0.659
0.659
0.660
0.660
0.660
0.660
0.660
0.660
0.660
0.660
0.661
0.661
0.661
0.661
0.661
0.661
0.660
0.660
0.660
0.660
0.660
0.660
0.660
0.660
0.660
0.660
0.660
0.660
0.660
0.660
0.660
0.660
0.660
0.660
0.660
0.660
0.661
0.661
0.661
0.661
0.661
0.662
0.662
0.662
0.662
0.662
0.662
0.662
0.662
0.662
0.662
0.662
0.662
0.662
0.662
0.662
0.662
0.662
0.661
0.661
0.661
0.661
0.661
0.661
0.661
0.661
0.661
0.661
0.661
0.661
0.662
0.662
0.662
0.662
0.662
0.662
0.662
0.662
0.662
0.662
0.662
0.662
0.662
0.662
0.662
0.662
0.662
0.662
0.662
0.662
0.662
0.663
0.663
0.663
0.663
0.663
0.663
0.664
0.664
0.664
0.664
0.664
0.664
0.664
0.664
0.664
0.664
0.664
0.664
0.664
0.664
0.664
0.664
0.664
0.663
0.663
0.663
0.663
0.664
0.663
0.663
0.663
0.663
0.663
0.663
0.663
0.663
0.663
0.663
0.664
0.664
0.664
0.664
0.664
0.664
0.664
0.664
0.664
0.664
0.664
0.664
0.665
0.665
0.665
0.665
0.665
0.665
0.666
0.666
0.666
0.666
0.666
0.667
0.667
0.667
0.667
0.667
0.668
0.668
0.668
0.668
0.668
0.668
0.668
0.667
0.667
0.667
0.667
0.667
0.667
0.667
0.667
0.667
0.667
0.667
0.667
0.667
0.667
0.667
0.667
0.667
0.667
0.667
0.667
0.667
0.667
0.667
0.667
0.666
0.666
0.666
0.667
0.667
0.667
0.667
0.667
0.667
0.667
0.667
0.667
0.667
0.667
0.667
0.667
0.667
0.666
0.666
0.666
0.666
0.666
0.666
0.666
0.666
0.666
0.666
0.666
0.666
0.665
0.665
0.665
0.665
0.665
0.665
0.665
0.665
0.665
0.665
0.665
0.665
0.664
0.664
0.664
0.664
0.664
0.664
0.664
0.664
0.664
0.664
0.664
0.664
0.663
0.663
0.663
0.663
0.663
0.663
0.663
0.663
0.663
0.663
0.663
0.663
0.663
0.663
0.663
0.663
0.663
0.663
0.663
0.663
0.663
0.663
0.662
0.662
0.662
0.662
0.662
0.662
0.662
0.662
0.662
0.662
0.662
0.662
0.662
0.662
0.662
0.662
0.662
0.662
0.662
0.662
0.662