Precisão média por imagem
0.409
0.433
0.525
0.580
0.637
0.679
0.696
0.717
0.725
0.738
0.741
0.746
0.756
0.766
0.774
0.776
0.783
0.786
0.792
0.793
0.793
0.793
0.783
0.784
0.775
0.766
0.761
0.750
0.738
0.734
0.726
0.722
0.718
0.712
0.706
0.706
0.704
0.707
0.705
0.703
0.698
0.691
0.697
0.693
0.691
0.696
0.695
0.692
0.686
0.681
0.678
0.674
0.669
0.663
0.658
0.653
0.648
0.644
0.649
0.654
0.655
0.660
0.657
0.654
0.656
0.660
0.663
0.663
0.660
0.657
0.659
0.661
0.656
0.652
0.655
0.653
0.650
0.648
0.648
0.644
0.640
0.641
0.642
0.642
0.643
0.646
0.647
0.647
0.648
0.647
0.647
0.647
0.648
0.652
0.654
0.657
0.660
0.663
0.666
0.667
0.669
0.672
0.675
0.677
0.680
0.682
0.685
0.687
0.690
0.692
0.694
0.697
0.697
0.699
0.701
0.703
0.704
0.706
0.703
0.701
0.703
0.705
0.705
0.706
0.704
0.701
0.699
0.698
0.695
0.693
0.691
0.688
0.686
0.687
0.688
0.688
0.686
0.684
0.684
0.683
0.684
0.684
0.683
0.684
0.686
0.686
0.687
0.685
0.683
0.682
0.683
0.683
0.684
0.683
0.682
0.682
0.681
0.680
0.679
0.679
0.679
0.680
0.681
0.679
0.678
0.677
0.677
0.676
0.676
0.675
0.673
0.673
0.672
0.674
0.675
0.676
0.676
0.675
0.674
0.673
0.673
0.672
0.672
0.673
0.672
0.671
0.670
0.669
0.670
0.668
0.667
0.668
0.668
0.667
0.666
0.665
0.665
0.666
0.667
0.668
0.668
0.667
0.665
0.666
0.668
0.668
0.669
0.669
0.669
0.670
0.669
0.667
0.669
0.670
0.670
0.671
0.671
0.672
0.672
0.671
0.671
0.669
0.670
0.670
0.670
0.671
0.670
0.669
0.670
0.669
0.667
0.667
0.667
0.667
0.667
0.669
0.669
0.670
0.669
0.668
0.669
0.670
0.671
0.671
0.671
0.671
0.671
0.672
0.671
0.672
0.673
0.673
0.673
0.673
0.674
0.674
0.674
0.675
0.675
0.675
0.676
0.677
0.677
0.677
0.677
0.677
0.678
0.679
0.680
0.680
0.681
0.681
0.680
0.679
0.679
0.679
0.679
0.680
0.680
0.681
0.681
0.682
0.682
0.683
0.683
0.683
0.683
0.682
0.681
0.680
0.679
0.678
0.678
0.678
0.677
0.676
0.677
0.677
0.677
0.678
0.679
0.680
0.679
0.678
0.678
0.677
0.676
0.676
0.676
0.677
0.677
0.677
0.676
0.676
0.676
0.676
0.675
0.675
0.675
0.676
0.677
0.678
0.678
0.679
0.679
0.680
0.680
0.680
0.681
0.681
0.681
0.680
0.680
0.680
0.680
0.680
0.681
0.682
0.682
0.682
0.683
0.683
0.682
0.682
0.681
0.682
0.682
0.683
0.683
0.683
0.683
0.684
0.684
0.683
0.682
0.682
0.682
0.682
0.682
0.683
0.682
0.682
0.682
0.681
0.681
0.681
0.680
0.679
0.680
0.681
0.681
0.682
0.683
0.683
0.684
0.684
0.684
0.685
0.686
0.685
0.685
0.686
0.686
0.686
0.687
0.687
0.688
0.688
0.688
0.689
0.689
0.689
0.690
0.690
0.691
0.691
0.691
0.691
0.691
0.691
0.690
0.690
0.690
0.690
0.691
0.691
0.691
0.691
0.691
0.691
0.691
0.691
0.690
0.691
0.691
0.691
0.692
0.691
0.691
0.690
0.690
0.689
0.688
0.688
0.689
0.689
0.689
0.690
0.690
0.690
0.689
0.689
0.688
0.689
0.690
0.690
0.690
0.691
0.691
0.692
0.692
0.693
0.693
0.694
0.694
0.694
0.694
0.694
0.695
0.695
0.695
0.694
0.694
0.693
0.692
0.691
0.692
0.692
0.691
0.691
0.691
0.690
0.690
0.690
0.690
0.690
0.690
0.689
0.689
0.690
0.690
0.689
0.689
0.689
0.689
0.690
0.689
0.689
0.689
0.688
0.689
0.689
0.689
0.689
0.689
0.688
0.688
0.688
0.687
0.687
0.687
0.686
0.687
0.687
0.687
0.687
0.687
0.687
0.687
0.687
0.687
0.687
0.687
0.686
0.686
0.687
0.687
0.688
0.688
0.688
0.688
0.688
0.688
0.687
0.687
0.687
0.687
0.687
0.687
0.687
0.687
0.686
0.686
0.685
0.685
0.685
0.684
0.684
0.684
0.684
0.684
0.683
0.684
0.684
0.684
0.685
0.685
0.685
0.684
0.684
0.684
0.685
0.684
0.685
0.685
0.685
0.685
0.685
0.684
0.684
0.684
0.684
0.684
0.684
0.684
0.683
0.683
0.682
0.682
0.682
0.682
0.681
0.682
0.682
0.683
0.683
0.683
0.684
0.684
0.684
0.684
0.683
0.683
0.683
0.683
0.683
0.684
0.683
0.683
0.682
0.682
0.682
0.681
0.681
0.681
0.681
0.681
0.681
0.681
0.682
0.682
0.682
0.682
0.683
0.683
0.683
0.683
0.682
0.682
0.682
0.681
0.681
0.681
0.681
0.681
0.681
0.681
0.681
0.681
0.681
0.681
0.681
0.680
0.680
0.680
0.680
0.680
0.680
0.680
0.680
0.680
0.680
0.681
0.681
0.681
0.681
0.681
0.681
0.682
0.681
0.681
0.681
0.680
0.681
0.681
0.681
0.681
0.681
0.681
0.681
0.681
0.681
0.681
0.682
0.681
0.681
0.681
0.681
0.680
0.680
0.680
0.680
0.680
0.680
0.681
0.681
0.681
0.681
0.681
0.681
0.681
0.681
0.681
0.681
0.681
0.681
0.681
0.681
0.682
0.681
0.681
0.681
0.681
0.681
0.681
0.681
0.681
0.680
0.680
0.680
0.680
0.681
0.681
0.681
0.681
0.681
0.681
0.680
0.680
0.680
0.679
0.680
0.680
0.680
0.680
0.680
0.681
0.681
0.681
0.681
0.681
0.681
0.681
0.681
0.681
0.681
0.681
0.681
0.681
0.682
0.681
0.682
0.682
0.682
0.682
0.682
0.682
0.682
0.682
0.682
0.682
0.683
0.683
0.683
0.683
0.683
0.683
0.683
0.683
0.683
0.683
0.683
0.683
0.682
0.682
0.682
0.682
0.681
0.682
0.681
0.681
0.681
0.681
0.681
0.681
0.681
0.681
0.681
0.681
0.681
0.681
0.681
0.681
0.682
0.682
0.682
0.682
0.682
0.681
0.681
0.681
0.680
0.680
0.680
0.680
0.680
0.680
0.680
0.679
0.679
0.679
0.679
0.678
0.678
0.678
0.678
0.678
0.679
0.678
0.678
0.678
0.677
0.677
0.677
0.677
0.677
0.677
0.677
0.677
0.677
0.676
0.676
0.676
0.677
0.677
0.677
0.677
0.678
0.678
0.678
0.678
0.678
0.678
0.679
0.679
0.679
0.680
0.680
0.680
0.680
0.680
0.680
0.680
0.680
0.679
0.679
0.679
0.678
0.679
0.679
0.679
0.679
0.679
0.680
0.680
0.680
0.680
0.680
0.679
0.679
0.679
0.679
0.679
0.679
0.679
0.679
0.679
0.680
0.680
0.680
0.680
0.680
0.680
0.680
0.680
0.679
0.679
0.679
0.678
0.678
0.678
0.678
0.678
0.679
0.679
0.678
0.678
0.678
0.679
0.679
0.679
0.679
0.679
0.679
0.679
0.679
0.679
0.680
0.679
0.679
0.679
0.679
0.679
0.679
0.679
0.679
0.679
0.679
0.679
0.679
0.679
0.679
0.678
0.678
0.678
0.677
0.677
0.677
0.676
0.676
0.676
0.676
0.676
0.675
0.675
0.676
0.676
0.676
0.675
0.675
0.675
0.675
0.676
0.675
0.675
0.675
0.675
0.675
0.675
0.675
0.675
0.674
0.674
0.674
0.674
0.674
0.675
0.675
0.675
0.676
0.676
0.676
0.676
0.676
0.676
0.675
0.676
0.676
0.676
0.676
0.676
0.676
0.675
0.675
0.675
0.675
0.675
0.674
0.675
0.675
0.675
0.675
0.675
0.675
0.675
0.675
0.675
0.675
0.675
0.675
0.674
0.674
0.674
0.674
0.674
0.673
0.673
0.673
0.673
0.673
0.673
0.673
0.673
0.673
0.673
0.673
0.673
0.673
0.672
0.672
0.672
0.672
0.671
0.672
0.672
0.672
0.672
0.672
0.672
0.673
0.673
0.673
0.673
0.673
0.673
0.673
0.673
0.672
0.672
0.672
0.672
0.672
0.672
0.672
0.672
0.672
0.672
0.672
0.672
0.673
0.673
0.673
0.673
0.672
0.672
0.672
0.672
0.672
0.672
0.671
0.671
0.671
0.671
0.671
0.671
0.671
0.671
0.671
0.671
0.671
0.670
0.670
0.670
0.670
0.670
0.670
0.670
0.670
0.670
0.670
0.669
0.669
0.669
0.669
0.669
0.669
0.669
0.669
0.670
0.670
0.670
0.670
0.670
0.671
0.671
0.671
0.672
0.672
0.672
0.672
0.672
0.672
0.671
0.671
0.671
0.671
0.670
0.670
0.670
0.670
0.670
0.670
0.669
0.669
0.669
0.669
0.669
0.669
0.669
0.669
0.669
0.669
0.669
0.669
0.669
0.669
0.669
0.669
0.669
0.669
0.669
0.669
0.669
0.669
0.669
0.669
0.669
0.669
0.669
0.669
0.669
0.669
0.670
0.670
0.670
0.670
0.670
0.670
0.670
0.671
0.671
0.671
0.671
0.671
0.672
0.672
0.671
0.671
0.672
0.671
0.671
0.671
0.671
0.671
0.671
0.671
0.671
0.672
0.672
0.672
0.672
0.672
0.672
0.673
0.673
0.673
0.674
0.674
0.674
0.674
0.674
0.675
0.675
0.675
0.675
0.676
0.676
0.676
0.676
0.676
0.677
0.677
0.677
0.677
0.677
0.678
0.678
0.678
0.678
0.678
0.678
0.678
0.678
0.678
0.678
0.678
0.678
0.678
0.677
0.677
0.677
0.677
0.677
0.676
0.677
0.677
0.677
0.677
0.677
0.678
0.678
0.678
0.678
0.677
0.678
0.678
0.678
0.678
0.677
0.678
0.678
0.678
0.678
0.678
0.678
0.678
0.677
0.677
0.677
0.677
0.677
0.677
0.677
0.678
0.677
0.677
0.677
0.677
0.677
0.677
0.677
0.677
0.676
0.676
0.676
0.676
0.676
0.676
0.676
0.676
0.676
0.676
0.676
0.676
0.677
0.677
0.677
0.677
0.677
0.677
0.677
0.677
0.677
0.677
0.677
0.677
0.677
0.677
0.677
0.677
0.676
0.676
0.676
0.676
0.676
0.676
0.675
0.675
0.675
0.675
0.676
0.676
0.676
0.676
0.675
0.675
0.675
0.675
0.675
0.674
0.674
0.674
0.674
0.674
0.674
0.674
0.674
0.673
0.673
0.673
0.673
0.673
0.673
0.673
0.674
0.674
0.674
0.674
0.675
0.675
0.675
0.675
0.675
0.675
0.675
0.676
0.676
0.675
0.675
0.675
0.675
0.675
0.675
0.675
0.675
0.675
0.675
0.675
0.676
0.676
0.676
0.676
0.676
0.675
0.675
0.675
0.675
0.676
0.676
0.676
0.676
0.676
0.677
0.677
0.677
0.677
0.677
0.677
0.677
0.677
0.677
0.677
0.677
0.677
0.676
0.676
0.676
0.676
0.677
0.676
0.676
0.676
0.676
0.676
0.676
0.676
0.676
0.676
0.676
0.676
0.676
0.677
0.677
0.677
0.677
0.677
0.677
0.677
0.677
0.677
0.677
0.677
0.677
0.677
0.677
0.677
0.677
0.677
0.677
0.677
0.677
0.677
0.677
0.678
0.678
0.678
0.678
0.678
0.678
0.679
0.679
0.679
0.679
0.679
0.679
0.679
0.679
0.679
0.679
0.679
0.679
0.679
0.679
0.679
0.679
0.679
0.679
0.679
0.678
0.679
0.679
0.679
0.678
0.678
0.678
0.678
0.678
0.678
0.678
0.678
0.679
0.679
0.679
0.679
0.679
0.679
0.679
0.680
0.680
0.680
0.680
0.680
0.680
0.680
0.680
0.680
0.681
0.681
0.681
0.681
0.681
0.681
0.682
0.682
0.682
0.682
0.682
0.682
0.682
0.682
0.683
0.683
0.683
0.683
0.682
0.682
0.682
0.682
0.682
0.682
0.682
0.682
0.682
0.682
0.682
0.682
0.682
0.682
0.683
0.683
0.683
0.683
0.683
0.683
0.683
0.683
0.683
0.683
0.683
0.683
0.683
0.683
0.683
0.683
0.683
0.683
0.683
0.683
0.683
0.683
0.683
0.683
0.683
0.683
0.682
0.682
0.682
0.682
0.682
0.682
0.682
0.682
0.681
0.681
0.681
0.681
0.681
0.681
0.681
0.681
0.681
0.681
0.681
0.680
0.680
0.680
0.680
0.680
0.680
0.680
0.680
0.680
0.680
0.680
0.680
0.679
0.679
0.679
0.679
0.679
0.679
0.679
0.679
0.678
0.678
0.678
0.678
0.678
0.678
0.678
0.678
0.678
0.677
0.677
0.677
0.677
0.677
0.677
0.677
0.677
0.677
0.677
0.676
0.676
0.676
0.676
0.676
0.676
0.676
0.676
0.676
0.676
0.675
0.675
0.675
0.675
0.675
0.675
0.675
0.675
0.675
0.675
0.675
0.675
0.675
0.675