Precisão média por imagem
0.458
0.442
0.461
0.457
0.451
0.442
0.450
0.450
0.446
0.451
0.462
0.457
0.464
0.461
0.459
0.461
0.460
0.464
0.467
0.470
0.477
0.475
0.481
0.487
0.484
0.482
0.481
0.479
0.474
0.472
0.471
0.470
0.470
0.472
0.475
0.475
0.473
0.471
0.471
0.469
0.469
0.469
0.469
0.469
0.470
0.471
0.469
0.469
0.470
0.474
0.474
0.474
0.474
0.474
0.474
0.475
0.475
0.474
0.475
0.475
0.474
0.474
0.475
0.474
0.475
0.475
0.475
0.476
0.477
0.477
0.477
0.476
0.477
0.475
0.477
0.480
0.480
0.480
0.480
0.479
0.478
0.478
0.477
0.476
0.476
0.475
0.474
0.474
0.473
0.472
0.472
0.471
0.470
0.470
0.469
0.469
0.468
0.467
0.467
0.466
0.466
0.466
0.464
0.463
0.463
0.463
0.462
0.464
0.463
0.465
0.464
0.465
0.465
0.465
0.467
0.467
0.466
0.468
0.468
0.468
0.468
0.468
0.467
0.467
0.467
0.468
0.469
0.471
0.473
0.475
0.476
0.476
0.476
0.477
0.477
0.477
0.477
0.477
0.477
0.476
0.477
0.477
0.477
0.477
0.479
0.478
0.478
0.478
0.478
0.478
0.478
0.478
0.478
0.478
0.477
0.478
0.477
0.477
0.476
0.478
0.477
0.477
0.476
0.476
0.476
0.476
0.476
0.476
0.476
0.476
0.477
0.479
0.479
0.479
0.479
0.478
0.478
0.478
0.479
0.479
0.479
0.478
0.478
0.478
0.478
0.479
0.480
0.481
0.481
0.481
0.480
0.480
0.481
0.481
0.481
0.481
0.481
0.481
0.481
0.481
0.481
0.480
0.480
0.480
0.480
0.480
0.480
0.479
0.479
0.480
0.479
0.480
0.481
0.481
0.481
0.481
0.481
0.481
0.481
0.481
0.481
0.481
0.481
0.482
0.482
0.482
0.482
0.482
0.482
0.482
0.482
0.481
0.482
0.482
0.482
0.481
0.481
0.481
0.481
0.481
0.481
0.481
0.480
0.480
0.480
0.480
0.480
0.480
0.480
0.479
0.479
0.479
0.479
0.478
0.478
0.478
0.479
0.479
0.479
0.479
0.478
0.478
0.478
0.478
0.478
0.478
0.478
0.478
0.478
0.478
0.479
0.478
0.479
0.480
0.480
0.480
0.480
0.480
0.480
0.481
0.480
0.480
0.480
0.480
0.481
0.480
0.480
0.480
0.480
0.480
0.480
0.480
0.480
0.480
0.479
0.479
0.479
0.479
0.479
0.480
0.480
0.480
0.479
0.479
0.479
0.479
0.479
0.478
0.478
0.478
0.478
0.479
0.479
0.479
0.479
0.479
0.479
0.479
0.479
0.479
0.479
0.480
0.480
0.480
0.480
0.480
0.480
0.480
0.480
0.480
0.480
0.480
0.479
0.479
0.479
0.479
0.479
0.479
0.479
0.480
0.480
0.480
0.480
0.480
0.480
0.480
0.480
0.480
0.480
0.479
0.479
0.479
0.479
0.479
0.479
0.479
0.479
0.479
0.480
0.479
0.479
0.479
0.479
0.478
0.478
0.478
0.478
0.478
0.478
0.478
0.478
0.478
0.478
0.478
0.478
0.478
0.478
0.477
0.477
0.477
0.478
0.478
0.478
0.478
0.478
0.478
0.478
0.478
0.478
0.478
0.478
0.477
0.477
0.477
0.477
0.477
0.477
0.477
0.477
0.478
0.478
0.479
0.479
0.479
0.478
0.478
0.478
0.478
0.478
0.478
0.478
0.478
0.478
0.478
0.478
0.478
0.478
0.478
0.478
0.478
0.478
0.478
0.478
0.479
0.479
0.480
0.480
0.480
0.480
0.480
0.480
0.480
0.480
0.480
0.480
0.480
0.480
0.480
0.480
0.480
0.480
0.480
0.480
0.479
0.479
0.480
0.480
0.480
0.480
0.480
0.480
0.480
0.480
0.480
0.480
0.480
0.480
0.480
0.480
0.480
0.480
0.480
0.480
0.479
0.479
0.479
0.479
0.480
0.479
0.480
0.480
0.480
0.480
0.480
0.479
0.480
0.480
0.481
0.481
0.481
0.481
0.481
0.481
0.481
0.481
0.482
0.482
0.482
0.482
0.482
0.482
0.481
0.482
0.482
0.482
0.482
0.482
0.482
0.482
0.482
0.482
0.482
0.482
0.482
0.483
0.483
0.483
0.482
0.482
0.482
0.482
0.482
0.482
0.482
0.482
0.483
0.483
0.483
0.483
0.483
0.483
0.483
0.483
0.483
0.483
0.483
0.483
0.483
0.483
0.483
0.483
0.483
0.482
0.482
0.482
0.482
0.482
0.482
0.482
0.482
0.482
0.482
0.482
0.482
0.482
0.482
0.482
0.482
0.482
0.482
0.482
0.482
0.482
0.482
0.482
0.482
0.482
0.482
0.482
0.482
0.482
0.482
0.482
0.482
0.482
0.482
0.482
0.482
0.482
0.482
0.482
0.482
0.482
0.482
0.482
0.482
0.482
0.482
0.482
0.482
0.482
0.482
0.482
0.482
0.483
0.483
0.482
0.482
0.482
0.482
0.482
0.482
0.482
0.482
0.482
0.482
0.482
0.482
0.482
0.483
0.482
0.482
0.483
0.482
0.482
0.482
0.483
0.483
0.483
0.483
0.483
0.483
0.483
0.483
0.483
0.483
0.483
0.483
0.483
0.483
0.483
0.483
0.483
0.483
0.483
0.483
0.484
0.484
0.484
0.484
0.484
0.485
0.485
0.485
0.485
0.485
0.485
0.485
0.485
0.485
0.485
0.485
0.486
0.486
0.486
0.486
0.486
0.486
0.485
0.486
0.485
0.485
0.486
0.486
0.486
0.486
0.486
0.486
0.486
0.486
0.485
0.485
0.485
0.485
0.485
0.485
0.485
0.485
0.485
0.485
0.485
0.485
0.485
0.485
0.485
0.485
0.485
0.485
0.485
0.485
0.485
0.485
0.485
0.486
0.485
0.485
0.485
0.485
0.485
0.485
0.485
0.485
0.485
0.485
0.485
0.485
0.485
0.485
0.485
0.485
0.486
0.486
0.486
0.486
0.486
0.486
0.485
0.486
0.486
0.486
0.486
0.486
0.486
0.486
0.486
0.486
0.486
0.486
0.486
0.486
0.486
0.486
0.486
0.486
0.486
0.486
0.486
0.486
0.485
0.485
0.485
0.485
0.485
0.485
0.485
0.485
0.485
0.485
0.485
0.485
0.485
0.485
0.486
0.485
0.485
0.485
0.486
0.485
0.486
0.486
0.486
0.486
0.486
0.486
0.486
0.486
0.486
0.486
0.486
0.486
0.486
0.486
0.486
0.486
0.486
0.486
0.486
0.486
0.486
0.486
0.486
0.486
0.486
0.486
0.486
0.486
0.486
0.485
0.485
0.485
0.485
0.485
0.485
0.485
0.485
0.485
0.485
0.485
0.485
0.485
0.485
0.485
0.485
0.485
0.485
0.485
0.485
0.485
0.485
0.485
0.485
0.485
0.485
0.485
0.485
0.485
0.485
0.485
0.485
0.485
0.485
0.485
0.485
0.485
0.485
0.485
0.485
0.485
0.485
0.485
0.485
0.485
0.485
0.485
0.485
0.485
0.485
0.485
0.485
0.484
0.484
0.485
0.485
0.485
0.485
0.485
0.485
0.485
0.485
0.485
0.485
0.485
0.485
0.485
0.485
0.485
0.485
0.485
0.485
0.485
0.485
0.484
0.485
0.485
0.485
0.485
0.485
0.485
0.485
0.485
0.484
0.484
0.485
0.485
0.484
0.484
0.484
0.484
0.484
0.484
0.484
0.484
0.484
0.484
0.484
0.484
0.484
0.484
0.484
0.484
0.484
0.484
0.484
0.484
0.484
0.484
0.484
0.484
0.484
0.484
0.484
0.484
0.484
0.484
0.484
0.484
0.484
0.484
0.484
0.484
0.484
0.484
0.484
0.484
0.484
0.484
0.484
0.484
0.484
0.484
0.484
0.484
0.484
0.484
0.484
0.484
0.484
0.484
0.484
0.484
0.484
0.484
0.484
0.484
0.484
0.484
0.484
0.484
0.484
0.484
0.484
0.484
0.484
0.484
0.484
0.484
0.484
0.484
0.484
0.485
0.485
0.485
0.485
0.484
0.485
0.485
0.485
0.485
0.485
0.485
0.485
0.485
0.485
0.485
0.485
0.485
0.485
0.486
0.486
0.486
0.486
0.486
0.486
0.486
0.486
0.486
0.486
0.485
0.485
0.485
0.485
0.485
0.485
0.485
0.485
0.485
0.485
0.485
0.485
0.486
0.485
0.485
0.485
0.485
0.485
0.485
0.485
0.485
0.485
0.485
0.485
0.485
0.485
0.485
0.485
0.485
0.485
0.485
0.485
0.485
0.485
0.485
0.485
0.485
0.485
0.485
0.485
0.485
0.485
0.485
0.485
0.485
0.485
0.485
0.485
0.485
0.485
0.485
0.485
0.485
0.485
0.485
0.485
0.485
0.485
0.485
0.485
0.485
0.485
0.485
0.485
0.485
0.485
0.485
0.485
0.485
0.485
0.485
0.485
0.485
0.485
0.485
0.485
0.485
0.485
0.485
0.484
0.485
0.485
0.485
0.485
0.485
0.485
0.485
0.484
0.484
0.484
0.484
0.484
0.484
0.484
0.485
0.485
0.485
0.485
0.485
0.485
0.485
0.485
0.485
0.485
0.485
0.485
0.485
0.485
0.485
0.485
0.485
0.485
0.485
0.485
0.485
0.485
0.485
0.485
0.485
0.485
0.485
0.485
0.485
0.485
0.485
0.485
0.485
0.485
0.485
0.485
0.485
0.485
0.485
0.485
0.485
0.485
0.485
0.485
0.485
0.485
0.485
0.485
0.485
0.485
0.485
0.485
0.484
0.484
0.484
0.484
0.484
0.484
0.484
0.484
0.484
0.484
0.484
0.484
0.484
0.484
0.484
0.484
0.484
0.484
0.484
0.484
0.484
0.484
0.484
0.484
0.484
0.484
0.484
0.484
0.484
0.483
0.483
0.483
0.483
0.483
0.483
0.483
0.483
0.483
0.483
0.483
0.483
0.483
0.483
0.483
0.483
0.483
0.483
0.483
0.483
0.483
0.483
0.483
0.484
0.484
0.484
0.484
0.484
0.484
0.484
0.484
0.484
0.484
0.484
0.485
0.485
0.485
0.485
0.484
0.484
0.484
0.484
0.484
0.484
0.484
0.485
0.484
0.484
0.484
0.484
0.484
0.484
0.484
0.484
0.484
0.484
0.484
0.484
0.484
0.484
0.484
0.484
0.484
0.484
0.484
0.484
0.484
0.484
0.484
0.484
0.484
0.484
0.484
0.484
0.484
0.484
0.484
0.484
0.484
0.484
0.484
0.484
0.484
0.484
0.484
0.484
0.484
0.484
0.484
0.484
0.484
0.484
0.484
0.484
0.484
0.484
0.484
0.484
0.484
0.484
0.484
0.484
0.484
0.484
0.484
0.484
0.484
0.484
0.484
0.484
0.484
0.484
0.484
0.484
0.484
0.484
0.484
0.484
0.484
0.484
0.484
0.484
0.484
0.484
0.484
0.484
0.484
0.484
0.484
0.484
0.484
0.484
0.484
0.484
0.484
0.484
0.484
0.485
0.485
0.485
0.485
0.484
0.484
0.484
0.484
0.484
0.485
0.485
0.485
0.484
0.485
0.484
0.485
0.485
0.484
0.485
0.484
0.484
0.484
0.484
0.485
0.485
0.485
0.485
0.485
0.485
0.484
0.484
0.484
0.485
0.485
0.485
0.485
0.485
0.485
0.485