Precisão média por imagem
0.557
0.531
0.539
0.519
0.609
0.666
0.700
0.725
0.746
0.759
0.770
0.780
0.787
0.793
0.788
0.791
0.795
0.800
0.801
0.804
0.807
0.810
0.802
0.795
0.792
0.789
0.778
0.768
0.758
0.751
0.744
0.738
0.728
0.721
0.715
0.712
0.711
0.713
0.715
0.719
0.713
0.707
0.711
0.709
0.707
0.711
0.706
0.699
0.693
0.689
0.686
0.685
0.679
0.673
0.668
0.662
0.657
0.651
0.655
0.658
0.660
0.663
0.660
0.657
0.658
0.658
0.660
0.661
0.658
0.655
0.655
0.655
0.653
0.650
0.651
0.650
0.648
0.648
0.647
0.643
0.639
0.639
0.639
0.639
0.639
0.637
0.637
0.635
0.636
0.636
0.636
0.636
0.635
0.639
0.642
0.643
0.646
0.648
0.651
0.653
0.654
0.657
0.659
0.662
0.663
0.665
0.666
0.669
0.671
0.673
0.676
0.677
0.679
0.681
0.683
0.685
0.686
0.688
0.685
0.683
0.684
0.685
0.684
0.684
0.683
0.681
0.679
0.677
0.675
0.673
0.671
0.668
0.666
0.667
0.668
0.665
0.664
0.663
0.662
0.661
0.661
0.661
0.660
0.660
0.661
0.660
0.661
0.659
0.658
0.657
0.658
0.660
0.658
0.658
0.657
0.657
0.656
0.655
0.655
0.654
0.653
0.654
0.654
0.652
0.651
0.651
0.651
0.651
0.653
0.652
0.651
0.650
0.649
0.650
0.651
0.652
0.651
0.651
0.651
0.651
0.651
0.651
0.650
0.650
0.649
0.648
0.648
0.648
0.650
0.648
0.647
0.647
0.648
0.648
0.647
0.647
0.647
0.647
0.648
0.648
0.649
0.647
0.646
0.647
0.647
0.647
0.648
0.647
0.648
0.648
0.647
0.647
0.647
0.647
0.647
0.647
0.647
0.648
0.647
0.645
0.645
0.644
0.644
0.645
0.644
0.645
0.644
0.645
0.644
0.644
0.643
0.643
0.642
0.642
0.642
0.642
0.643
0.644
0.644
0.643
0.643
0.644
0.645
0.645
0.644
0.643
0.643
0.642
0.641
0.641
0.642
0.642
0.642
0.642
0.643
0.642
0.642
0.642
0.642
0.642
0.643
0.644
0.644
0.643
0.642
0.641
0.642
0.643
0.644
0.643
0.644
0.643
0.643
0.642
0.641
0.642
0.643
0.643
0.643
0.643
0.643
0.643
0.644
0.645
0.645
0.645
0.645
0.644
0.643
0.643
0.642
0.641
0.641
0.642
0.642
0.641
0.641
0.641
0.641
0.642
0.643
0.643
0.643
0.643
0.642
0.642
0.642
0.642
0.642
0.642
0.641
0.640
0.639
0.639
0.638
0.637
0.637
0.636
0.637
0.638
0.639
0.640
0.641
0.641
0.642
0.643
0.643
0.643
0.643
0.643
0.644
0.643
0.642
0.643
0.643
0.644
0.644
0.645
0.645
0.646
0.646
0.646
0.646
0.646
0.646
0.647
0.647
0.648
0.649
0.649
0.650
0.651
0.651
0.651
0.650
0.650
0.649
0.648
0.648
0.648
0.647
0.647
0.647
0.647
0.646
0.646
0.645
0.644
0.645
0.645
0.646
0.646
0.647
0.648
0.648
0.649
0.650
0.650
0.651
0.650
0.650
0.650
0.651
0.651
0.651
0.652
0.652
0.653
0.652
0.652
0.653
0.652
0.653
0.653
0.653
0.654
0.654
0.654
0.654
0.654
0.653
0.653
0.653
0.654
0.654
0.655
0.656
0.655
0.654
0.655
0.655
0.655
0.656
0.656
0.657
0.657
0.658
0.657
0.656
0.656
0.655
0.654
0.654
0.653
0.654
0.654
0.654
0.654
0.654
0.654
0.654
0.654
0.654
0.654
0.655
0.655
0.656
0.656
0.656
0.657
0.657
0.657
0.658
0.658
0.658
0.658
0.658
0.658
0.658
0.658
0.658
0.658
0.657
0.656
0.656
0.655
0.655
0.655
0.655
0.655
0.655
0.655
0.655
0.656
0.656
0.656
0.656
0.655
0.656
0.656
0.656
0.656
0.656
0.656
0.657
0.657
0.657
0.656
0.656
0.655
0.656
0.656
0.656
0.655
0.655
0.655
0.655
0.655
0.655
0.654
0.654
0.654
0.655
0.655
0.655
0.656
0.655
0.654
0.654
0.654
0.654
0.654
0.654
0.653
0.653
0.654
0.654
0.655
0.655
0.656
0.656
0.656
0.656
0.655
0.655
0.655
0.655
0.655
0.655
0.655
0.655
0.655
0.654
0.654
0.653
0.653
0.653
0.653
0.653
0.653
0.653
0.653
0.653
0.653
0.653
0.653
0.653
0.653
0.653
0.653
0.653
0.653
0.653
0.653
0.653
0.654
0.653
0.653
0.652
0.652
0.652
0.652
0.652
0.652
0.652
0.651
0.651
0.651
0.651
0.651
0.651
0.651
0.651
0.652
0.652
0.653
0.653
0.653
0.653
0.653
0.653
0.653
0.652
0.652
0.652
0.652
0.653
0.652
0.652
0.652
0.652
0.651
0.651
0.651
0.650
0.650
0.651
0.651
0.651
0.652
0.652
0.652
0.653
0.653
0.654
0.654
0.654
0.653
0.653
0.653
0.652
0.652
0.652
0.652
0.652
0.652
0.652
0.652
0.652
0.652
0.652
0.652
0.651
0.651
0.651
0.650
0.650
0.650
0.650
0.649
0.650
0.650
0.650
0.651
0.650
0.650
0.651
0.651
0.651
0.651
0.651
0.651
0.651
0.651
0.651
0.651
0.651
0.650
0.650
0.650
0.651
0.651
0.651
0.651
0.651
0.651
0.651
0.650
0.650
0.650
0.649
0.649
0.649
0.649
0.649
0.649
0.649
0.650
0.649
0.649
0.650
0.650
0.650
0.650
0.649
0.650
0.650
0.650
0.650
0.650
0.649
0.650
0.650
0.650
0.649
0.650
0.650
0.650
0.650
0.650
0.650
0.650
0.650
0.650
0.651
0.650
0.650
0.649
0.649
0.649
0.649
0.649
0.649
0.650
0.650
0.650
0.650
0.651
0.651
0.651
0.651
0.651
0.651
0.651
0.651
0.651
0.650
0.651
0.651
0.651
0.651
0.651
0.651
0.651
0.651
0.651
0.651
0.651
0.651
0.651
0.652
0.652
0.652
0.652
0.652
0.652
0.652
0.652
0.652
0.652
0.652
0.652
0.652
0.652
0.651
0.651
0.651
0.651
0.651
0.651
0.651
0.651
0.651
0.651
0.651
0.651
0.651
0.651
0.651
0.651
0.651
0.651
0.651
0.652
0.652
0.652
0.652
0.652
0.651
0.651
0.651
0.651
0.650
0.650
0.650
0.650
0.650
0.649
0.649
0.649
0.649
0.649
0.648
0.648
0.648
0.649
0.649
0.649
0.649
0.649
0.649
0.649
0.648
0.648
0.648
0.648
0.649
0.649
0.648
0.648
0.648
0.648
0.648
0.648
0.649
0.649
0.649
0.649
0.650
0.650
0.650
0.651
0.651
0.651
0.651
0.651
0.652
0.652
0.652
0.652
0.652
0.652
0.652
0.651
0.651
0.651
0.651
0.651
0.651
0.651
0.651
0.652
0.652
0.652
0.652
0.652
0.652
0.652
0.652
0.652
0.652
0.652
0.652
0.652
0.652
0.652
0.652
0.653
0.653
0.653
0.653
0.653
0.653
0.653
0.653
0.653
0.652
0.652
0.652
0.652
0.652
0.652
0.652
0.652
0.652
0.652
0.652
0.652
0.652
0.652
0.652
0.652
0.653
0.652
0.652
0.652
0.652
0.652
0.652
0.652
0.651
0.651
0.651
0.651
0.651
0.651
0.651
0.651
0.652
0.652
0.652
0.652
0.652
0.651
0.651
0.651
0.651
0.651
0.650
0.650
0.650
0.650
0.650
0.650
0.650
0.651
0.651
0.651
0.651
0.651
0.651
0.651
0.651
0.651
0.651
0.651
0.651
0.650
0.650
0.650
0.650
0.650
0.649
0.649
0.649
0.650
0.650
0.650
0.651
0.651
0.651
0.651
0.651
0.651
0.651
0.651
0.651
0.651
0.651
0.651
0.651
0.651
0.651
0.651
0.651
0.650
0.650
0.650
0.651
0.651
0.651
0.651
0.651
0.651
0.651
0.650
0.650
0.650
0.651
0.650
0.650
0.650
0.649
0.649
0.649
0.649
0.649
0.649
0.649
0.649
0.649
0.649
0.649
0.650
0.650
0.649
0.649
0.649
0.649
0.648
0.648
0.648
0.647
0.647
0.648
0.648
0.648
0.648
0.648
0.648
0.649
0.649
0.649
0.649
0.649
0.649
0.649
0.648
0.648
0.649
0.649
0.649
0.649
0.648
0.648
0.648
0.649
0.649
0.649
0.649
0.649
0.649
0.649
0.649
0.649
0.648
0.648
0.648
0.648
0.648
0.648
0.648
0.648
0.648
0.648
0.648
0.648
0.647
0.647
0.647
0.647
0.647
0.647
0.647
0.647
0.647
0.647
0.647
0.647
0.646
0.646
0.646
0.646
0.645
0.646
0.646
0.646
0.646
0.646
0.646
0.647
0.647
0.647
0.647
0.648
0.648
0.648
0.648
0.648
0.648
0.648
0.649
0.648
0.648
0.648
0.648
0.648
0.648
0.648
0.648
0.648
0.648
0.648
0.648
0.648
0.648
0.648
0.648
0.648
0.648
0.648
0.648
0.648
0.648
0.648
0.648
0.648
0.648
0.648
0.648
0.648
0.648
0.648
0.648
0.648
0.647
0.647
0.648
0.648
0.648
0.648
0.648
0.648
0.648
0.648
0.649
0.649
0.649
0.649
0.649
0.649
0.649
0.650
0.650
0.650
0.650
0.650
0.650
0.650
0.650
0.649
0.650
0.650
0.650
0.650
0.650
0.650
0.650
0.650
0.651
0.651
0.651
0.651
0.651
0.652
0.652
0.652
0.652
0.653
0.653
0.653
0.653
0.653
0.654
0.654
0.654
0.654
0.655
0.655
0.655
0.655
0.656
0.656
0.656
0.656
0.657
0.657
0.657
0.657
0.657
0.658
0.658
0.658
0.657
0.657
0.657
0.658
0.657
0.657
0.657
0.657
0.657
0.657
0.656
0.657
0.657
0.657
0.657
0.658
0.658
0.658
0.658
0.658
0.658
0.658
0.658
0.658
0.658
0.658
0.658
0.658
0.659
0.659
0.658
0.658
0.658
0.658
0.658
0.658
0.658
0.658
0.657
0.657
0.658
0.658
0.657
0.657
0.657
0.657
0.657
0.657
0.657
0.657
0.657
0.657
0.657
0.657
0.657
0.657
0.657
0.657
0.658
0.658
0.658
0.658
0.658
0.659
0.659
0.659
0.659
0.659
0.659
0.659
0.659
0.659
0.659
0.659
0.658
0.658
0.658
0.658
0.658
0.657
0.657
0.657
0.657
0.657
0.657
0.657
0.657
0.657
0.657
0.657
0.657
0.657
0.657
0.657
0.657
0.657
0.657
0.656
0.656
0.656
0.657
0.656
0.656
0.656
0.656
0.656
0.656
0.656
0.656
0.656
0.656
0.656
0.657
0.657
0.657
0.657
0.657
0.657
0.658
0.658
0.658
0.658
0.658
0.658
0.658
0.657
0.657
0.657
0.657
0.657
0.657
0.657
0.657
0.658
0.658
0.658
0.658
0.658
0.658
0.658
0.657
0.657
0.657
0.658
0.658
0.658
0.658
0.658
0.659
0.659
0.659
0.659
0.659
0.659
0.659
0.659
0.659
0.659
0.659
0.659
0.659
0.659
0.659
0.659
0.659
0.659
0.659
0.659
0.658
0.658
0.658
0.659
0.659
0.658
0.658
0.658
0.658
0.658
0.659
0.659
0.659
0.659
0.659
0.659
0.659
0.659
0.659
0.659
0.659
0.659
0.659
0.659
0.659
0.660
0.660
0.660
0.660
0.660
0.660
0.660
0.661
0.661
0.661
0.661
0.661
0.661
0.662
0.662
0.662
0.662
0.662
0.662
0.662
0.662
0.662
0.662
0.662
0.662
0.662
0.662
0.662
0.662
0.662
0.662
0.662
0.662
0.662
0.662
0.662
0.661
0.661
0.661
0.661
0.661
0.661
0.661
0.662
0.662
0.662
0.662
0.662
0.662
0.663
0.663
0.663
0.663
0.663
0.663
0.663
0.663
0.664
0.664
0.664
0.664
0.664
0.664
0.664
0.665
0.665
0.665
0.665
0.665
0.666
0.666
0.666
0.666
0.666
0.666
0.667
0.667
0.667
0.666
0.666
0.666
0.666
0.666
0.666
0.666
0.666
0.666
0.666
0.666
0.666
0.666
0.666
0.666
0.666
0.666
0.666
0.666
0.666
0.666
0.666
0.666
0.665
0.665
0.665
0.665
0.665
0.665
0.665
0.666
0.666
0.666
0.666
0.666
0.666
0.666
0.666
0.666
0.666
0.665
0.665
0.665
0.665
0.665
0.665
0.665
0.665
0.665
0.665
0.665
0.665
0.665
0.665
0.665
0.665
0.664
0.664
0.664
0.664
0.664
0.664
0.664
0.664
0.664
0.664
0.664
0.664
0.663
0.663
0.663
0.663
0.663
0.663
0.663
0.663
0.663
0.663
0.663
0.663
0.663
0.663
0.663
0.663
0.663
0.663
0.663
0.663
0.663
0.663
0.663
0.663
0.663
0.663
0.663
0.663
0.663
0.663
0.663
0.663
0.662
0.662
0.662
0.662
0.662
0.662
0.662
0.662
0.662
0.662
0.662
0.662
0.662
0.662
0.662
0.662
0.662
0.662
0.662
0.662
0.661
0.661