Precisão média por imagem
0.499
0.451
0.541
0.547
0.601
0.648
0.683
0.710
0.726
0.740
0.755
0.771
0.773
0.773
0.778
0.772
0.780
0.788
0.784
0.790
0.790
0.789
0.790
0.790
0.783
0.777
0.770
0.760
0.750
0.745
0.737
0.730
0.725
0.721
0.715
0.709
0.706
0.708
0.703
0.710
0.702
0.695
0.698
0.694
0.690
0.695
0.690
0.684
0.682
0.678
0.675
0.672
0.667
0.662
0.657
0.652
0.647
0.642
0.645
0.647
0.650
0.654
0.650
0.646
0.649
0.647
0.649
0.651
0.650
0.647
0.649
0.649
0.646
0.643
0.646
0.644
0.641
0.640
0.639
0.638
0.634
0.633
0.635
0.634
0.637
0.637
0.637
0.638
0.640
0.639
0.639
0.638
0.638
0.641
0.644
0.647
0.650
0.651
0.653
0.654
0.655
0.656
0.657
0.659
0.661
0.663
0.666
0.668
0.670
0.673
0.673
0.675
0.674
0.676
0.678
0.679
0.681
0.682
0.680
0.678
0.679
0.680
0.680
0.680
0.679
0.677
0.675
0.673
0.671
0.669
0.668
0.667
0.665
0.666
0.668
0.666
0.664
0.662
0.663
0.663
0.664
0.665
0.665
0.664
0.664
0.665
0.665
0.664
0.662
0.661
0.663
0.664
0.664
0.663
0.663
0.662
0.662
0.663
0.662
0.662
0.661
0.662
0.663
0.662
0.660
0.659
0.659
0.659
0.660
0.658
0.657
0.658
0.657
0.658
0.659
0.660
0.661
0.660
0.659
0.658
0.658
0.658
0.658
0.659
0.659
0.658
0.658
0.658
0.658
0.657
0.655
0.656
0.655
0.655
0.654
0.653
0.654
0.655
0.656
0.657
0.657
0.656
0.655
0.656
0.656
0.656
0.657
0.657
0.656
0.657
0.656
0.655
0.656
0.656
0.657
0.658
0.658
0.659
0.660
0.659
0.658
0.657
0.656
0.657
0.656
0.658
0.657
0.657
0.657
0.656
0.655
0.655
0.654
0.654
0.654
0.655
0.656
0.657
0.656
0.655
0.656
0.656
0.656
0.656
0.656
0.656
0.655
0.655
0.655
0.656
0.656
0.656
0.655
0.654
0.655
0.655
0.654
0.654
0.654
0.654
0.655
0.656
0.655
0.655
0.654
0.654
0.655
0.656
0.657
0.657
0.658
0.657
0.656
0.655
0.655
0.654
0.655
0.655
0.655
0.655
0.656
0.656
0.657
0.658
0.659
0.658
0.659
0.658
0.657
0.656
0.656
0.655
0.655
0.656
0.655
0.654
0.654
0.654
0.654
0.655
0.656
0.657
0.656
0.656
0.656
0.655
0.655
0.655
0.655
0.655
0.655
0.655
0.654
0.654
0.653
0.653
0.652
0.652
0.653
0.653
0.654
0.655
0.656
0.657
0.658
0.659
0.659
0.659
0.660
0.660
0.661
0.660
0.659
0.660
0.660
0.661
0.662
0.662
0.661
0.662
0.662
0.662
0.662
0.662
0.661
0.662
0.663
0.664
0.664
0.665
0.665
0.666
0.667
0.666
0.665
0.665
0.665
0.664
0.664
0.664
0.663
0.663
0.663
0.662
0.662
0.663
0.662
0.662
0.662
0.663
0.663
0.664
0.665
0.665
0.666
0.666
0.667
0.668
0.668
0.668
0.667
0.668
0.669
0.669
0.669
0.669
0.670
0.670
0.669
0.670
0.670
0.670
0.671
0.671
0.671
0.671
0.671
0.671
0.670
0.670
0.670
0.669
0.670
0.670
0.671
0.672
0.672
0.671
0.671
0.671
0.672
0.671
0.671
0.672
0.671
0.672
0.672
0.672
0.671
0.671
0.670
0.670
0.670
0.669
0.670
0.669
0.669
0.669
0.669
0.669
0.669
0.669
0.668
0.669
0.670
0.669
0.670
0.670
0.670
0.670
0.670
0.671
0.671
0.671
0.672
0.672
0.672
0.672
0.672
0.673
0.672
0.672
0.671
0.671
0.670
0.669
0.669
0.669
0.669
0.668
0.668
0.667
0.668
0.668
0.668
0.668
0.669
0.668
0.669
0.669
0.669
0.669
0.669
0.669
0.668
0.668
0.667
0.667
0.666
0.666
0.666
0.667
0.666
0.666
0.666
0.666
0.665
0.665
0.665
0.665
0.664
0.664
0.665
0.665
0.665
0.665
0.664
0.664
0.664
0.664
0.664
0.664
0.664
0.663
0.663
0.663
0.663
0.664
0.664
0.665
0.665
0.665
0.665
0.664
0.664
0.664
0.664
0.664
0.664
0.665
0.665
0.664
0.664
0.664
0.663
0.663
0.663
0.663
0.662
0.662
0.662
0.662
0.662
0.662
0.663
0.663
0.663
0.663
0.663
0.662
0.663
0.663
0.662
0.663
0.663
0.663
0.663
0.663
0.662
0.662
0.662
0.662
0.662
0.662
0.661
0.661
0.660
0.660
0.660
0.660
0.660
0.660
0.661
0.661
0.662
0.662
0.662
0.662
0.662
0.662
0.662
0.662
0.661
0.661
0.661
0.661
0.662
0.661
0.661
0.661
0.661
0.660
0.660
0.659
0.659
0.659
0.659
0.659
0.660
0.660
0.660
0.661
0.661
0.662
0.662
0.662
0.662
0.662
0.661
0.661
0.661
0.660
0.661
0.660
0.660
0.660
0.661
0.661
0.661
0.661
0.661
0.661
0.661
0.661
0.660
0.660
0.660
0.660
0.660
0.659
0.660
0.660
0.660
0.661
0.660
0.660
0.660
0.661
0.661
0.660
0.660
0.660
0.659
0.659
0.660
0.659
0.659
0.659
0.659
0.660
0.660
0.660
0.660
0.660
0.660
0.660
0.660
0.660
0.659
0.659
0.658
0.658
0.658
0.659
0.659
0.659
0.659
0.659
0.659
0.658
0.659
0.659
0.659
0.659
0.658
0.659
0.659
0.659
0.659
0.659
0.659
0.659
0.659
0.659
0.659
0.659
0.659
0.659
0.659
0.659
0.659
0.659
0.659
0.659
0.659
0.659
0.658
0.658
0.658
0.657
0.657
0.657
0.658
0.657
0.658
0.658
0.658
0.658
0.658
0.658
0.658
0.658
0.658
0.658
0.658
0.658
0.657
0.658
0.658
0.658
0.658
0.659
0.659
0.659
0.659
0.660
0.659
0.659
0.659
0.659
0.660
0.660
0.660
0.660
0.660
0.660
0.660
0.660
0.660
0.659
0.659
0.659
0.659
0.658
0.658
0.658
0.657
0.657
0.657
0.657
0.657
0.657
0.657
0.657
0.657
0.657
0.657
0.657
0.657
0.657
0.657
0.657
0.657
0.658
0.658
0.658
0.658
0.658
0.657
0.657
0.657
0.657
0.657
0.656
0.656
0.656
0.656
0.656
0.656
0.656
0.656
0.655
0.655
0.654
0.655
0.655
0.655
0.655
0.655
0.655
0.655
0.654
0.654
0.654
0.654
0.654
0.654
0.654
0.654
0.654
0.654
0.654
0.654
0.654
0.654
0.654
0.655
0.655
0.655
0.655
0.656
0.656
0.656
0.656
0.656
0.656
0.656
0.656
0.657
0.657
0.657
0.657
0.657
0.657
0.657
0.656
0.656
0.656
0.656
0.656
0.657
0.657
0.657
0.657
0.657
0.657
0.657
0.656
0.656
0.656
0.656
0.656
0.656
0.656
0.656
0.656
0.656
0.656
0.657
0.657
0.657
0.656
0.657
0.657
0.657
0.656
0.656
0.656
0.656
0.656
0.656
0.656
0.656
0.656
0.656
0.656
0.656
0.656
0.656
0.655
0.656
0.656
0.656
0.656
0.655
0.655
0.655
0.656
0.655
0.655
0.655
0.655
0.655
0.655
0.655
0.655
0.655
0.655
0.655
0.655
0.655
0.655
0.655
0.655
0.655
0.654
0.654
0.654
0.654
0.653
0.653
0.653
0.653
0.653
0.653
0.654
0.653
0.653
0.653
0.653
0.653
0.653
0.653
0.653
0.653
0.653
0.653
0.653
0.653
0.652
0.652
0.652
0.652
0.651
0.651
0.652
0.652
0.652
0.652
0.652
0.652
0.652
0.652
0.652
0.652
0.652
0.652
0.652
0.652
0.652
0.652
0.652
0.652
0.652
0.652
0.651
0.651
0.651
0.651
0.652
0.652
0.652
0.652
0.652
0.652
0.652
0.651
0.652
0.652
0.652
0.651
0.651
0.651
0.651
0.650
0.650
0.650
0.650
0.650
0.650
0.650
0.650
0.650
0.650
0.650
0.650
0.649
0.649
0.649
0.649
0.648
0.648
0.648
0.648
0.648
0.648
0.648
0.648
0.649
0.649
0.649
0.649
0.649
0.649
0.648
0.649
0.648
0.648
0.648
0.648
0.648
0.648
0.648
0.648
0.648
0.648
0.649
0.649
0.649
0.649
0.649
0.649
0.649
0.649
0.649
0.649
0.649
0.649
0.648
0.648
0.648
0.648
0.648
0.648
0.648
0.648
0.648
0.648
0.648
0.648
0.647
0.647
0.647
0.647
0.648
0.647
0.647
0.647
0.647
0.647
0.647
0.646
0.646
0.646
0.646
0.646
0.646
0.646
0.646
0.646
0.646
0.646
0.647
0.647
0.647
0.647
0.648
0.648
0.648
0.648
0.648
0.649
0.648
0.648
0.648
0.648
0.648
0.648
0.648
0.648
0.648
0.647
0.647
0.647
0.647
0.647
0.648
0.648
0.647
0.648
0.648
0.648
0.648
0.648
0.648
0.648
0.648
0.648
0.648
0.648
0.648
0.648
0.648
0.648
0.648
0.648
0.648
0.648
0.648
0.648
0.648
0.648
0.648
0.649
0.649
0.649
0.649
0.649
0.649
0.649
0.650
0.650
0.650
0.650
0.650
0.650
0.650
0.649
0.649
0.649
0.649
0.649
0.649
0.649
0.649
0.649
0.650
0.650
0.650
0.650
0.650
0.650
0.651
0.651
0.651
0.651
0.652
0.652
0.652
0.652
0.652
0.652
0.652
0.653
0.653
0.653
0.653
0.654
0.654
0.654
0.654
0.654
0.655
0.655
0.655
0.655
0.655
0.656
0.656
0.656
0.656
0.656
0.656
0.656
0.656
0.656
0.656
0.656
0.656
0.655
0.655
0.655
0.655
0.655
0.655
0.655
0.655
0.656
0.656
0.656
0.656
0.656
0.656
0.656
0.656
0.656
0.656
0.656
0.656
0.656
0.656
0.657
0.656
0.656
0.656
0.656
0.656
0.656
0.656
0.656
0.656
0.656
0.656
0.656
0.656
0.656
0.656
0.656
0.656
0.656
0.655
0.655
0.655
0.655
0.655
0.655
0.655
0.655
0.655
0.655
0.655
0.656
0.656
0.656
0.656
0.656
0.657
0.656
0.657
0.656
0.657
0.657
0.657
0.657
0.657
0.657
0.657
0.657
0.657
0.657
0.656
0.656
0.656
0.656
0.656
0.656
0.655
0.655
0.655
0.656
0.656
0.656
0.656
0.656
0.656
0.656
0.655
0.655
0.655
0.655
0.655
0.655
0.655
0.655
0.655
0.655
0.654
0.654
0.654
0.654
0.654
0.654
0.654
0.654
0.655
0.655
0.655
0.655
0.655
0.655
0.655
0.655
0.655
0.655
0.656
0.656
0.656
0.655
0.655
0.655
0.655
0.655
0.655
0.655
0.655
0.655
0.655
0.655
0.655
0.655
0.655
0.655
0.655
0.655
0.655
0.654
0.655
0.655
0.655
0.655
0.656
0.656
0.656
0.656
0.656
0.656
0.656
0.657
0.657
0.656
0.656
0.656
0.656
0.656
0.656
0.656
0.656
0.656
0.656
0.656
0.656
0.655
0.655
0.655
0.655
0.655
0.655
0.655
0.655
0.655
0.655
0.655
0.655
0.655
0.656
0.656
0.656
0.656
0.656
0.656
0.656
0.656
0.655
0.655
0.656
0.656
0.656
0.656
0.656
0.656
0.656
0.656
0.656
0.656
0.656
0.657
0.657
0.657
0.657
0.657
0.657
0.658
0.657
0.657
0.658
0.658
0.658
0.657
0.658
0.658
0.658
0.657
0.658
0.658
0.657
0.657
0.657
0.657
0.657
0.657
0.657
0.657
0.657
0.657
0.657
0.657
0.657
0.657
0.657
0.657
0.657
0.657
0.657
0.658
0.657
0.658
0.658
0.658
0.658
0.658
0.658
0.658
0.658
0.658
0.658
0.658
0.659
0.659
0.659
0.659
0.659
0.659
0.659
0.660
0.660
0.660
0.660
0.660
0.660
0.660
0.660
0.660
0.660
0.660
0.660
0.660
0.660
0.660
0.660
0.660
0.659
0.660
0.660
0.659
0.660
0.660
0.660
0.660
0.660
0.660
0.660
0.660
0.660
0.660
0.659
0.660
0.660
0.659
0.659
0.659
0.659
0.659
0.659
0.659
0.660
0.660
0.660
0.660
0.660
0.660
0.660
0.660
0.660
0.660
0.660
0.659
0.659
0.659
0.659
0.659
0.659
0.659
0.659
0.659
0.659
0.659
0.658
0.658
0.658
0.658
0.658
0.658
0.658
0.658
0.658
0.658
0.658
0.658
0.658
0.658
0.658
0.657
0.657
0.657
0.657
0.657
0.657
0.657
0.657
0.657
0.656
0.656
0.656
0.656
0.656
0.656
0.656
0.656
0.656
0.656
0.656
0.656
0.656
0.656
0.656
0.656
0.656
0.656
0.656
0.656
0.656
0.656
0.655
0.655
0.655
0.655
0.655
0.655
0.655
0.655
0.655
0.655
0.655
0.655
0.655
0.654
0.654
0.654
0.654
0.654
0.654
0.654
0.654
0.654
0.654
0.654