
0.144
0.127
0.117
0.112
0.118
0.130
0.130
0.132
0.133
0.163
0.164
0.161
0.167
0.161
0.167
0.165
0.163
0.174
0.171
0.169
0.166
0.184
0.193
0.190
0.203
0.215
0.232
0.245
0.244
0.249
0.257
0.272
0.281
0.288
0.297
0.293
0.289
0.299
0.295
0.291
0.290
0.285
0.281
0.290
0.293
0.290
0.294
0.289
0.286
0.284
0.291
0.289
0.290
0.289
0.296
0.295
0.293
0.298
0.302
0.298
0.295
0.293
0.290
0.288
0.286
0.283
0.280
0.278
0.276
0.275
0.274
0.278
0.276
0.274
0.273
0.277
0.276
0.274
0.273
0.275
0.278
0.276
0.273
0.271
0.269
0.268
0.266
0.264
0.262
0.261
0.265
0.267
0.272
0.276
0.281
0.280
0.278
0.276
0.276
0.279
0.277
0.280
0.280
0.279
0.278
0.281
0.280
0.280
0.279
0.278
0.277
0.275
0.274
0.272
0.275
0.279
0.277
0.275
0.279
0.280
0.284
0.285
0.285
0.288
0.292
0.294
0.292
0.291
0.290
0.288
0.287
0.288
0.289
0.288
0.287
0.286
0.288
0.286
0.286
0.286
0.284
0.283
0.283
0.282
0.280
0.279
0.278
0.277
0.276
0.276
0.276
0.275
0.275
0.275
0.276
0.276
0.275
0.278
0.278
0.280
0.281
0.281
0.283
0.282
0.283
0.282
0.282
0.281
0.281
0.282
0.281
0.280
0.282
0.282
0.282
0.283
0.282
0.281
0.280
0.279
0.281
0.282
0.282
0.282
0.284
0.283
0.284
0.283
0.282
0.282
0.281
0.283
0.282
0.281
0.281
0.281
0.280
0.282
0.282
0.284
0.284
0.283
0.282
0.284
0.284
0.284
0.283
0.282
0.281
0.281
0.280
0.279
0.278
0.280
0.280
0.281
0.280
0.280
0.279
0.278
0.278
0.277
0.276
0.275
0.275
0.277
0.279
0.281
0.281
0.280
0.280
0.279
0.278
0.278
0.277
0.277
0.278
0.279
0.278
0.278
0.277
0.278
0.278
0.277
0.276
0.276
0.275
0.276
0.276
0.275
0.275
0.274
0.274
0.274
0.275
0.276
0.276
0.275
0.274
0.275
0.275
0.275
0.274
0.274
0.274
0.275
0.274
0.274
0.276
0.275
0.276
0.276
0.276
0.275
0.276
0.275
0.275
0.274
0.274
0.274
0.275
0.274
0.275
0.277
0.278
0.278
0.278
0.277
0.277
0.276
0.277
0.277
0.276
0.275
0.277
0.278
0.278
0.279
0.279
0.279
0.278
0.278
0.277
0.277
0.278
0.278
0.278
0.279
0.278
0.278
0.278
0.279
0.279
0.279
0.279
0.279
0.278
0.279
0.278
0.279
0.279
0.279
0.278
0.278
0.278
0.278
0.277
0.278
0.279
0.279
0.279
0.279
0.278
0.278
0.278
0.278
0.277
0.279
0.278
0.278
0.279
0.279
0.278
0.278
0.277
0.277
0.277
0.277
0.276
0.276
0.276
0.276
0.276
0.275
0.275
0.275
0.275
0.274
0.274
0.274
0.274
0.274
0.274
0.274
0.274
0.273
0.273
0.273
0.272
0.272
0.272
0.272
0.272
0.272
0.272
0.271
0.271
0.271
0.271
0.271
0.271
0.271
0.271
0.271
0.271
0.271
0.270
0.270
0.270
0.270
0.270
0.270
0.270
0.270
0.270
0.269
0.269
0.269
0.269
0.268
0.268
0.268
0.267
0.267
0.267
0.267
0.266
0.266
0.266
0.266
0.266
0.266
0.266
0.266
0.266
0.265
0.265
0.265
0.265
0.265
0.265
0.264
0.264
0.264
0.264
0.263
0.263
0.263
0.263
0.263
0.263
0.263
0.263
0.262
0.262
0.262
0.262
0.261
0.261
0.261
0.261
0.261
0.261
0.261
0.260
0.260
0.260
0.260
0.260
0.260
0.260
0.260
0.260
0.260
0.260
0.259
0.259
0.259
0.259
0.259
0.259
0.259
0.259
0.258
0.258
0.258
0.258
0.258
0.257
0.257
0.257
0.257
0.257
0.257
0.257
0.257
0.257
0.257
0.257
0.257
0.257
0.256
0.256
0.256
0.256
0.256
0.256
0.256
0.255
0.255
0.255
0.255
0.255
0.255
0.254
0.254
0.254
0.254
0.254
0.254
0.254
0.253
0.253
0.253
0.253
0.253
0.253
0.253
0.253
0.253
0.253
0.252
0.252
0.252
0.252
0.252
0.252
0.252
0.252
0.252
0.251
0.252
0.251
0.251
0.251
0.251
0.251
0.251
0.251
0.251
0.251
0.251
0.250
0.250
0.250
0.251
0.250
0.250
0.250
0.250
0.250
0.250
0.250
0.250
0.251
0.251
0.250
0.250
0.250
0.250
0.250
0.250
0.250
0.250
0.249
0.249
0.250
0.251
0.251
0.252
0.252
0.253
0.253
0.254
0.255
0.255
0.256
0.256
0.257
0.257
0.257
0.258
0.258
0.258
0.258
0.258
0.258
0.258
0.258
0.257
0.257
0.257
0.257
0.257
0.257
0.256
0.256
0.257
0.257
0.257
0.256
0.257
0.256
0.256
0.256
0.256
0.256
0.256
0.256
0.256
0.256
0.255
0.255
0.255
0.255
0.255
0.255
0.255
0.255
0.255
0.256
0.256
0.256
0.256
0.256
0.256
0.256
0.256
0.256
0.256
0.255
0.255
0.255
0.255
0.255
0.255
0.255
0.255
0.255
0.255
0.255
0.255
0.255
0.255
0.255
0.255
0.255
0.255
0.255
0.255
0.255
0.254
0.254
0.254
0.254
0.254
0.255
0.255
0.255
0.255
0.254
0.254
0.254
0.254
0.254
0.254
0.254
0.254
0.254
0.254
0.254
0.254
0.254
0.254
0.253
0.253
0.253
0.253
0.253
0.253
0.253
0.253
0.253
0.253
0.253
0.253
0.253
0.253
0.253
0.253
0.253
0.253
0.253
0.253
0.253
0.253
0.253
0.253
0.253
0.253
0.253
0.253
0.253
0.253
0.253
0.253
0.253
0.253
0.253
0.253
0.253
0.253
0.253
0.253
0.254
0.254
0.254
0.254
0.254
0.254
0.254
0.254
0.254
0.254
0.254
0.254
0.254
0.254
0.254
0.254
0.254
0.254
0.254
0.254
0.254
0.254
0.254
0.254
0.254
0.254
0.254
0.254
0.254
0.254
0.254
0.254
0.254
0.254
0.254
0.254
0.254
0.254
0.254
0.254
0.254
0.254
0.254
0.254
0.254
0.254
0.254
0.254
0.254
0.254
0.254
0.254
0.255
0.255
0.254
0.255
0.254
0.254
0.254
0.254
0.254
0.254
0.254
0.254
0.255
0.255
0.255
0.255
0.255
0.255
0.255
0.255
0.255
0.255
0.255
0.255
0.255
0.255
0.255
0.255
0.255
0.255
0.255
0.256
0.255
0.256
0.256
0.256
0.256
0.256
0.256
0.256
0.256
0.256
0.256
0.256
0.256
0.256
0.256
0.256
0.256
0.256
0.256
0.256
0.256
0.256
0.256
0.256
0.256
0.256
0.256
0.256
0.256
0.256
0.256
0.256
0.256
0.256
0.256
0.256
0.256
0.256
0.256
0.256
0.256
0.257
0.257
0.257
0.257
0.257
0.257
0.257
0.257
0.257
0.257
0.257
0.257
0.257
0.257
0.257
0.257
0.257
0.257
0.258
0.258
0.258
0.258
0.258
0.258
0.258
0.258
0.258
0.258
0.258
0.258
0.258
0.258
0.258
0.258
0.259
0.259
0.259
0.259
0.259
0.259
0.259
0.259
0.259
0.259
0.259
0.259
0.259
0.259
0.259
0.259
0.259
0.259
0.259
0.259
0.259
0.259
0.259
0.259
0.259
0.259
0.259
0.259
0.259
0.259
0.259
0.259
0.259
0.259
0.259
0.259
0.259
0.259
0.259
0.259
0.259
0.259
0.259
0.259
0.259
0.259
0.259
0.259
0.259
0.259
0.259
0.259
0.259
0.259
0.259
0.259
0.259
0.259
0.259
0.259
0.259
0.259
0.259
0.259
0.259
0.259
0.259
0.259
0.259
0.259
0.259
0.259
0.259
0.259
0.259
0.259
0.259
0.259
0.259
0.259
0.259
0.259
0.259
0.259
0.259
0.259
0.259
0.259
0.259
0.259
0.258
0.259
0.259
0.259
0.259
0.259
0.259
0.259
0.259
0.259
0.258
0.258
0.258
0.258
0.258
0.258
0.258
0.258
0.258
0.258
0.258
0.258
0.258
0.258
0.258
0.258
0.258
0.258
0.258
0.258
0.258
0.258
0.258
0.258
0.258
0.258
0.258
0.258
0.258
0.258
0.258
0.258
0.258
0.258
0.258
0.258
0.258
0.258
0.258
0.258
0.258
0.258
0.258
0.258
0.258
0.258
0.258
0.258
0.258
0.258
0.258
0.258
0.258
0.258
0.258
0.258
0.258
0.258
0.258
0.258
0.258
0.258
0.258
0.258
0.258
0.258
0.258
0.258
0.258
0.258
0.258
0.258
0.258
0.258
0.258
0.258
0.258
0.258
0.258
0.258
0.258
0.258
0.258
0.258
0.258
0.258
0.258
0.258
0.258
0.258
0.258
0.258
0.258
0.258
0.258
0.258
0.258
0.258
0.258
0.258
0.258
0.258
0.258
0.258
0.258
0.258
0.258
0.258
0.258
0.258
0.258
0.258
0.258
0.258
0.258
0.258
0.258
0.258
0.258
0.258
0.258
0.258
0.258
0.258
0.258
0.258
0.258
0.258
0.258
0.258
0.258
0.258
0.258
0.258
0.258
0.258
0.258
0.258
0.258
0.258
0.258
0.258
0.258
0.258
0.258
0.258
0.258
0.257
0.258
0.258
0.258
0.257
0.257
0.257
0.257
0.257
0.257
0.257
0.257
0.257
0.257
0.257
0.257
0.257
0.257
0.257
0.257
0.257
0.257
0.258
0.258
0.258
0.257
0.257
0.258
0.258
0.258
0.258
0.257
0.257
0.258
0.258
0.258
0.258
0.258
0.258
0.258
0.258
0.257
0.257
0.257
0.257
0.257
0.257
0.257
0.257
0.257
0.257
0.257
0.257
0.257
0.257
0.257
0.257
0.257
0.257
0.257
0.257
0.258
0.257
0.257
0.257
0.257
0.257
0.257
0.257
0.257
0.257
0.257
0.257
0.257
0.257
0.257
0.257
0.257
0.257
0.257
0.257
0.257
0.257
0.257
0.257
0.257
0.257
0.257
0.257
0.257
0.257
0.257
0.257
0.257
0.257
0.257
0.257
0.257
0.257
0.257
0.257
0.257
0.257
0.257
0.257
0.257
0.257
0.257
0.257
0.256
0.256
0.257
0.257
0.257
0.257
0.257
0.257
0.257
0.257
0.257
0.257
0.257
0.257
0.257
0.256
0.256
0.256
0.257
0.257
0.257
0.257
0.257
0.257
0.257
0.257
0.257
0.257
0.257
0.257
0.257
0.257
0.257
0.257
0.257
0.258
0.258
0.258
0.258
0.258
0.257
0.258
0.258
0.257
0.258
0.257
0.257
0.257
0.257
0.257
0.257
0.257
0.257
0.257
0.257
0.257
0.257
0.257
0.257
0.257
0.257
0.257
0.257
0.257
0.257
0.257
0.256
0.256
0.256
0.256
0.257
0.257
0.257
0.257
0.257
0.256
0.256
0.256
0.256
0.257
0.256
0.256
0.256
0.256
0.256
0.256
0.256
0.256
0.256
0.256
0.256
0.256
0.256
0.256
0.256
0.256
0.256
0.256
0.256
0.256
0.256
0.256
0.256
0.256
0.256
0.256
0.256
0.256
0.256
0.256
0.256
0.256
0.256
0.256
0.256
0.256
0.256
0.256
0.256
0.256
0.256
0.256
0.256
0.256
0.256
0.256
0.256
0.256
0.256
0.256
0.256
0.256
0.256
0.256
0.256
0.256
0.256
0.256
0.256
0.256
0.256
0.256
0.256
0.256
0.256
0.256
0.256
0.256
0.256
0.256
0.256
0.256
0.256
0.255
0.256
0.256
0.256
0.256
0.256
0.256
0.256
0.256
0.256
0.256
0.256
0.256
0.256
0.256
0.256
0.256
0.256
0.256
0.256
0.256
0.256
0.256
0.256
0.256
0.256
0.256
0.256
0.256
0.256
0.256
0.256
0.256
0.256
0.256
0.256
0.256
0.256
0.256
0.256
0.256
0.256
0.256
0.256
0.256
0.256
0.256
0.256
0.256
0.256
0.256
0.256
0.256
0.256
0.256
0.256
0.256
0.256
0.256
0.256
0.256
0.256
0.255
0.255
0.255
0.255
0.255
0.255
0.255
0.255
0.256
0.256
0.256
0.256
0.256
0.256
0.256
0.256
0.256
0.256
0.256
0.256
0.256
0.256
0.256
0.256
0.256
0.256
0.256
0.256
0.256
0.256
0.256
0.256
0.256
0.256
0.256
0.256
0.256
0.256
0.256
0.256
0.256
0.256
0.256
0.256
0.256
0.256
0.256
0.256
0.256
0.256
0.256
0.256
0.256
0.256
0.256
0.256
0.256
0.256
0.256
0.256
0.256
0.256
0.256
0.256
0.256
0.256
0.256
0.256
0.256
0.256
0.256
0.256
0.256
0.256
0.256
0.256
0.256
0.256
0.256
0.256
0.256
0.256
0.256
0.256
0.256
0.256
0.256
0.256
0.256
0.256
0.256
0.256
0.256
0.256
0.256
0.256
0.256
0.256
0.256
0.255
0.255
0.255
0.255
0.255
0.255
0.255
0.255
0.255
0.255
0.255
0.255
0.255
0.255
0.255
0.255
0.255
0.255
0.255
0.255
0.256
0.256
0.256
0.256
0.256
0.256
0.256
0.256
0.256
0.256
0.256
0.256
0.256
0.256
0.256
0.256
0.256
0.256
0.256
0.256
0.256
0.256
0.256
0.256
0.256
0.256
0.256
0.256
0.256
0.256
0.256
0.256
0.256
0.256
0.256
0.256
0.256
0.256
0.256
0.256
0.256
0.256
0.256
0.256
0.257
0.256
0.256
0.256
0.256
0.256
0.256
0.256
0.256
0.256
0.256
0.257
0.257
0.257
0.257
0.257
0.257
0.257
0.257
0.257
0.257
0.257
0.257
0.257
0.257
0.257
0.257
0.257
0.257
0.257
0.257
0.257
0.257
0.257
0.257
0.257
0.257
0.257
0.257
0.257
0.257
0.257
0.257
0.257
0.257
0.257
0.257
0.257
0.257
0.257
0.257
0.257
0.257
0.257
0.257
0.257
0.257
0.257
0.257
0.257
0.257
0.257
0.257
0.257
0.257
0.257
0.257
0.257
0.257
0.257
0.257
0.257
0.257
0.257
0.257
0.257
0.257
0.257
0.257
0.257
0.257
0.257
0.257
0.257
0.257
0.257
0.257
0.257
0.257
0.257
0.257
0.257
0.257
0.257
0.257
0.257
0.257
0.257
0.257
0.257
0.257
0.257
0.257
0.257
0.257
0.257
0.257
0.257
0.257
0.257
0.257
0.257
0.257
0.257
0.257
0.257
0.257
0.257
0.257
0.257
0.257
0.257
0.257
0.257
0.257
0.257
0.257
0.257
0.257
0.257
0.257
0.257
0.257
0.257
0.257
0.257
0.257
0.257
0.257
0.257
0.257
0.257
0.257
0.257
0.257
0.257
0.257
0.257
0.257
0.257
0.257
0.257
0.257
0.257
0.257
0.257
0.257
0.257
0.257
0.257
0.257
0.257
0.257
0.257
0.257
0.257
0.257
0.257
0.257
0.257
0.257
0.258
0.258
0.258
0.258
0.258
0.258
0.258
0.259
0.259
0.259
0.259
0.259
0.259
0.259
0.260
0.260
0.260
0.260
0.260
0.260
0.260
0.260
0.260
0.260
0.261
0.261
0.261
0.261
0.261
0.261
0.261
0.261
0.261
0.261
0.262
0.262
0.261
0.261
0.261
0.261
0.261
0.261
0.261
0.261
0.262
0.262
0.262
0.262
0.262
0.262
0.262
0.262
0.262
0.262
0.262
0.262
0.262
0.262
0.262
0.262
0.262
0.263
0.263
0.263
0.263
0.263
0.263
0.264
0.263
0.264
0.264
0.264
0.264
0.264
0.264
0.264
0.264
0.264
0.264
0.264
0.264
0.264
0.264
0.264
0.263
0.264
0.263
0.263
0.263
0.263
0.263
0.263
0.263
0.263
0.263
0.263
0.263
0.263
0.263
0.264
0.264
0.264
0.264
0.264
0.264
0.264
0.264
0.264
0.264
0.264
0.264
0.264
0.264
0.264
0.264
0.264
0.264
0.264
0.264
0.264
0.264
0.264
0.264
0.264
0.264
0.264
0.264
0.264
0.265
0.265
0.265
0.265
0.265
0.265
0.265
0.265
0.265
0.265
0.265
0.265
0.264
0.264
0.264
0.264
0.264
0.264
0.264
0.264
0.264
0.264
0.264
0.264
0.264
0.264
0.264
0.264
0.264
0.264
0.264
0.264
0.264
0.264
0.264
0.264
0.264
0.264
0.264
0.264
0.264
0.264
0.264
0.264
0.264
0.264
0.264
0.264
0.264
0.264
0.264
0.264
0.264
0.264
0.264
0.264
0.264
0.264
0.264
0.264
0.264
0.264
0.264
0.264
0.264
0.264
0.263
0.264
0.264
0.264
0.264
0.263
0.263
0.263
0.263
0.263
0.263
0.263
0.263
0.263
0.263
0.263
0.263
0.263
0.263
0.263
0.263
0.263
0.263
0.263
0.263
0.263
0.263
0.263
0.263
0.263
0.263
0.263
0.263
0.263
0.262
0.262
0.262
0.262
0.262
0.262
0.262
0.262
0.262
0.262
0.262
0.262
0.262
0.262
0.262
0.262
0.262
0.262
0.262
0.262
0.261
0.261
0.261
0.261
0.261
0.261
0.261
0.261
0.261
0.261
0.261
0.261
0.261
0.261
0.261
0.261
0.261
0.261
0.261
0.261
0.261
0.260
0.260
0.260
0.260
0.260
0.260
0.260
0.260
0.260
0.260
0.260
0.260
0.260
0.260
0.260
0.260
0.260
0.260
0.260
0.260
0.260
0.259
0.259
0.259
0.259
0.259
0.259
0.259
0.259
0.259
0.259
0.259
0.259
0.259
0.259
0.259
0.259
0.259
0.259
0.259
0.259
0.259
0.259
0.258
0.258
0.258
0.258
0.258
0.258
0.258
0.258
0.258
0.258
0.258
0.258
0.258
0.258
0.258
0.258
0.258
0.258
0.258
0.258
0.258
0.258
0.257
0.257
0.257
0.257
0.257
0.257
0.257
0.257
0.257
0.257
0.257
0.257
0.257
0.257
0.257
0.257
0.257
0.257
0.257
0.257
0.257
0.257
0.257
0.257
0.256
0.256
0.256
0.256
0.256
0.256
0.256
0.256
0.256
0.256
0.256
0.256
0.256
0.256
0.256
0.256
0.256
0.256
0.256
0.256
0.256
0.256
0.256
0.256
0.256
0.256
0.256
0.255
0.255
0.255
0.255
0.255
0.255
0.255
0.255
0.255
0.255
0.255
0.255
0.255
0.255
0.255
0.255
0.255
0.255
0.255
0.255
0.255
0.255
0.255
0.255
0.255
0.255
0.254
0.254
0.254
0.254
0.254
0.254
0.254
0.254
0.254
0.254
0.254
0.254
0.254
0.254
0.254
0.254
0.254
0.254
0.254
0.254
0.254
0.254
0.254
0.254
0.254
0.254
0.254
0.254
0.253
0.253
0.253
0.254
0.254
0.254
0.254
0.254
0.254
0.254
0.254
0.254
0.254
0.253
0.253
0.253
0.253
0.253
0.253
0.253
0.253
0.253
0.253
0.253
0.253
0.253
0.253
0.253
0.253
0.253
0.253
0.253
0.253
0.253
0.253
0.253
0.253
0.253
0.253
0.253
0.253
0.253
0.253
0.253
0.252
0.252
0.252
0.252
0.252
0.252
0.252
0.252
0.252
0.252
0.252
0.252
0.252
0.252
0.252
0.252
0.252
0.252
0.252
0.252
0.252
0.252
0.252
0.252
0.252
0.252
0.252
0.252
0.252
0.252
0.252
0.252
0.252
0.252
0.252
0.252
0.252
0.252
0.252
0.252
0.252
0.252
0.252
0.252
0.252
0.252
0.252
0.252
0.252
0.252
0.252
0.252
0.252
0.252
0.252
0.252
0.252
0.252
0.252
0.252
0.252
0.252
0.252
0.252
0.252
0.252
0.252
0.252
0.252
0.251
0.251
0.251
0.251
0.251
0.251
0.251
0.251
0.251
0.251
0.251
0.251
0.251
0.251
0.251
0.251
0.251
0.251
0.251
0.251
0.251
0.251
0.251
0.251
0.251
0.251
0.251
0.251
0.251
0.251
0.251
0.251
0.251
0.251
0.251
0.251
0.251
0.251
0.251
0.250
0.251
0.251
0.250
0.250
0.250
0.250
0.250
0.250
0.250
0.250
0.250
0.250
0.250
0.250
0.250
0.250
0.250
0.250
0.250
0.250
0.250
0.250
0.250
0.250
0.250
0.250
0.250
0.250
0.250
0.250
0.250
0.250
0.250
0.250
0.250
0.250
0.250
0.250
0.250
0.250
0.250
0.250
0.250
0.250
0.250
0.250
0.250
0.250
0.250
0.250
0.250
0.250
0.250
0.250
0.250
0.250
0.250
0.250
0.250
0.250
0.250
0.250
0.251
0.251
0.251
0.251
0.251
0.251
0.251
0.251
0.251
0.251
0.251
0.251
0.251
0.251
0.251
0.251
0.251
0.251
0.251
0.251
0.251
0.251
0.251
0.251
0.251
0.251
0.251
0.251
0.251
0.251
0.252
0.252
0.252
0.252
0.252
0.252
0.252
0.252
0.251
0.251
0.251
0.251
0.251
0.251
0.252
0.252
0.252
0.252
0.252
0.252
0.252
0.252
0.252
0.252
0.252
0.252
0.252
0.252
0.252
0.252
0.252
0.252
0.252
0.252
0.252
0.252
0.252
0.252
0.252
0.252
0.252
0.252
0.252
0.252
0.252
0.252
0.252
0.252
0.252
0.252
0.252
0.252
0.252
0.252
0.252
0.252
0.252
0.252
0.252
0.252
0.252
0.252
0.252
0.253
0.252
0.252
0.253
0.252
0.252
0.252
0.252
0.252
0.252
0.252
0.252
0.252
0.252
0.252
0.252
0.252
0.252
0.253
0.253
0.253
0.253
0.253
0.253
0.253
0.253
0.253
0.253
0.253
0.253
0.253
0.253
0.253
0.253
0.253
0.253
0.253
0.253
0.253
0.253
0.253
0.253
0.253
0.253
0.253
0.253
0.253
0.253
0.253
0.253
0.253
0.253
0.253
0.253
0.253
0.253
0.253
0.253
0.253
0.253
0.253
0.253
0.253
0.252
0.253
0.253
0.253
0.253
0.253
0.253
0.253
0.253
0.253
0.253
0.253
0.253
0.252
0.253
0.252
0.252
0.253
0.253
0.253
0.253
0.253
0.253
0.253
0.253
0.252
0.252
0.253
0.253
0.253
0.253
0.253
0.253
0.253
0.253
0.253
0.253
0.253
0.253
0.254
0.253
0.253
0.253
0.254
0.253
0.253
0.253
0.254
0.253
0.253
0.254
0.254
0.254
0.254
0.253
0.253
0.253
0.253
0.253
0.253
0.253
0.254
0.254
0.254
0.254
0.254