
0.215
0.182
0.153
0.155
0.142
0.137
0.150
0.142
0.144
0.193
0.192
0.188
0.187
0.182
0.181
0.180
0.179
0.214
0.209
0.206
0.199
0.227
0.229
0.232
0.238
0.247
0.262
0.276
0.271
0.277
0.292
0.300
0.318
0.335
0.349
0.341
0.336
0.348
0.343
0.336
0.331
0.331
0.324
0.332
0.333
0.333
0.334
0.330
0.326
0.321
0.325
0.321
0.319
0.317
0.323
0.322
0.318
0.327
0.329
0.332
0.329
0.328
0.326
0.321
0.321
0.318
0.315
0.314
0.311
0.315
0.312
0.309
0.312
0.315
0.314
0.316
0.316
0.314
0.315
0.318
0.323
0.321
0.319
0.316
0.315
0.312
0.310
0.311
0.308
0.306
0.308
0.309
0.310
0.312
0.313
0.311
0.311
0.308
0.307
0.310
0.308
0.309
0.307
0.306
0.303
0.306
0.305
0.305
0.305
0.305
0.303
0.301
0.301
0.299
0.303
0.308
0.307
0.305
0.308
0.311
0.315
0.316
0.320
0.322
0.326
0.328
0.326
0.328
0.327
0.325
0.324
0.324
0.323
0.322
0.320
0.320
0.320
0.318
0.319
0.318
0.316
0.316
0.315
0.316
0.315
0.313
0.313
0.312
0.311
0.312
0.311
0.311
0.311
0.310
0.310
0.310
0.309
0.312
0.312
0.314
0.315
0.315
0.315
0.314
0.315
0.314
0.312
0.312
0.312
0.313
0.311
0.312
0.313
0.312
0.313
0.313
0.312
0.311
0.310
0.310
0.311
0.311
0.310
0.310
0.310
0.313
0.314
0.313
0.312
0.311
0.309
0.311
0.310
0.310
0.310
0.309
0.308
0.309
0.308
0.310
0.309
0.308
0.311
0.313
0.313
0.312
0.311
0.310
0.309
0.308
0.307
0.306
0.305
0.306
0.308
0.309
0.309
0.308
0.307
0.306
0.306
0.305
0.304
0.304
0.304
0.306
0.308
0.311
0.313
0.313
0.312
0.311
0.310
0.310
0.309
0.311
0.312
0.313
0.313
0.313
0.312
0.312
0.312
0.312
0.311
0.310
0.309
0.310
0.310
0.309
0.308
0.307
0.308
0.308
0.308
0.310
0.309
0.309
0.308
0.310
0.310
0.310
0.310
0.309
0.309
0.308
0.308
0.307
0.309
0.309
0.309
0.308
0.308
0.307
0.307
0.307
0.306
0.307
0.306
0.305
0.305
0.306
0.307
0.308
0.309
0.309
0.309
0.309
0.309
0.308
0.309
0.308
0.308
0.307
0.307
0.309
0.309
0.309
0.308
0.307
0.307
0.306
0.305
0.305
0.307
0.306
0.306
0.307
0.306
0.306
0.307
0.307
0.307
0.307
0.306
0.306
0.305
0.306
0.305
0.306
0.306
0.306
0.306
0.305
0.306
0.306
0.306
0.307
0.309
0.310
0.310
0.310
0.309
0.309
0.308
0.308
0.308
0.309
0.309
0.311
0.311
0.311
0.310
0.310
0.310
0.310
0.309
0.309
0.308
0.308
0.308
0.308
0.307
0.307
0.306
0.306
0.306
0.306
0.306
0.306
0.306
0.307
0.306
0.306
0.305
0.305
0.304
0.304
0.304
0.304
0.303
0.303
0.303
0.303
0.303
0.303
0.303
0.303
0.302
0.302
0.302
0.302
0.302
0.302
0.302
0.301
0.301
0.301
0.300
0.301
0.301
0.301
0.300
0.300
0.300
0.300
0.300
0.300
0.299
0.299
0.299
0.299
0.299
0.299
0.300
0.299
0.299
0.299
0.299
0.299
0.299
0.299
0.299
0.299
0.298
0.298
0.298
0.297
0.297
0.297
0.296
0.296
0.296
0.296
0.296
0.295
0.295
0.295
0.295
0.294
0.295
0.295
0.295
0.295
0.295
0.294
0.294
0.294
0.294
0.294
0.294
0.294
0.294
0.294
0.293
0.293
0.293
0.293
0.293
0.293
0.293
0.293
0.293
0.293
0.292
0.292
0.292
0.292
0.292
0.291
0.291
0.291
0.291
0.290
0.290
0.290
0.290
0.290
0.290
0.290
0.290
0.290
0.290
0.290
0.290
0.290
0.290
0.290
0.289
0.289
0.289
0.289
0.289
0.289
0.288
0.288
0.288
0.288
0.288
0.288
0.288
0.288
0.288
0.288
0.288
0.288
0.288
0.288
0.289
0.289
0.289
0.289
0.288
0.288
0.288
0.288
0.288
0.288
0.288
0.288
0.288
0.288
0.288
0.288
0.287
0.287
0.287
0.287
0.287
0.287
0.287
0.287
0.286
0.286
0.286
0.286
0.286
0.285
0.285
0.285
0.285
0.285
0.285
0.285
0.284
0.284
0.284
0.284
0.284
0.284
0.284
0.284
0.283
0.283
0.283
0.283
0.283
0.283
0.283
0.283
0.283
0.283
0.282
0.282
0.282
0.282
0.282
0.282
0.282
0.283
0.282
0.283
0.283
0.282
0.283
0.283
0.283
0.283
0.283
0.283
0.283
0.283
0.283
0.283
0.283
0.283
0.283
0.282
0.282
0.282
0.282
0.282
0.282
0.281
0.281
0.281
0.281
0.281
0.281
0.281
0.280
0.281
0.280
0.280
0.280
0.280
0.280
0.280
0.280
0.280
0.280
0.280
0.279
0.279
0.279
0.279
0.279
0.279
0.279
0.278
0.278
0.278
0.278
0.278
0.278
0.278
0.278
0.278
0.278
0.278
0.278
0.278
0.278
0.277
0.277
0.277
0.277
0.277
0.277
0.277
0.277
0.277
0.277
0.277
0.277
0.277
0.277
0.277
0.276
0.276
0.276
0.276
0.276
0.276
0.276
0.276
0.276
0.276
0.276
0.276
0.276
0.275
0.275
0.276
0.275
0.276
0.275
0.275
0.276
0.276
0.275
0.275
0.275
0.275
0.275
0.275
0.275
0.275
0.274
0.274
0.274
0.274
0.274
0.274
0.274
0.274
0.274
0.274
0.274
0.274
0.274
0.274
0.274
0.274
0.274
0.274
0.274
0.274
0.274
0.274
0.274
0.274
0.274
0.274
0.274
0.274
0.274
0.274
0.274
0.274
0.274
0.275
0.275
0.275
0.275
0.275
0.275
0.275
0.275
0.275
0.275
0.275
0.275
0.275
0.275
0.275
0.275
0.274
0.275
0.275
0.275
0.275
0.275
0.275
0.275
0.275
0.275
0.275
0.275
0.275
0.275
0.275
0.275
0.275
0.275
0.275
0.275
0.275
0.275
0.275
0.275
0.275
0.275
0.275
0.275
0.276
0.276
0.276
0.276
0.276
0.275
0.275
0.275
0.275
0.275
0.275
0.275
0.276
0.276
0.276
0.276
0.275
0.276
0.276
0.275
0.275
0.276
0.276
0.276
0.276
0.276
0.276
0.276
0.276
0.276
0.276
0.276
0.276
0.276
0.276
0.276
0.276
0.276
0.276
0.276
0.276
0.276
0.276
0.276
0.276
0.276
0.276
0.276
0.276
0.276
0.276
0.276
0.276
0.276
0.276
0.276
0.276
0.276
0.276
0.276
0.276
0.277
0.277
0.277
0.276
0.277
0.277
0.277
0.277
0.277
0.277
0.277
0.277
0.277
0.277
0.277
0.277
0.277
0.277
0.277
0.277
0.277
0.277
0.277
0.277
0.277
0.277
0.278
0.278
0.278
0.278
0.278
0.278
0.278
0.278
0.278
0.278
0.278
0.278
0.278
0.278
0.278
0.278
0.278
0.279
0.279
0.279
0.279
0.279
0.279
0.279
0.279
0.279
0.279
0.279
0.279
0.279
0.279
0.279
0.279
0.279
0.280
0.280
0.280
0.280
0.280
0.280
0.280
0.280
0.280
0.280
0.280
0.280
0.280
0.280
0.280
0.280
0.280
0.280
0.280
0.280
0.280
0.280
0.280
0.280
0.280
0.280
0.280
0.279
0.279
0.279
0.279
0.279
0.279
0.279
0.279
0.279
0.279
0.279
0.279
0.279
0.279
0.279
0.279
0.279
0.279
0.279
0.279
0.279
0.279
0.279
0.279
0.279
0.279
0.279
0.279
0.279
0.279
0.279
0.279
0.279
0.279
0.279
0.279
0.279
0.278
0.278
0.278
0.278
0.278
0.278
0.278
0.278
0.278
0.278
0.278
0.279
0.278
0.278
0.278
0.278
0.278
0.278
0.278
0.278
0.278
0.278
0.278
0.278
0.278
0.278
0.278
0.278
0.278
0.278
0.278
0.278
0.278
0.278
0.278
0.278
0.278
0.278
0.278
0.278
0.278
0.278
0.278
0.278
0.278
0.278
0.278
0.278
0.278
0.278
0.278
0.278
0.278
0.278
0.278
0.278
0.278
0.278
0.278
0.278
0.278
0.278
0.278
0.278
0.278
0.278
0.278
0.278
0.278
0.278
0.278
0.278
0.278
0.278
0.278
0.278
0.278
0.278
0.277
0.277
0.277
0.278
0.278
0.278
0.278
0.278
0.278
0.278
0.278
0.278
0.278
0.278
0.278
0.278
0.278
0.278
0.278
0.278
0.278
0.278
0.278
0.278
0.278
0.278
0.278
0.278
0.278
0.278
0.278
0.278
0.278
0.278
0.278
0.278
0.278
0.278
0.278
0.278
0.278
0.278
0.278
0.278
0.278
0.278
0.278
0.278
0.278
0.278
0.278
0.278
0.278
0.278
0.278
0.278
0.278
0.278
0.278
0.278
0.278
0.278
0.278
0.278
0.278
0.278
0.278
0.278
0.278
0.278
0.278
0.278
0.278
0.278
0.278
0.278
0.278
0.278
0.278
0.278
0.278
0.278
0.278
0.278
0.278
0.277
0.277
0.278
0.277
0.278
0.278
0.278
0.278
0.278
0.278
0.278
0.278
0.278
0.277
0.277
0.277
0.277
0.277
0.277
0.277
0.277
0.277
0.277
0.277
0.277
0.277
0.277
0.278
0.277
0.278
0.278
0.278
0.278
0.278
0.278
0.278
0.277
0.278
0.278
0.278
0.278
0.278
0.278
0.278
0.278
0.278
0.278
0.278
0.278
0.278
0.278
0.277
0.277
0.277
0.277
0.277
0.277
0.277
0.277
0.277
0.277
0.277
0.277
0.277
0.277
0.277
0.277
0.277
0.278
0.278
0.278
0.278
0.277
0.277
0.277
0.277
0.277
0.278
0.278
0.277
0.277
0.277
0.277
0.277
0.277
0.278
0.278
0.278
0.277
0.277
0.277
0.277
0.277
0.277
0.277
0.277
0.277
0.277
0.277
0.277
0.277
0.277
0.276
0.276
0.276
0.276
0.276
0.276
0.276
0.277
0.277
0.277
0.277
0.277
0.277
0.277
0.277
0.277
0.277
0.277
0.277
0.277
0.277
0.277
0.277
0.277
0.277
0.277
0.277
0.277
0.277
0.277
0.277
0.277
0.277
0.277
0.277
0.277
0.277
0.277
0.277
0.277
0.277
0.277
0.277
0.277
0.277
0.277
0.276
0.276
0.276
0.276
0.276
0.276
0.276
0.276
0.276
0.276
0.276
0.276
0.276
0.276
0.276
0.275
0.275
0.275
0.275
0.276
0.276
0.276
0.276
0.276
0.276
0.276
0.276
0.276
0.276
0.276
0.276
0.275
0.275
0.275
0.275
0.275
0.275
0.275
0.275
0.275
0.275
0.275
0.275
0.275
0.274
0.275
0.275
0.275
0.275
0.275
0.274
0.275
0.274
0.274
0.274
0.274
0.275
0.275
0.275
0.275
0.274
0.275
0.274
0.274
0.275
0.275
0.274
0.274
0.274
0.275
0.275
0.274
0.274
0.274
0.274
0.274
0.274
0.274
0.274
0.274
0.274
0.274
0.274
0.274
0.274
0.274
0.274
0.274
0.274
0.274
0.275
0.275
0.275
0.275
0.275
0.275
0.275
0.276
0.276
0.276
0.275
0.276
0.275
0.275
0.275
0.275
0.275
0.275
0.275
0.275
0.275
0.275
0.275
0.275
0.275
0.275
0.275
0.274
0.274
0.274
0.274
0.274
0.274
0.274
0.274
0.274
0.274
0.274
0.274
0.274
0.274
0.275
0.274
0.274
0.274
0.274
0.274
0.274
0.274
0.274
0.274
0.274
0.274
0.274
0.274
0.274
0.274
0.274
0.274
0.273
0.273
0.274
0.274
0.274
0.274
0.273
0.273
0.273
0.273
0.273
0.273
0.273
0.273
0.273
0.273
0.273
0.273
0.273
0.273
0.273
0.273
0.273
0.273
0.273
0.273
0.273
0.273
0.273
0.273
0.273
0.272
0.272
0.272
0.272
0.272
0.272
0.272
0.272
0.272
0.272
0.272
0.272
0.272
0.272
0.272
0.272
0.272
0.272
0.272
0.272
0.272
0.272
0.272
0.272
0.272
0.272
0.272
0.272
0.273
0.272
0.272
0.272
0.272
0.272
0.272
0.272
0.272
0.272
0.272
0.272
0.272
0.272
0.272
0.272
0.272
0.272
0.272
0.271
0.272
0.271
0.271
0.271
0.271
0.271
0.272
0.272
0.272
0.272
0.272
0.272
0.272
0.272
0.272
0.272
0.272
0.272
0.272
0.272
0.272
0.272
0.271
0.271
0.271
0.271
0.271
0.271
0.271
0.271
0.271
0.271
0.271
0.271
0.271
0.271
0.271
0.271
0.271
0.271
0.271
0.270
0.270
0.270
0.270
0.270
0.270
0.270
0.270
0.271
0.270
0.270
0.270
0.270
0.270
0.270
0.270
0.270
0.270
0.270
0.270
0.270
0.270
0.270
0.270
0.270
0.270
0.270
0.270
0.270
0.270
0.270
0.270
0.270
0.270
0.270
0.270
0.270
0.270
0.270
0.270
0.270
0.270
0.270
0.270
0.270
0.270
0.270
0.270
0.270
0.270
0.270
0.270
0.270
0.270
0.270
0.270
0.270
0.270
0.270
0.270
0.270
0.270
0.270
0.270
0.270
0.270
0.270
0.270
0.270
0.270
0.270
0.270
0.270
0.269
0.269
0.269
0.269
0.269
0.269
0.269
0.270
0.270
0.270
0.270
0.270
0.270
0.270
0.270
0.270
0.270
0.270
0.270
0.270
0.270
0.270
0.270
0.270
0.270
0.270
0.270
0.270
0.270
0.270
0.270
0.270
0.270
0.270
0.270
0.270
0.270
0.270
0.270
0.270
0.270
0.270
0.270
0.270
0.270
0.270
0.270
0.270
0.270
0.271
0.271
0.271
0.271
0.271
0.271
0.271
0.271
0.271
0.271
0.271
0.271
0.271
0.271
0.271
0.271
0.271
0.271
0.271
0.271
0.272
0.272
0.272
0.272
0.272
0.272
0.272
0.272
0.272
0.272
0.272
0.272
0.272
0.272
0.272
0.272
0.272
0.272
0.272
0.272
0.272
0.272
0.272
0.272
0.272
0.272
0.272
0.272
0.272
0.272
0.272
0.272
0.272
0.272
0.272
0.273
0.273
0.273
0.273
0.273
0.273
0.273
0.273
0.273
0.273
0.273
0.273
0.273
0.273
0.273
0.273
0.273
0.273
0.273
0.273
0.273
0.273
0.273
0.273
0.273
0.273
0.273
0.273
0.273
0.273
0.273
0.273
0.273
0.273
0.273
0.273
0.273
0.273
0.273
0.273
0.273
0.273
0.273
0.273
0.273
0.273
0.273
0.273
0.273
0.273
0.273
0.273
0.273
0.273
0.273
0.273
0.273
0.274
0.274
0.273
0.274
0.274
0.274
0.274
0.274
0.274
0.274
0.274
0.274
0.274
0.274
0.274
0.274
0.274
0.274
0.274
0.274
0.274
0.274
0.274
0.274
0.274
0.274
0.274
0.275
0.275
0.275
0.275
0.276
0.276
0.276
0.276
0.276
0.277
0.277
0.277
0.277
0.277
0.277
0.277
0.278
0.278
0.278
0.278
0.278
0.279
0.279
0.279
0.279
0.279
0.279
0.280
0.280
0.280
0.280
0.280
0.280
0.280
0.280
0.281
0.281
0.281
0.281
0.281
0.281
0.281
0.281
0.281
0.281
0.281
0.281
0.281
0.281
0.281
0.281
0.281
0.281
0.282
0.282
0.282
0.282
0.283
0.283
0.283
0.283
0.283
0.283
0.284
0.284
0.284
0.284
0.285
0.285
0.285
0.285
0.285
0.285
0.285
0.285
0.285
0.285
0.285
0.285
0.285
0.285
0.285
0.285
0.285
0.285
0.285
0.285
0.285
0.285
0.285
0.285
0.285
0.285
0.285
0.285
0.285
0.285
0.286
0.285
0.285
0.285
0.285
0.286
0.286
0.286
0.286
0.286
0.286
0.286
0.286
0.286
0.286
0.286
0.286
0.286
0.286
0.286
0.286
0.286
0.286
0.286
0.286
0.286
0.286
0.286
0.287
0.287
0.287
0.287
0.287
0.287
0.287
0.287
0.287
0.287
0.287
0.287
0.287
0.287
0.287
0.287
0.287
0.287
0.287
0.287
0.287
0.287
0.287
0.287
0.287
0.287
0.287
0.287
0.287
0.287
0.287
0.287
0.287
0.287
0.287
0.287
0.287
0.287
0.287
0.287
0.287
0.287
0.287
0.287
0.287
0.287
0.287
0.287
0.287
0.287
0.287
0.287
0.286
0.286
0.286
0.286
0.286
0.286
0.286
0.286
0.286
0.286
0.286
0.286
0.286
0.286
0.286
0.286
0.286
0.286
0.286
0.286
0.286
0.286
0.286
0.286
0.285
0.285
0.285
0.285
0.285
0.285
0.285
0.285
0.285
0.285
0.285
0.285
0.285
0.285
0.285
0.285
0.285
0.285
0.285
0.285
0.285
0.284
0.284
0.284
0.284
0.284
0.284
0.284
0.284
0.284
0.284
0.284
0.284
0.284
0.284
0.284
0.284
0.284
0.284
0.284
0.284
0.283
0.283
0.283
0.283
0.283
0.283
0.283
0.283
0.283
0.283
0.283
0.283
0.283
0.283
0.283
0.283
0.283
0.283
0.282
0.282
0.282
0.282
0.282
0.282
0.282
0.282
0.282
0.282
0.282
0.282
0.282
0.282
0.282
0.282
0.282
0.282
0.282
0.282
0.282
0.281
0.281
0.281
0.281
0.281
0.281
0.281
0.281
0.281
0.281
0.281
0.281
0.281
0.281
0.281
0.281
0.281
0.281
0.280
0.280
0.280
0.280
0.280
0.280
0.280
0.280
0.280
0.280
0.280
0.280
0.280
0.280
0.280
0.280
0.280
0.280
0.280
0.280
0.280
0.280
0.279
0.279
0.279
0.279
0.279
0.279
0.279
0.279
0.279
0.279
0.279
0.279
0.279
0.279
0.279
0.279
0.279
0.279
0.279
0.279
0.279
0.279
0.279
0.279
0.279
0.278
0.278
0.278
0.278
0.278
0.278
0.278
0.278
0.278
0.278
0.278
0.278
0.278
0.278
0.278
0.278
0.278
0.278
0.278
0.278
0.278
0.278
0.278
0.278
0.278
0.277
0.277
0.277
0.277
0.277
0.277
0.277
0.277
0.277
0.277
0.277
0.277
0.277
0.277
0.277
0.277
0.277
0.277
0.277
0.277
0.277
0.276
0.276
0.276
0.276
0.276
0.276
0.276
0.276
0.276
0.276
0.276
0.276
0.276
0.276
0.276
0.276
0.276
0.275
0.275
0.275
0.275
0.275
0.275
0.275
0.275
0.275
0.275
0.275
0.275
0.275
0.275
0.275
0.275
0.275
0.275
0.275
0.275
0.275
0.275
0.275
0.275
0.275
0.275
0.275
0.275
0.275
0.275
0.275
0.275
0.275
0.275
0.275
0.275
0.275
0.275
0.275
0.275
0.275
0.275
0.275
0.275
0.275
0.275
0.275
0.275
0.275
0.275
0.275
0.275
0.275
0.275
0.275
0.275
0.275
0.275
0.275
0.275
0.275
0.275
0.275
0.275
0.275
0.275
0.275
0.275
0.275
0.275
0.275
0.275
0.275
0.275
0.274
0.274
0.274
0.274
0.274
0.274
0.274
0.274
0.274
0.274
0.274
0.274
0.274
0.274
0.274
0.274
0.274
0.274
0.274
0.274
0.274
0.274
0.274
0.274
0.274
0.274
0.274
0.274
0.274
0.274
0.274
0.274
0.274
0.274
0.274
0.274
0.274
0.274
0.274
0.274
0.274
0.274
0.274
0.275
0.275
0.275
0.275
0.275
0.275
0.275
0.275
0.275
0.275
0.275
0.275
0.275
0.275
0.275
0.275
0.275
0.274
0.274
0.274
0.274
0.274
0.274
0.274
0.274
0.274
0.274
0.274
0.274
0.274
0.274
0.274
0.274
0.274
0.274
0.274
0.274
0.274
0.274
0.274
0.274
0.274
0.274
0.274
0.274
0.274
0.274
0.274
0.274
0.274
0.274
0.274
0.274
0.274
0.274
0.274
0.274
0.274
0.274
0.274
0.274
0.274
0.274
0.274
0.274
0.274
0.274
0.274
0.274
0.274
0.274
0.273
0.273
0.273
0.273
0.273
0.273
0.273
0.273
0.273
0.273
0.273
0.273
0.273
0.273
0.273
0.273
0.273
0.273
0.273
0.273
0.273
0.273
0.273
0.273
0.273
0.273
0.273
0.273
0.273
0.273
0.273
0.273
0.273
0.273
0.273
0.273
0.273
0.273
0.273
0.273
0.273
0.273
0.273
0.273
0.273
0.273
0.273
0.273
0.273
0.274
0.274
0.274
0.274
0.274
0.274
0.274
0.274
0.274
0.274
0.274
0.274
0.274
0.274
0.274
0.274
0.274
0.274
0.274
0.274
0.274
0.274
0.274
0.274
0.274
0.274
0.274
0.275
0.275
0.274
0.275
0.275
0.275
0.275
0.275
0.275
0.275
0.275
0.275
0.275
0.275
0.275
0.275
0.275
0.275
0.275
0.275
0.275
0.275
0.275
0.275
0.275
0.275
0.275
0.275
0.275
0.275
0.275
0.275
0.275
0.275
0.276
0.275
0.275
0.275
0.275
0.275
0.275
0.275
0.275
0.275
0.275
0.275
0.275
0.275
0.275
0.275
0.275
0.275
0.275
0.275
0.275
0.275
0.275
0.275
0.275
0.275
0.275
0.275
0.275
0.275
0.275
0.275
0.275
0.275
0.275
0.275
0.275
0.275
0.275
0.275
0.275
0.275
0.275
0.275
0.275
0.275
0.275
0.275
0.275
0.275
0.275
0.275
0.275
0.275
0.275
0.275
0.275
0.275
0.275
0.275
0.275
0.275
0.275
0.275
0.275
0.275
0.275
0.275
0.275
0.275
0.275
0.275
0.275
0.275
0.275
0.275
0.275
0.275
0.276
0.276
0.276
0.276
0.276
0.275
0.275
0.275
0.276
0.275
0.275
0.275
0.275
0.275
0.275
0.275
0.275
0.275
0.275
0.275
0.275
0.275
0.275
0.275
0.275
0.275
0.275
0.275
0.275
0.275
0.275
0.275
0.275
0.275
0.275
0.275
0.275
0.275
0.275
0.275
0.275
0.275
0.275
0.275
0.275
0.275
0.275
0.275
0.275
0.275
0.275
0.275
0.275
0.275
0.275
0.275
0.275
0.275
0.275
0.275
0.275
0.275
0.275
0.275
0.275
0.275
0.275
0.275
0.275
0.275
0.275
0.275
0.275
0.275
0.275
0.275
0.275
0.275
0.275
0.275
0.275
0.275
0.275
0.275
0.275
0.275
0.275
0.276