Precisão média por imagem
0.585
0.534
0.568
0.546
0.529
0.515
0.498
0.496
0.521
0.522
0.537
0.544
0.551
0.558
0.554
0.544
0.537
0.533
0.529
0.522
0.519
0.524
0.523
0.522
0.522
0.521
0.520
0.520
0.520
0.515
0.515
0.519
0.514
0.511
0.510
0.507
0.506
0.506
0.510
0.517
0.514
0.511
0.515
0.516
0.519
0.519
0.520
0.518
0.516
0.520
0.517
0.518
0.519
0.518
0.520
0.519
0.525
0.524
0.527
0.526
0.526
0.524
0.523
0.521
0.520
0.518
0.521
0.522
0.521
0.521
0.522
0.521
0.519
0.519
0.518
0.520
0.521
0.522
0.523
0.524
0.522
0.523
0.521
0.520
0.519
0.518
0.517
0.516
0.515
0.512
0.511
0.513
0.513
0.512
0.514
0.514
0.517
0.516
0.517
0.517
0.518
0.517
0.518
0.517
0.517
0.518
0.517
0.515
0.515
0.516
0.516
0.516
0.515
0.514
0.515
0.514
0.515
0.513
0.513
0.513
0.512
0.512
0.512
0.511
0.511
0.511
0.512
0.514
0.514
0.513
0.514
0.513
0.514
0.514
0.516
0.517
0.517
0.517
0.517
0.518
0.518
0.518
0.517
0.517
0.516
0.518
0.517
0.516
0.516
0.516
0.515
0.515
0.516
0.516
0.515
0.517
0.516
0.516
0.516
0.517
0.519
0.519
0.519
0.521
0.523
0.525
0.526
0.526
0.526
0.527
0.527
0.526
0.526
0.525
0.525
0.526
0.526
0.526
0.526
0.526
0.526
0.526
0.526
0.525
0.525
0.524
0.523
0.524
0.525
0.525
0.526
0.526
0.525
0.525
0.525
0.524
0.523
0.523
0.522
0.522
0.521
0.522
0.521
0.522
0.521
0.522
0.522
0.521
0.521
0.522
0.521
0.522
0.523
0.524
0.525
0.526
0.525
0.526
0.527
0.527
0.528
0.529
0.530
0.530
0.531
0.531
0.530
0.530
0.529
0.529
0.529
0.528
0.528
0.528
0.528
0.528
0.528
0.529
0.528
0.528
0.528
0.528
0.527
0.527
0.527
0.527
0.526
0.527
0.527
0.526
0.526
0.526
0.526
0.527
0.527
0.527
0.527
0.527
0.527
0.527
0.527
0.527
0.526
0.527
0.527
0.528
0.528
0.528
0.529
0.529
0.529
0.529
0.529
0.528
0.528
0.529
0.529
0.530
0.530
0.530
0.530
0.531
0.530
0.530
0.530
0.531
0.531
0.531
0.530
0.530
0.530
0.530
0.530
0.531
0.530
0.531
0.530
0.531
0.531
0.532
0.532
0.532
0.532
0.532
0.532
0.532
0.532
0.532
0.532
0.531
0.531
0.531
0.530
0.531
0.530
0.530
0.530
0.530
0.530
0.530
0.529
0.529
0.529
0.529
0.529
0.529
0.529
0.530
0.530
0.530
0.531
0.531
0.532
0.531
0.532
0.532
0.533
0.533
0.533
0.533
0.534
0.535
0.535
0.535
0.535
0.535
0.535
0.534
0.535
0.534
0.534
0.534
0.534
0.534
0.534
0.533
0.533
0.533
0.533
0.533
0.533
0.532
0.533
0.532
0.533
0.532
0.532
0.532
0.532
0.532
0.531
0.531
0.531
0.531
0.531
0.531
0.531
0.531
0.531
0.531
0.532
0.533
0.533
0.533
0.533
0.532
0.532
0.532
0.532
0.533
0.533
0.534
0.534
0.534
0.534
0.534
0.534
0.535
0.535
0.535
0.535
0.536
0.536
0.536
0.536
0.536
0.536
0.536
0.536
0.536