Precisão média por imagem
0.514
0.525
0.472
0.464
0.447
0.431
0.427
0.436
0.448
0.451
0.462
0.460
0.458
0.468
0.459
0.449
0.456
0.456
0.449
0.436
0.427
0.420
0.422
0.425
0.417
0.412
0.414
0.410
0.406
0.406
0.409
0.411
0.409
0.409
0.411
0.412
0.411
0.413
0.412
0.411
0.411
0.412
0.412
0.406
0.403
0.403
0.401
0.399
0.398
0.399
0.402
0.404
0.401
0.399
0.396
0.394
0.393
0.390
0.390
0.390
0.389
0.389
0.390
0.391
0.392
0.393
0.393
0.393
0.394
0.395
0.395
0.396
0.395
0.394
0.394
0.396
0.397
0.397
0.399
0.397
0.395
0.396
0.396
0.395
0.394
0.393
0.392
0.391
0.389
0.389
0.392
0.392
0.392
0.392
0.390
0.391
0.391
0.391
0.393
0.393
0.393
0.392
0.391
0.390
0.389
0.389
0.389
0.390
0.390
0.391
0.391
0.390
0.388
0.388
0.386
0.386
0.384
0.383
0.382
0.383
0.384
0.385
0.386
0.385
0.385
0.385
0.386
0.386
0.385
0.385
0.384
0.385
0.384
0.383
0.383
0.382
0.383
0.384
0.384
0.384
0.384
0.385
0.385
0.385
0.386
0.386
0.386
0.386
0.386
0.385
0.385
0.384
0.384
0.384
0.386
0.386
0.387
0.388
0.388
0.388
0.389
0.389
0.389
0.389
0.389
0.390
0.391
0.391
0.391
0.391
0.391
0.392
0.392
0.391
0.391
0.391
0.391
0.392
0.393
0.394
0.396
0.396
0.397
0.397
0.397
0.398
0.397
0.397
0.397
0.397
0.397
0.397
0.398
0.398
0.397
0.397
0.397
0.397
0.398
0.397
0.397
0.397
0.397
0.397
0.397
0.397
0.397
0.397
0.397
0.397
0.396
0.396
0.397
0.397
0.397
0.398
0.398
0.398
0.398
0.398
0.398
0.398
0.398
0.398
0.398
0.398
0.399
0.399
0.399
0.399
0.399
0.399
0.399
0.399
0.400
0.400
0.400
0.400
0.400
0.400
0.400
0.400
0.400
0.400
0.400
0.400
0.400
0.400
0.401
0.401
0.401
0.401
0.402
0.402
0.402
0.402
0.402
0.401
0.401
0.401
0.402
0.402
0.401
0.401
0.400
0.400
0.400
0.400
0.400
0.400
0.399
0.399
0.399
0.399
0.399
0.399
0.399
0.399
0.400
0.400
0.401
0.401
0.401
0.400
0.400
0.400
0.400
0.400
0.400
0.400
0.400
0.399
0.399
0.398
0.398
0.398
0.398
0.398
0.398
0.398
0.398
0.398
0.398
0.397
0.397
0.397
0.397
0.398
0.398
0.398
0.397
0.397
0.396
0.396
0.396
0.396
0.395
0.395
0.395
0.396
0.396
0.397
0.398
0.398
0.399
0.400
0.400
0.400
0.400
0.400
0.399
0.399
0.399
0.399
0.400
0.400
0.400
0.400
0.399
0.399
0.399
0.400
0.400
0.401
0.401
0.401
0.401
0.401
0.402
0.402
0.403
0.404
0.404
0.404
0.403
0.403
0.402
0.402
0.402
0.401
0.401
0.401
0.402
0.402
0.402
0.402
0.401
0.401
0.401
0.401
0.402
0.402
0.402
0.402
0.402
0.402
0.402
0.403
0.403
0.403
0.404
0.404
0.404
0.404
0.404
0.403
0.403
0.403
0.403
0.403
0.403
0.402
0.403
0.403
0.402
0.402
0.402
0.402
0.402
0.402
0.402
0.403
0.402
0.402
0.402
0.402
0.402
0.402
0.402
0.402
0.402
0.402
0.403
0.403
0.402
0.403
0.403
0.402
0.402
0.402
0.401
0.401
0.401
0.400
0.400
0.400
0.400
0.400
0.401
0.400
0.401
0.401
0.401
0.402
0.402
0.403
0.403
0.403
0.403
0.403
0.403
0.402
0.402
0.402
0.402
0.402
0.402
0.401
0.402
0.402
0.402
0.402
0.401
0.401
0.401
0.401
0.401
0.401
0.401
0.401
0.401
0.401
0.401
0.401
0.401
0.401
0.401
0.401
0.401
0.401
0.402
0.402
0.402
0.402
0.402
0.402
0.403
0.403
0.403
0.403
0.404
0.404
0.404
0.404
0.404
0.403
0.403
0.403
0.403
0.404
0.404
0.404
0.405
0.405
0.405
0.405
0.405
0.405
0.405
0.405
0.405
0.405
0.405
0.405
0.405
0.405
0.405
0.405
0.404
0.404
0.404
0.404
0.405
0.404
0.404
0.405
0.405
0.405
0.405
0.405
0.405
0.405
0.405
0.405
0.405
0.405
0.405
0.405
0.405
0.406
0.406
0.406
0.406
0.406
0.407
0.407
0.407
0.407
0.407
0.407
0.407
0.407
0.407
0.407
0.407
0.406
0.406
0.406
0.406
0.405
0.406
0.406
0.406
0.406
0.406
0.406
0.406
0.406
0.407
0.407
0.407
0.407
0.407
0.407
0.407
0.407
0.406
0.406
0.406
0.406
0.406
0.406
0.406
0.406
0.406
0.406
0.406
0.406
0.406
0.406
0.406
0.406
0.406
0.406
0.407
0.406
0.406
0.406
0.406
0.406
0.406
0.406
0.406
0.407
0.407
0.407
0.407
0.407
0.407
0.407
0.407
0.407
0.407
0.407
0.407
0.406
0.406
0.406
0.406
0.406
0.406
0.406
0.406
0.406
0.406
0.406
0.406
0.406
0.406
0.405
0.406
0.406
0.405
0.405
0.405
0.405
0.405
0.405
0.405
0.405
0.405
0.405
0.405
0.405
0.405
0.405
0.405
0.405
0.405
0.405
0.405
0.405
0.405
0.404
0.405
0.405
0.405
0.405
0.404
0.404
0.404
0.404
0.404
0.404
0.404
0.404
0.404
0.404
0.405
0.404
0.404
0.404
0.404
0.404
0.404
0.404
0.404
0.404
0.404
0.404
0.404
0.404
0.404
0.404
0.404
0.404
0.404
0.405
0.405
0.404
0.404
0.404
0.404
0.404
0.404
0.404
0.404
0.404
0.403
0.404
0.404
0.404
0.404
0.403
0.404
0.403
0.403
0.403
0.403
0.403
0.403
0.403
0.403
0.403
0.404
0.404
0.404
0.404
0.404
0.404
0.404
0.404
0.404
0.404
0.404
0.404
0.404
0.404
0.404
0.404
0.405
0.405
0.405
0.405
0.405
0.405
0.405
0.404
0.404
0.405
0.405
0.405
0.405
0.405
0.405
0.405
0.405
0.405
0.405
0.405
0.405
0.405
0.405
0.405
0.405
0.405
0.405
0.406
0.406
0.406
0.406
0.406
0.406
0.406
0.406
0.406
0.406
0.406
0.405
0.405
0.405
0.405
0.405
0.405
0.405
0.405
0.405
0.405
0.405
0.405
0.405
0.405
0.405
0.405
0.405
0.405
0.405
0.405
0.405
0.405
0.405
0.405
0.405
0.405
0.405
0.405
0.405
0.405
0.405
0.405
0.405
0.405
0.405
0.405
0.405
0.405
0.405
0.405
0.405
0.405
0.405
0.405
0.405
0.405
0.405
0.405
0.405
0.405
0.405
0.405
0.405
0.405
0.405
0.405
0.405
0.405
0.405
0.405
0.406
0.406
0.406
0.405
0.405
0.405
0.406
0.406
0.406
0.406
0.406
0.406
0.406
0.406
0.407
0.406
0.406
0.406
0.406
0.406
0.406
0.406
0.406
0.406
0.406
0.406
0.406
0.406
0.406
0.406
0.406
0.406
0.406
0.406
0.406
0.406
0.406
0.405
0.405
0.405
0.405
0.405
0.405
0.405
0.405
0.405
0.405
0.404
0.404
0.404
0.404
0.404
0.404
0.404
0.404
0.404
0.405
0.405
0.405
0.405
0.405
0.405
0.405
0.405
0.405
0.405
0.405
0.405
0.405
0.405
0.405
0.405
0.405
0.405
0.405
0.405
0.405
0.405
0.405
0.405
0.405
0.405
0.405
0.405
0.405
0.405
0.405
0.405
0.405
0.405
0.405
0.405
0.405
0.405
0.405
0.405
0.405
0.405
0.405
0.405
0.405
0.405
0.405
0.405
0.405
0.405
0.405
0.405
0.405
0.405
0.405
0.405
0.406
0.406
0.406
0.406
0.406
0.406
0.406
0.406
0.406
0.406
0.406
0.406
0.406
0.406
0.406
0.406
0.406
0.406
0.406
0.406
0.406
0.406
0.406
0.406
0.406
0.406
0.406
0.406
0.406
0.406
0.406
0.406
0.406
0.406
0.406
0.406
0.406
0.406
0.406
0.406
0.406
0.406
0.406
0.406
0.406
0.406
0.405
0.405
0.405
0.405
0.406
0.405
0.405
0.405
0.405
0.405
0.405
0.405
0.405
0.405
0.405
0.405
0.405
0.405
0.405
0.405
0.405
0.405
0.406
0.406
0.406
0.406
0.405
0.405
0.405
0.405
0.405
0.405
0.405
0.405
0.405
0.405
0.405
0.405
0.405
0.405
0.405
0.405
0.404
0.405
0.405
0.405
0.405
0.405
0.405
0.405
0.405
0.405
0.405
0.405
0.405
0.405
0.404
0.404
0.404
0.404
0.404
0.404
0.404
0.404
0.404
0.404
0.404
0.404
0.403
0.403
0.403
0.403
0.403
0.403
0.403
0.403
0.403
0.403
0.403
0.403
0.403
0.403
0.403
0.404
0.404
0.404
0.404
0.404
0.404
0.404
0.404
0.405
0.405
0.405
0.405
0.405
0.405
0.405
0.405
0.405
0.405
0.405
0.405
0.405
0.405
0.405
0.405
0.405
0.405
0.405
0.405
0.405
0.405
0.405
0.405
0.405
0.405
0.405
0.405
0.405
0.405
0.404
0.404
0.404
0.404
0.404
0.404
0.404
0.404
0.404
0.404
0.404
0.404
0.404
0.404
0.404
0.404
0.404
0.404
0.404
0.404
0.404
0.404
0.404
0.404
0.404
0.404
0.404
0.404
0.404
0.404
0.404
0.404
0.404
0.404
0.404
0.405
0.405
0.405
0.405
0.405
0.405
0.405
0.405
0.405
0.405
0.405
0.406
0.406
0.406
0.406
0.406
0.405
0.405
0.405
0.405
0.405
0.405
0.405
0.405
0.405
0.405
0.405
0.405
0.405
0.405
0.405
0.405
0.405
0.405
0.405
0.404
0.404
0.405
0.404
0.404
0.405
0.405
0.405
0.405
0.405
0.405
0.405
0.405
0.405
0.405
0.405
0.405
0.405
0.405
0.405
0.405
0.405
0.405
0.405
0.405
0.405
0.405
0.405
0.405
0.405
0.405
0.405
0.406
0.406
0.406
0.406
0.406
0.406
0.406
0.406
0.406
0.406
0.406
0.406
0.406
0.406
0.406
0.406
0.406
0.406
0.406
0.406
0.406
0.406
0.406
0.406
0.406
0.406
0.406
0.406
0.406
0.406
0.406
0.406
0.406
0.406
0.406
0.406
0.406
0.406
0.406
0.406
0.406
0.406
0.406
0.406
0.406
0.406
0.406
0.406
0.406
0.406
0.406
0.406
0.406
0.406
0.406
0.406
0.406
0.406
0.406
0.406
0.406
0.405
0.405
0.405
0.405
0.405
0.405
0.405
0.405
0.405
0.405
0.405
0.405
0.405
0.405
0.405
0.405
0.405
0.405
0.405
0.405
0.405
0.405
0.405
0.405
0.405
0.405
0.405
0.405
0.405
0.405
0.405
0.405
0.405
0.405
0.405
0.405
0.405
0.405
0.405
0.405
0.406
0.406
0.406
0.406
0.406
0.406
0.406
0.406
0.406
0.406
0.406
0.406
0.406
0.406
0.406
0.406
0.406
0.406
0.405
0.406
0.405
0.406
0.406
0.406
0.406
0.406
0.405
0.405
0.405
0.406
0.406
0.406
0.406
0.406
0.406
0.406
0.406
0.406
0.406
0.406
0.406
0.406
0.406
0.406
0.406
0.406
0.406
0.406
0.406
0.406
0.406
0.406
0.406
0.406
0.406
0.406
0.406
0.406
0.407
0.407
0.407
0.407
0.407
0.407
0.407
0.407
0.407
0.407
0.407
0.407
0.407
0.407
0.407
0.407
0.407
0.407
0.407
0.407
0.407
0.407
0.407
0.407
0.407
0.407
0.407
0.407
0.407
0.407
0.407
0.407
0.407
0.406
0.406
0.406
0.406
0.406
0.406
0.406
0.406
0.406
0.406
0.405
0.405
0.405
0.405
0.405
0.405
0.405
0.405
0.405
0.405
0.405
0.405
0.405
0.405
0.405
0.405
0.405
0.405
0.405
0.405
0.405
0.405
0.405
0.405
0.405
0.405
0.405
0.405
0.405
0.405
0.405
0.405
0.405
0.405
0.405
0.405
0.405
0.405
0.405
0.405
0.405
0.405
0.405
0.405
0.405
0.405
0.405
0.405
0.405
0.405
0.404
0.404
0.405
0.405
0.405
0.405
0.405
0.405
0.405
0.405
0.405
0.405
0.406
0.406
0.406
0.406
0.406
0.406
0.406
0.406
0.406
0.406
0.406
0.406
0.406
0.406
0.406
0.406
0.406
0.406
0.406
0.406
0.406
0.406
0.406
0.407
0.406
0.406
0.406
0.406
0.406
0.407
0.407
0.407
0.407
0.407
0.407
0.407
0.407
0.407
0.407
0.407
0.407
0.407
0.407
0.407
0.407
0.407
0.407
0.408
0.408
0.408
0.408
0.408
0.408
0.408
0.408
0.408
0.408
0.408
0.408
0.408
0.408
0.408
0.408
0.409
0.409
0.409
0.409
0.409
0.409
0.409
0.409
0.409
0.409
0.409
0.409
0.409
0.409
0.409
0.410
0.409
0.410
0.410
0.410