Precisão média por imagem
0.568
0.518
0.547
0.532
0.514
0.502
0.523
0.521
0.517
0.515
0.513
0.516
0.520
0.522
0.523
0.532
0.543
0.551
0.546
0.553
0.549
0.545
0.544
0.543
0.542
0.541
0.539
0.539
0.540
0.539
0.540
0.536
0.533
0.531
0.528
0.527
0.525
0.524
0.526
0.527
0.524
0.521
0.527
0.527
0.528
0.527
0.527
0.525
0.524
0.529
0.527
0.531
0.533
0.531
0.530
0.529
0.529
0.528
0.529
0.527
0.527
0.525
0.525
0.524
0.525
0.528
0.528
0.532
0.531
0.530
0.531
0.530
0.529
0.533
0.533
0.534
0.536
0.537
0.540
0.540
0.539
0.540
0.539
0.538
0.537
0.535
0.534
0.532
0.531
0.532
0.531
0.531
0.531
0.530
0.531
0.530
0.531
0.530
0.530
0.530
0.531
0.530
0.531
0.530
0.530
0.531
0.530
0.530
0.529
0.530
0.530
0.529
0.528
0.528
0.528
0.527
0.527
0.526
0.525
0.526
0.525
0.527
0.526
0.526
0.527
0.527
0.527
0.529
0.528
0.528
0.527
0.527
0.527
0.528
0.529
0.531
0.530
0.530
0.530
0.530
0.529
0.530
0.529
0.531
0.530
0.531
0.530
0.530
0.530
0.529
0.529
0.529
0.528
0.528
0.527
0.529
0.528
0.528
0.528
0.528
0.528
0.529
0.530
0.531
0.531
0.531
0.531
0.530
0.530
0.530
0.530
0.529
0.529
0.528
0.528
0.528
0.527
0.529
0.528
0.528
0.528
0.528
0.528
0.528
0.527
0.527
0.527
0.527
0.527
0.528
0.529
0.529
0.528
0.530
0.530
0.529
0.529
0.528
0.528
0.529
0.529
0.529
0.528
0.529
0.528
0.528
0.527
0.527
0.527
0.527
0.527
0.528
0.528
0.529
0.528
0.529
0.529
0.530
0.530
0.531
0.532
0.533
0.534
0.534
0.534
0.534
0.534
0.534
0.534
0.534
0.534
0.535
0.535
0.535
0.535
0.535
0.534
0.535
0.535
0.535
0.534
0.534
0.534
0.533
0.533
0.532
0.532
0.532
0.532
0.532
0.531
0.532
0.532
0.532
0.532
0.533
0.533
0.533
0.534
0.534
0.533
0.533
0.533
0.533
0.533
0.533
0.533
0.534
0.534
0.534
0.534
0.534
0.535
0.535
0.534
0.534
0.534
0.535
0.535
0.535
0.535
0.536
0.536
0.536
0.536
0.536
0.537
0.537
0.537
0.537
0.537
0.537
0.537
0.537
0.537
0.537
0.537
0.537
0.537
0.538
0.537
0.537
0.537
0.538
0.538
0.539
0.540
0.540
0.540
0.541
0.540
0.540
0.540
0.540
0.540
0.540
0.540
0.539
0.539
0.539
0.539
0.539
0.539
0.539
0.538
0.539
0.539
0.539
0.539
0.539
0.539
0.540
0.540
0.541
0.541
0.541
0.541
0.541
0.542
0.542
0.542
0.542
0.542
0.542
0.542
0.542
0.542
0.542
0.542
0.542
0.542
0.542
0.541
0.541
0.541
0.540
0.540
0.540
0.540
0.540
0.540
0.539
0.539
0.539
0.539
0.538
0.539
0.539
0.539
0.539
0.538
0.538
0.538
0.538
0.538
0.537
0.537
0.537
0.537
0.536
0.537
0.537
0.537
0.537
0.537
0.536
0.536
0.536
0.536
0.536
0.537
0.537
0.537
0.537
0.537
0.537
0.537
0.537
0.537
0.537
0.537
0.537
0.537
0.537
0.538
0.539
0.539
0.539
0.539
0.539