Precisão média por imagem
0.308
0.229
0.461
0.512
0.554
0.587
0.626
0.650
0.657
0.669
0.652
0.659
0.663
0.669
0.674
0.661
0.671
0.683
0.684
0.686
0.680
0.675
0.673
0.663
0.652
0.643
0.643
0.630
0.617
0.613
0.608
0.603
0.600
0.596
0.594
0.593
0.593
0.586
0.584
0.587
0.586
0.581
0.586
0.579
0.583
0.576
0.571
0.565
0.560
0.558
0.558
0.558
0.553
0.548
0.543
0.538
0.534
0.529
0.533
0.535
0.539
0.537
0.538
0.538
0.536
0.533
0.530
0.529
0.527
0.526
0.525
0.524
0.521
0.519
0.517
0.520
0.522
0.521
0.520
0.516
0.513
0.512
0.512
0.509
0.510
0.509
0.508
0.506
0.504
0.503
0.503
0.505
0.505
0.509
0.510
0.511
0.514
0.516
0.519
0.518
0.520
0.521
0.524
0.527
0.529
0.531
0.533
0.536
0.538
0.540
0.543
0.544
0.546
0.546
0.548
0.550
0.549
0.552
0.552
0.550
0.547
0.545
0.544
0.544
0.543
0.542
0.541
0.540
0.538
0.536
0.534
0.533
0.531
0.529
0.528
0.529
0.528
0.528
0.528
0.528
0.526
0.527
0.527
0.526
0.525
0.525
0.524
0.524
0.524
0.524
0.524
0.524
0.524
0.524
0.525
0.524
0.525
0.526
0.527
0.529
0.530
0.529
0.528
0.528
0.527
0.528
0.528
0.527
0.527
0.526
0.525
0.525
0.526
0.527
0.528
0.527
0.528
0.528
0.528
0.527
0.527
0.527
0.527
0.527
0.528
0.528
0.528
0.527
0.526
0.525
0.526
0.525
0.525
0.525
0.525
0.525
0.524
0.523
0.523
0.523
0.522
0.521
0.520
0.521
0.520
0.519
0.519
0.518
0.517
0.517
0.516
0.515
0.514
0.514
0.513
0.513
0.512
0.512
0.512
0.512
0.512
0.511
0.511
0.511
0.511
0.511
0.511
0.511
0.511
0.510
0.510
0.510
0.510
0.510
0.510
0.509
0.509
0.509
0.508
0.508
0.507
0.507
0.507
0.507
0.506
0.506
0.506
0.507
0.507
0.506
0.505
0.505
0.505
0.504
0.504
0.504
0.504
0.503
0.503
0.504
0.505
0.506
0.505
0.505
0.505
0.506
0.506
0.505
0.506
0.505
0.506
0.505
0.505
0.505
0.505
0.506
0.506
0.505
0.505
0.504
0.504
0.504
0.503
0.503
0.503
0.503
0.503
0.503
0.502
0.502
0.502
0.501
0.501
0.501
0.500
0.500
0.500
0.500
0.500
0.501
0.501
0.502
0.502
0.502
0.502
0.501
0.502
0.503
0.503
0.503
0.502
0.502
0.501
0.500
0.500
0.499
0.498
0.498
0.499
0.499
0.500
0.501
0.502
0.502
0.503
0.504
0.504
0.504
0.503
0.503
0.503
0.502
0.502
0.502
0.502
0.502
0.503
0.504
0.503
0.504
0.504
0.505
0.505
0.505
0.504
0.505
0.505
0.506
0.506
0.507
0.507
0.508
0.508
0.508
0.507
0.507
0.506
0.506
0.507
0.506
0.506
0.506
0.506
0.506
0.507
0.507
0.506
0.505
0.505
0.504
0.505
0.506
0.507
0.508
0.508
0.509
0.509
0.510
0.511
0.511
0.512
0.512
0.513
0.513
0.513
0.513
0.514
0.514
0.515
0.515
0.515
0.516
0.515
0.516
0.516
0.516
0.515
0.515
0.515
0.515
0.514
0.514
0.514
0.515
0.515
0.516
0.516
0.516
0.517
0.516
0.516
0.516
0.515
0.516
0.516
0.517
0.518
0.517
0.517
0.516
0.516
0.515
0.515
0.515
0.515
0.515
0.514
0.514
0.514
0.513
0.513
0.513
0.513
0.514
0.514
0.515
0.516
0.515
0.515
0.514
0.514
0.514
0.515
0.515
0.515
0.515
0.514
0.515
0.514
0.514
0.514
0.514
0.513
0.513
0.512
0.512
0.512
0.512
0.512
0.512
0.511
0.511
0.511
0.511
0.510
0.511
0.511
0.511
0.511
0.510
0.510
0.510
0.510
0.509
0.509
0.508
0.508
0.509
0.508
0.508
0.508
0.508
0.508
0.508
0.508
0.509
0.508
0.508
0.508
0.509
0.509
0.509
0.510
0.510
0.510
0.509
0.509
0.509
0.509
0.509
0.509
0.510
0.510
0.509
0.509
0.509
0.510
0.510
0.511
0.511
0.511
0.511
0.512
0.511
0.511
0.511
0.510
0.510
0.510
0.510
0.510
0.510
0.510
0.510
0.510
0.510
0.510
0.510
0.510
0.510
0.510
0.510
0.509
0.509
0.509
0.509
0.509
0.509
0.509
0.509
0.508
0.509
0.508
0.509
0.509
0.509
0.508
0.508
0.507
0.507
0.507
0.507
0.507
0.507
0.506
0.506
0.506
0.506
0.505
0.505
0.505
0.505
0.505
0.504
0.505
0.505
0.505
0.505
0.505
0.505
0.505
0.505
0.505
0.505
0.505
0.505
0.505
0.505
0.505
0.505
0.505
0.505
0.505
0.505
0.505
0.505
0.505
0.505
0.506
0.506
0.507
0.507
0.507
0.508
0.508
0.508
0.508
0.508
0.508
0.508
0.507
0.507
0.507
0.506
0.506
0.506
0.505
0.505
0.505
0.506
0.506
0.506
0.506
0.506
0.506
0.506
0.505
0.505
0.505
0.505
0.505
0.505
0.505
0.506
0.505
0.505
0.505
0.505
0.506
0.506
0.506
0.506
0.506
0.505
0.505
0.505
0.505
0.505
0.505
0.505
0.505
0.505
0.505
0.504
0.505
0.505
0.504
0.504
0.504
0.504
0.504
0.504
0.503
0.503
0.503
0.503
0.503
0.502
0.502
0.502
0.502
0.502
0.501
0.502
0.502
0.502
0.503
0.503
0.503
0.502
0.502
0.502
0.502
0.501
0.501
0.501
0.501
0.501
0.501
0.501
0.501
0.501
0.501
0.501
0.500
0.500
0.500
0.500
0.500
0.500
0.501
0.500
0.500
0.500
0.500
0.500
0.499
0.499
0.499
0.499
0.500
0.499
0.499
0.499
0.499
0.499
0.499
0.500
0.500
0.500
0.500
0.500
0.500
0.500
0.500
0.500
0.500
0.500
0.500
0.500
0.500
0.500
0.501
0.500
0.500
0.500
0.501
0.500
0.500
0.500
0.500
0.500
0.500
0.500
0.500
0.500
0.500
0.500
0.500
0.500
0.500
0.500
0.500
0.500
0.500
0.500
0.499
0.499
0.499
0.499
0.499
0.499
0.499
0.498
0.498
0.498
0.498
0.498
0.498
0.498
0.498
0.498
0.498
0.498
0.498
0.498
0.498
0.498
0.498
0.498
0.498
0.498
0.498
0.498
0.498
0.499
0.498
0.499
0.499
0.498
0.498
0.498
0.498
0.498
0.498
0.498
0.499
0.499
0.499
0.499
0.499
0.499
0.499
0.499
0.499
0.499
0.500
0.500
0.500
0.500
0.500
0.500
0.500
0.500
0.500
0.500
0.499
0.499
0.499
0.499
0.499
0.499
0.499
0.499
0.499
0.499
0.499
0.499
0.499
0.499
0.499
0.500
0.500
0.500
0.500
0.499
0.499
0.500
0.499
0.500
0.499
0.499
0.499
0.499
0.499
0.499
0.499
0.499
0.500
0.500
0.500
0.500
0.500
0.500
0.500
0.499
0.499
0.499
0.499
0.499
0.499
0.499
0.499
0.499
0.499
0.499
0.499
0.498
0.498
0.498
0.499
0.499
0.498
0.499
0.498
0.498
0.498
0.498
0.498
0.498
0.498
0.498
0.498
0.498
0.497
0.497
0.497
0.497
0.497
0.497
0.497
0.497
0.497
0.497
0.497
0.497
0.497
0.497
0.496
0.496
0.496
0.496
0.496
0.496
0.496
0.496
0.496
0.496
0.497
0.497
0.497
0.497
0.496
0.496
0.496
0.496
0.496
0.497
0.496
0.497
0.497
0.496
0.496
0.496
0.497
0.497
0.497
0.497
0.498
0.498
0.498
0.498
0.498
0.498
0.498
0.498
0.498
0.498
0.498
0.498
0.498
0.498
0.497
0.498
0.497
0.497
0.497
0.497
0.497
0.498
0.497
0.498
0.498
0.498
0.498
0.497
0.497
0.497
0.497
0.497
0.497
0.497
0.497
0.497
0.497
0.497
0.497
0.497
0.497
0.497
0.497
0.496
0.496
0.496
0.496
0.496
0.496
0.496
0.496
0.496
0.496
0.496
0.496
0.495
0.496
0.496
0.496
0.496
0.496
0.496
0.496
0.496
0.495
0.495
0.495
0.496
0.495
0.495
0.496
0.496
0.496
0.496
0.496
0.496
0.496
0.495
0.495
0.495
0.495
0.495
0.495
0.495
0.495
0.495
0.495
0.495
0.495
0.495
0.495
0.495
0.494
0.494
0.494
0.494
0.494
0.494
0.494
0.494
0.494
0.494
0.494
0.494
0.494
0.494
0.494
0.494
0.494
0.494
0.494
0.494
0.494
0.494
0.494
0.494
0.494
0.493
0.493
0.493
0.494
0.494
0.494
0.495
0.495
0.495
0.495
0.496
0.496
0.496
0.496
0.496
0.496
0.496
0.496
0.496
0.496
0.496
0.496
0.496
0.496
0.496
0.496
0.496
0.496
0.496
0.496
0.496
0.495
0.495
0.495
0.495
0.495
0.495
0.495
0.495
0.495
0.495
0.495
0.495
0.495
0.495
0.495
0.495
0.495
0.495
0.495
0.495
0.495
0.495
0.494
0.494
0.494
0.494
0.495
0.494
0.494
0.495
0.495
0.495
0.495
0.496
0.495
0.495
0.495
0.495
0.495
0.494
0.494
0.494
0.494
0.494
0.494
0.494
0.494
0.494
0.494
0.494
0.495
0.495
0.495
0.495
0.495
0.495
0.495
0.495
0.495
0.496
0.496
0.496
0.496
0.497
0.497
0.497
0.497
0.497
0.498
0.498
0.498
0.498
0.498
0.499
0.499
0.499
0.499
0.499
0.500
0.500
0.500
0.500
0.500
0.500
0.500
0.500
0.499
0.499
0.499
0.499
0.499
0.499
0.499
0.499
0.499
0.499
0.499
0.499
0.499
0.499
0.499
0.500
0.500
0.500
0.500
0.500
0.500
0.500
0.500
0.500
0.500
0.501
0.500
0.500
0.500
0.500
0.500
0.500
0.500
0.500
0.500
0.500
0.500
0.500
0.500
0.500
0.500
0.500
0.500
0.500
0.500
0.500
0.500
0.500
0.500
0.500
0.500
0.500
0.500
0.500
0.500
0.500
0.500
0.500
0.501
0.501
0.501
0.501
0.501
0.501
0.501
0.502
0.501
0.501
0.501
0.501
0.501
0.501
0.501
0.501
0.501
0.502
0.502
0.501
0.501
0.501
0.501
0.501
0.501
0.501
0.501
0.501
0.501
0.501
0.501
0.501
0.501
0.501
0.501
0.501
0.501
0.501
0.501
0.501
0.501
0.501
0.501
0.501
0.501
0.501
0.501
0.501
0.501
0.501
0.501
0.501
0.502
0.502
0.502
0.502
0.502
0.502
0.503
0.503
0.503
0.502
0.502
0.502
0.502
0.502
0.502
0.502
0.502
0.502
0.502
0.502
0.502
0.502
0.502
0.502
0.502
0.502
0.502
0.502
0.502
0.502
0.502
0.502
0.502
0.502
0.502
0.502
0.503
0.503
0.503
0.503
0.504
0.504
0.504
0.504
0.504
0.504
0.504
0.504
0.504
0.504
0.504
0.504
0.504
0.504
0.504
0.504
0.504
0.504
0.504
0.504
0.504
0.504
0.504
0.504
0.504
0.504
0.504
0.504
0.505
0.505
0.505
0.505
0.505
0.505
0.505
0.505
0.505
0.505
0.505
0.505
0.505
0.505
0.505
0.505
0.505
0.505
0.505
0.505
0.505
0.505
0.505
0.505
0.505
0.505
0.506
0.506
0.506
0.506
0.506
0.506
0.506
0.506
0.506
0.506
0.506
0.506
0.506
0.506
0.506
0.506
0.506
0.506
0.506
0.506
0.506
0.506
0.506
0.506
0.506
0.506
0.506
0.506
0.506
0.506
0.505
0.506
0.506
0.506
0.506
0.506
0.507
0.507
0.507
0.507
0.507
0.507
0.507
0.507
0.507
0.507
0.507
0.507
0.507
0.507
0.507
0.507
0.508
0.508
0.508
0.508
0.508
0.508
0.509
0.509
0.508
0.508
0.509
0.509
0.509
0.509
0.509
0.509
0.509
0.509
0.509
0.509
0.509
0.509
0.509
0.509
0.509
0.509
0.509
0.509
0.509
0.509
0.509
0.509
0.509
0.509
0.509
0.509
0.509
0.509
0.509
0.509
0.509
0.509
0.509
0.508
0.508
0.509
0.509
0.509
0.509
0.509
0.509
0.509
0.509
0.509
0.509
0.509
0.509
0.509
0.509
0.509
0.509
0.509
0.509
0.509
0.508
0.508
0.508
0.508
0.508
0.508
0.508
0.508
0.508
0.508
0.508
0.508
0.508
0.508
0.508
0.508
0.508
0.508
0.508
0.508
0.508
0.508
0.508
0.508
0.508
0.508
0.508
0.508
0.508
0.508
0.508
0.508
0.507
0.507
0.507
0.507
0.507
0.507
0.507
0.507
0.507
0.507
0.507
0.507
0.507
0.507
0.507
0.507
0.507
0.507
0.507
0.507
0.507
0.507
0.507
0.507
0.507
0.507
0.507
0.507
0.507
0.507
0.507
0.507
0.507
0.507
0.507
0.507
0.507
0.506
0.506
0.506
0.506
0.506