Precisão média por imagem
0.570
0.550
0.488
0.481
0.463
0.449
0.508
0.579
0.606
0.617
0.612
0.597
0.588
0.579
0.576
0.575
0.575
0.575
0.571
0.571
0.567
0.565
0.564
0.562
0.561
0.560
0.559
0.558
0.558
0.551
0.552
0.545
0.543
0.538
0.536
0.534
0.533
0.533
0.531
0.529
0.527
0.524
0.523
0.522
0.522
0.519
0.519
0.518
0.516
0.515
0.514
0.515
0.518
0.516
0.518
0.517
0.519
0.518
0.524
0.522
0.522
0.520
0.519
0.518
0.518
0.519
0.520
0.521
0.519
0.518
0.519
0.518
0.518
0.518
0.516
0.517
0.518
0.519
0.519
0.520
0.519
0.518
0.518
0.518
0.517
0.516
0.515
0.513
0.512
0.514
0.513
0.516
0.515
0.514
0.514
0.512
0.515
0.515
0.515
0.514
0.515
0.514
0.514
0.513
0.514
0.513
0.513
0.513
0.512
0.514
0.513
0.512
0.511
0.510
0.510
0.509
0.510
0.509
0.508
0.510
0.509
0.511
0.511
0.510
0.514
0.517
0.521
0.525
0.524
0.524
0.523
0.523
0.522
0.522
0.523
0.527
0.526
0.524
0.524
0.525
0.525
0.525
0.525
0.525
0.525
0.526
0.525
0.525
0.524
0.524
0.523
0.523
0.523
0.522
0.522
0.523
0.522
0.522
0.522
0.523
0.523
0.524
0.525
0.525
0.525
0.525
0.526
0.525
0.525
0.525
0.525
0.525
0.524
0.524
0.523
0.526
0.525
0.526
0.525
0.525
0.525
0.525
0.524
0.526
0.526
0.526
0.525
0.525
0.524
0.524
0.523
0.525
0.525
0.528
0.527
0.527
0.526
0.526
0.525
0.525
0.525
0.525
0.525
0.524
0.523
0.522
0.522
0.522
0.521
0.523
0.523
0.522
0.523
0.524
0.525
0.526
0.528
0.529
0.532
0.533
0.535
0.537
0.539
0.540
0.541
0.541
0.541
0.541
0.540
0.540
0.540
0.541
0.540
0.540
0.541
0.540
0.540
0.541
0.541
0.540
0.540
0.539
0.538
0.538
0.538
0.538
0.538
0.538
0.539
0.538
0.538
0.538
0.538
0.538
0.539
0.538
0.538
0.538
0.539
0.538
0.538
0.538
0.537
0.537
0.537
0.538
0.538
0.538
0.539
0.539
0.540
0.540
0.540
0.539
0.539
0.539
0.539
0.540
0.540
0.540
0.540
0.540
0.540
0.539
0.539
0.539
0.541
0.541
0.541
0.541
0.541
0.541
0.541
0.541
0.541
0.541
0.540
0.541
0.541
0.542
0.542
0.541
0.541
0.542
0.543
0.542
0.543
0.543
0.543
0.543
0.543
0.542
0.542
0.542
0.542
0.542
0.541
0.542
0.541
0.541
0.541
0.541
0.541
0.541
0.540
0.541
0.540
0.540
0.540
0.539
0.540
0.540
0.540
0.540
0.540
0.540
0.541
0.541
0.542
0.543
0.544
0.544
0.546
0.546
0.545
0.545
0.545
0.545
0.545
0.545
0.545
0.544
0.544
0.544
0.544
0.543
0.543
0.543
0.542
0.542
0.542
0.541
0.542
0.541
0.541
0.541
0.542
0.542
0.541
0.541
0.540
0.540
0.541
0.540
0.541
0.540
0.540
0.540
0.539
0.539
0.541
0.541
0.542
0.542
0.542
0.541
0.541
0.541
0.541
0.542
0.542
0.542
0.542
0.543
0.543
0.542
0.542
0.542
0.542
0.542
0.542
0.542
0.541
0.541
0.541
0.541
0.541
0.541
0.542
0.542