Precisão média por imagem
0.433
0.438
0.460
0.521
0.555
0.603
0.645
0.677
0.698
0.718
0.717
0.729
0.736
0.746
0.755
0.761
0.766
0.757
0.760
0.762
0.766
0.764
0.750
0.742
0.735
0.730
0.725
0.718
0.711
0.708
0.703
0.695
0.692
0.689
0.684
0.679
0.678
0.678
0.672
0.671
0.666
0.662
0.668
0.664
0.669
0.663
0.667
0.664
0.661
0.660
0.658
0.654
0.650
0.647
0.643
0.639
0.635
0.632
0.637
0.641
0.645
0.649
0.649
0.648
0.647
0.645
0.645
0.645
0.644
0.643
0.643
0.644
0.641
0.639
0.639
0.638
0.636
0.636
0.635
0.633
0.631
0.634
0.634
0.634
0.635
0.635
0.637
0.640
0.640
0.639
0.639
0.638
0.637
0.639
0.637
0.640
0.643
0.645
0.647
0.648
0.647
0.648
0.650
0.652
0.654
0.653
0.656
0.659
0.661
0.663
0.664
0.666
0.667
0.666
0.667
0.666
0.667
0.668
0.666
0.665
0.665
0.665
0.667
0.668
0.666
0.665
0.664
0.662
0.662
0.660
0.659
0.658
0.658
0.658
0.658
0.658
0.656
0.654
0.654
0.652
0.652
0.651
0.651
0.652
0.651
0.651
0.651
0.650
0.649
0.649
0.649
0.649
0.650
0.651
0.651
0.649
0.649
0.649
0.649
0.649
0.649
0.649
0.649
0.648
0.647
0.647
0.647
0.646
0.646
0.645
0.644
0.643
0.643
0.644
0.643
0.645
0.646
0.644
0.644
0.643
0.643
0.642
0.641
0.641
0.640
0.639
0.638
0.638
0.638
0.636
0.636
0.635
0.635
0.634
0.633
0.632
0.632
0.632
0.632
0.632
0.632
0.631
0.631
0.631
0.631
0.631
0.630
0.630
0.630
0.630
0.629
0.628
0.629
0.629
0.631
0.632
0.633
0.634
0.633
0.632
0.631
0.630
0.629
0.629
0.628
0.627
0.627
0.626
0.627
0.626
0.626
0.625
0.624
0.624
0.623
0.623
0.623
0.623
0.622
0.622
0.622
0.622
0.623
0.623
0.623
0.624
0.624
0.624
0.623
0.624
0.624
0.623
0.622
0.623
0.622
0.621
0.621
0.620
0.621
0.621
0.622
0.623
0.623
0.624
0.624
0.625
0.626
0.626
0.626
0.627
0.627
0.627
0.626
0.626
0.626
0.626
0.626
0.627
0.628
0.629
0.630
0.630
0.630
0.630
0.630
0.630
0.630
0.630
0.629
0.628
0.628
0.628
0.627
0.627
0.627
0.627
0.628
0.629
0.629
0.630
0.630
0.631
0.631
0.630
0.630
0.629
0.629
0.629
0.629
0.629
0.628
0.628
0.628
0.627
0.627
0.626
0.626
0.626
0.627
0.628
0.629
0.629
0.630
0.631
0.632
0.633
0.633
0.633
0.634
0.634
0.634
0.634
0.633
0.634
0.634
0.634
0.634
0.634
0.634
0.634
0.635
0.635
0.634
0.634
0.634
0.634
0.634
0.635
0.635
0.635
0.635
0.636
0.636
0.635
0.635
0.635
0.635
0.636
0.636
0.636
0.636
0.636
0.636
0.635
0.635
0.635
0.635
0.634
0.634
0.634
0.635
0.636
0.637
0.637
0.637
0.638
0.639
0.640
0.640
0.640
0.639
0.640
0.640
0.640
0.640
0.641
0.641
0.641
0.642
0.642
0.642
0.643
0.642
0.643
0.643
0.643
0.643
0.642
0.643
0.642
0.642
0.641
0.642
0.642
0.642
0.642
0.642
0.642
0.641
0.641
0.641
0.641
0.641
0.641
0.641
0.641
0.641
0.640
0.640
0.640
0.639
0.639
0.639
0.638
0.638
0.638
0.638
0.638
0.638
0.638
0.638
0.638
0.638
0.638
0.639
0.639
0.640
0.640
0.640
0.640
0.640
0.641
0.641
0.641
0.642
0.642
0.642
0.642
0.642
0.642
0.643
0.642
0.642
0.641
0.640
0.640
0.640
0.640
0.640
0.640
0.639
0.639
0.639
0.639
0.639
0.638
0.638
0.638
0.638
0.638
0.638
0.638
0.638
0.638
0.637
0.637
0.637
0.637
0.637
0.636
0.636
0.636
0.636
0.636
0.635
0.635
0.635
0.635
0.635
0.634
0.634
0.634
0.634
0.634
0.634
0.635
0.634
0.634
0.634
0.634
0.634
0.634
0.634
0.634
0.634
0.633
0.634
0.633
0.634
0.633
0.634
0.633
0.633
0.633
0.632
0.633
0.633
0.634
0.634
0.634
0.633
0.633
0.633
0.632
0.632
0.632
0.632
0.633
0.632
0.632
0.632
0.632
0.632
0.633
0.633
0.633
0.633
0.633
0.633
0.632
0.633
0.633
0.633
0.633
0.633
0.634
0.633
0.633
0.633
0.632
0.633
0.633
0.632
0.632
0.632
0.632
0.632
0.631
0.631
0.631
0.631
0.631
0.631
0.631
0.630
0.630
0.630
0.630
0.630
0.630
0.630
0.629
0.629
0.629
0.629
0.629
0.629
0.629
0.629
0.629
0.629
0.628
0.628
0.628
0.627
0.627
0.627
0.627
0.627
0.627
0.627
0.628
0.628
0.629
0.629
0.629
0.629
0.629
0.628
0.628
0.628
0.627
0.627
0.628
0.628
0.628
0.628
0.628
0.628
0.628
0.628
0.628
0.628
0.627
0.627
0.627
0.627
0.627
0.627
0.627
0.627
0.628
0.628
0.628
0.628
0.629
0.629
0.629
0.629
0.629
0.629
0.629
0.629
0.629
0.629
0.629
0.629
0.629
0.629
0.629
0.630
0.630
0.629
0.630
0.630
0.629
0.630
0.630
0.630
0.630
0.630
0.630
0.630
0.630
0.630
0.630
0.629
0.629
0.629
0.629
0.629
0.629
0.629
0.629
0.629
0.629
0.629
0.629
0.630
0.629
0.629
0.629
0.629
0.629
0.629
0.629
0.629
0.629
0.628
0.628
0.629
0.628
0.629
0.629
0.629
0.629
0.628
0.628
0.628
0.628
0.628
0.628
0.628
0.628
0.628
0.628
0.628
0.628
0.628
0.628
0.628
0.628
0.628
0.628
0.628
0.628
0.628
0.628
0.628
0.628
0.628
0.628
0.627
0.628
0.628
0.628
0.627
0.627
0.628
0.628
0.628
0.629
0.629
0.629
0.629
0.629
0.629
0.629
0.629
0.629
0.629
0.629
0.629
0.629
0.628
0.628
0.628
0.628
0.628
0.628
0.628
0.628
0.628
0.628
0.627
0.627
0.627
0.627
0.627
0.627
0.627
0.628
0.628
0.628
0.628
0.628
0.628
0.628
0.628
0.627
0.627
0.627
0.627
0.627
0.627
0.627
0.627
0.627
0.626
0.626
0.626
0.626
0.626
0.625
0.626
0.626
0.626
0.626
0.626
0.626
0.626
0.626
0.625
0.625
0.625
0.626
0.626
0.626
0.626
0.625
0.625
0.625
0.625
0.625
0.626
0.626
0.626
0.626
0.626
0.626
0.626
0.626
0.626
0.627
0.627
0.627
0.627
0.627
0.628
0.627
0.628
0.628
0.627
0.627
0.627
0.626
0.626
0.626
0.626
0.626
0.626
0.627
0.627
0.627
0.627
0.626
0.626
0.626
0.626
0.626
0.626
0.626
0.626
0.626
0.626
0.626
0.626
0.627
0.626
0.627
0.626
0.626
0.626
0.626
0.626
0.626
0.626
0.625
0.625
0.625
0.625
0.625
0.625
0.625
0.625
0.625
0.625
0.625
0.625
0.625
0.625
0.626
0.626
0.626
0.626
0.626
0.626
0.626
0.626
0.626
0.626
0.626
0.626
0.626
0.626
0.626
0.626
0.626
0.626
0.626
0.626
0.626
0.625
0.625
0.625
0.625
0.625
0.625
0.624
0.624
0.624
0.624
0.624
0.624
0.624
0.624
0.624
0.624
0.624
0.624
0.624
0.624
0.624
0.624
0.624
0.623
0.623
0.623
0.623
0.623
0.623
0.623
0.622
0.622
0.623
0.623
0.623
0.623
0.624
0.624
0.624
0.624
0.623
0.623
0.623
0.623
0.623
0.623
0.623
0.623
0.623
0.623
0.623
0.623
0.623
0.623
0.622
0.622
0.622
0.622
0.623
0.622
0.622
0.622
0.622
0.622
0.622
0.622
0.622
0.622
0.622
0.622
0.622
0.622
0.621
0.621
0.621
0.621
0.621
0.621
0.621
0.621
0.621
0.621
0.621
0.620
0.620
0.620
0.620
0.620
0.619
0.619
0.619
0.619
0.619
0.619
0.619
0.619
0.619
0.620
0.620
0.620
0.620
0.620
0.620
0.620
0.620
0.620
0.620
0.620
0.620
0.620
0.620
0.620
0.620
0.620
0.620
0.620
0.620
0.621
0.621
0.621
0.621
0.621
0.621
0.621
0.621
0.621
0.620
0.620
0.620
0.620
0.620
0.620
0.620
0.620
0.620
0.620
0.620
0.620
0.619
0.619
0.619
0.619
0.620
0.619
0.619
0.619
0.619
0.619
0.619
0.619
0.619
0.618
0.618
0.618
0.618
0.618
0.619
0.619
0.619
0.620
0.620
0.620
0.621
0.621
0.621
0.622
0.622
0.622
0.622
0.622
0.622
0.621
0.621
0.621
0.621
0.621
0.621
0.621
0.621
0.621
0.620
0.620
0.620
0.621
0.621
0.620
0.620
0.620
0.621
0.620
0.620
0.620
0.620
0.620
0.620
0.620
0.621
0.620
0.620
0.621
0.621
0.621
0.620
0.620
0.620
0.620
0.621
0.620
0.620
0.620
0.620
0.620
0.620
0.621
0.621
0.621
0.621
0.621
0.621
0.621
0.621
0.621
0.621
0.621
0.621
0.621
0.621
0.621
0.621
0.621
0.621
0.621
0.621
0.621
0.621
0.621
0.621
0.621
0.621
0.621
0.622
0.622
0.622
0.622
0.622
0.623
0.623
0.623
0.623
0.624
0.624
0.624
0.624
0.624
0.625
0.625
0.625
0.625
0.625
0.626
0.626
0.626
0.626
0.626
0.626
0.626
0.626
0.626
0.626
0.626
0.626
0.626
0.626
0.626
0.626
0.626
0.625
0.625
0.625
0.625
0.625
0.625
0.625
0.625
0.625
0.625
0.625
0.625
0.625
0.625
0.625
0.625
0.625
0.626
0.626
0.626
0.625
0.626
0.626
0.626
0.626
0.626
0.626
0.625
0.625
0.625
0.625
0.625
0.625
0.625
0.625
0.625
0.625
0.625
0.625
0.625
0.625
0.625
0.625
0.625
0.625
0.624
0.624
0.624
0.624
0.624
0.624
0.624
0.624
0.624
0.624
0.624
0.624
0.624
0.624
0.624
0.624
0.624
0.624
0.624
0.624
0.624
0.624
0.624
0.624
0.624
0.624
0.624
0.623
0.623
0.623
0.623
0.623
0.623
0.623
0.623
0.623
0.623
0.623
0.623
0.623
0.623
0.623
0.623
0.623
0.623
0.622
0.622
0.622
0.622
0.622
0.622
0.622
0.622
0.622
0.622
0.622
0.621
0.621
0.621
0.622
0.622
0.622
0.622
0.622
0.622
0.622
0.622
0.622
0.622
0.622
0.622
0.622
0.623
0.623
0.622
0.622
0.622
0.622
0.622
0.622
0.622
0.622
0.622
0.622
0.622
0.622
0.622
0.622
0.622
0.622
0.622
0.622
0.622
0.622
0.622
0.622
0.622
0.622
0.622
0.623
0.623
0.623
0.623
0.623
0.623
0.623
0.623
0.623
0.623
0.623
0.623
0.623
0.623
0.623
0.623
0.623
0.623
0.623
0.623
0.622
0.622
0.622
0.622
0.622
0.622
0.622
0.622
0.622
0.622
0.623
0.623
0.623
0.623
0.623
0.623
0.623
0.623
0.623
0.623
0.622
0.622
0.622
0.623
0.623
0.622
0.622
0.622
0.622
0.622
0.622
0.622
0.623
0.623
0.623
0.623
0.623
0.623
0.624
0.624
0.623
0.623
0.623
0.623
0.623
0.623
0.623
0.623
0.623
0.623
0.623
0.623
0.623
0.623
0.623
0.623
0.623
0.623
0.623
0.623
0.623
0.623
0.622
0.622
0.622
0.623
0.623
0.623
0.623
0.623
0.623
0.623
0.623
0.623
0.623
0.623
0.623
0.622
0.622
0.622
0.622
0.623
0.623
0.623
0.623
0.623
0.623
0.623
0.624
0.624
0.624
0.624
0.625
0.624
0.624
0.625
0.625
0.625
0.625
0.625
0.625
0.625
0.625
0.625
0.625
0.625
0.625
0.625
0.625
0.625
0.625
0.625
0.625
0.625
0.625
0.625
0.625
0.625
0.625
0.625
0.625
0.626
0.626
0.625
0.626
0.626
0.626
0.626
0.626
0.626
0.626
0.626
0.626
0.626
0.626
0.626
0.626
0.626
0.626
0.626
0.626
0.626
0.626
0.626
0.626
0.626
0.625
0.625
0.625
0.625
0.625
0.625
0.625
0.625
0.625
0.625
0.625
0.625
0.624
0.624
0.624
0.624
0.624
0.624
0.624
0.624
0.624
0.624
0.624
0.624
0.624
0.624
0.624
0.624
0.624
0.623
0.623
0.623
0.623
0.623
0.623
0.623
0.623
0.623
0.623
0.623
0.623
0.623
0.623
0.623
0.622
0.623
0.623
0.623
0.622
0.622
0.622
0.622
0.622
0.622
0.622
0.622
0.622
0.622
0.622
0.622
0.622
0.622
0.622
0.622
0.621
0.621
0.621
0.621
0.621
0.621
0.621
0.621
0.621
0.621
0.621
0.621
0.621
0.621