
0.249
0.210
0.175
0.166
0.180
0.166
0.152
0.153
0.155
0.184
0.189
0.190
0.183
0.179
0.178
0.177
0.175
0.209
0.204
0.201
0.194
0.228
0.222
0.222
0.222
0.218
0.217
0.217
0.224
0.246
0.261
0.257
0.263
0.278
0.291
0.286
0.282
0.291
0.288
0.283
0.281
0.276
0.271
0.287
0.303
0.312
0.320
0.316
0.313
0.311
0.323
0.322
0.320
0.317
0.329
0.325
0.322
0.330
0.339
0.335
0.331
0.330
0.327
0.323
0.321
0.319
0.318
0.316
0.314
0.312
0.310
0.308
0.306
0.304
0.301
0.308
0.314
0.310
0.311
0.314
0.321
0.321
0.318
0.315
0.313
0.311
0.309
0.310
0.307
0.307
0.314
0.315
0.319
0.325
0.331
0.329
0.327
0.324
0.323
0.326
0.324
0.326
0.331
0.329
0.326
0.328
0.327
0.325
0.324
0.322
0.321
0.319
0.317
0.316
0.321
0.325
0.323
0.321
0.325
0.329
0.332
0.335
0.337
0.341
0.343
0.348
0.347
0.352
0.349
0.348
0.346
0.349
0.349
0.348
0.348
0.347
0.350
0.348
0.349
0.348
0.346
0.345
0.343
0.344
0.342
0.340
0.342
0.343
0.344
0.345
0.344
0.343
0.342
0.342
0.344
0.346
0.345
0.349
0.347
0.350
0.353
0.351
0.354
0.352
0.355
0.354
0.356
0.355
0.354
0.358
0.356
0.355
0.358
0.357
0.357
0.359
0.358
0.357
0.356
0.355
0.356
0.356
0.355
0.354
0.354
0.355
0.356
0.355
0.354
0.353
0.352
0.354
0.352
0.351
0.351
0.350
0.350
0.352
0.352
0.353
0.356
0.358
0.361
0.363
0.363
0.362
0.361
0.359
0.359
0.357
0.357
0.356
0.355
0.357
0.360
0.362
0.362
0.361
0.361
0.359
0.359
0.358
0.357
0.356
0.357
0.359
0.362
0.364
0.363
0.363
0.362
0.361
0.360
0.359
0.358
0.360
0.362
0.364
0.364
0.365
0.364
0.366
0.364
0.363
0.363
0.362
0.361
0.361
0.361
0.361
0.360
0.359
0.360
0.360
0.362
0.364
0.363
0.362
0.362
0.361
0.360
0.360
0.359
0.358
0.357
0.357
0.359
0.358
0.361
0.360
0.361
0.360
0.359
0.358
0.359
0.358
0.357
0.358
0.358
0.359
0.360
0.359
0.359
0.360
0.360
0.360
0.360
0.360
0.359
0.359
0.361
0.360
0.360
0.359
0.361
0.363
0.363
0.363
0.363
0.362
0.361
0.361
0.360
0.359
0.361
0.360
0.360
0.361
0.360
0.360
0.361
0.363
0.365
0.364
0.364
0.364
0.363
0.363
0.363
0.364
0.364
0.363
0.363
0.362
0.362
0.363
0.362
0.364
0.364
0.366
0.365
0.365
0.365
0.365
0.366
0.366
0.365
0.367
0.366
0.368
0.369
0.368
0.367
0.369
0.368
0.367
0.367
0.367
0.366
0.366
0.366
0.366
0.366
0.365
0.365
0.364
0.364
0.363
0.362
0.361
0.361
0.360
0.360
0.360
0.360
0.360
0.359
0.358
0.358
0.358
0.358
0.358
0.359
0.358
0.358
0.358
0.358
0.357
0.357
0.357
0.356
0.356
0.355
0.356
0.355
0.354
0.354
0.353
0.353
0.354
0.354
0.354
0.353
0.353
0.353
0.353
0.353
0.353
0.353
0.353
0.353
0.352
0.352
0.352
0.351
0.351
0.351
0.350
0.351
0.351
0.351
0.350
0.350
0.350
0.350
0.349
0.349
0.350
0.349
0.349
0.350
0.350
0.349
0.349
0.350
0.350
0.350
0.350
0.350
0.350
0.350
0.350
0.351
0.351
0.350
0.350
0.350
0.350
0.351
0.351
0.350
0.350
0.350
0.350
0.350
0.350
0.350
0.350
0.349
0.349
0.349
0.349
0.349
0.349
0.348
0.348
0.348
0.348
0.347
0.348
0.348
0.348
0.348
0.348
0.348
0.349
0.348
0.348
0.348
0.348
0.347
0.347
0.346
0.347
0.346
0.346
0.346
0.346
0.346
0.346
0.346
0.346
0.346
0.346
0.345
0.346
0.345
0.345
0.345
0.345
0.344
0.344
0.344
0.344
0.344
0.345
0.345
0.344
0.344
0.345
0.345
0.345
0.345
0.345
0.345
0.345
0.344
0.344
0.344
0.344
0.344
0.344
0.344
0.344
0.344
0.343
0.343
0.343
0.342
0.341
0.342
0.341
0.341
0.341
0.340
0.340
0.340
0.340
0.340
0.341
0.340
0.340
0.340
0.340
0.340
0.340
0.340
0.340
0.340
0.341
0.341
0.340
0.340
0.340
0.340
0.340
0.340
0.339
0.339
0.339
0.339
0.339
0.339
0.339
0.338
0.338
0.339
0.339
0.340
0.340
0.340
0.340
0.340
0.340
0.340
0.340
0.339
0.339
0.339
0.339
0.340
0.340
0.340
0.340
0.341
0.341
0.341
0.340
0.340
0.340
0.340
0.339
0.340
0.339
0.339
0.339
0.339
0.339
0.339
0.339
0.339
0.339
0.339
0.339
0.339
0.339
0.339
0.339
0.339
0.339
0.338
0.339
0.338
0.338
0.338
0.338
0.337
0.337
0.337
0.337
0.337
0.337
0.336
0.337
0.338
0.338
0.338
0.338
0.338
0.338
0.337
0.337
0.337
0.337
0.337
0.337
0.336
0.336
0.336
0.336
0.335
0.335
0.335
0.335
0.335
0.335
0.334
0.335
0.335
0.335
0.334
0.334
0.334
0.334
0.334
0.334
0.334
0.334
0.334
0.334
0.334
0.334
0.333
0.333
0.333
0.333
0.333
0.333
0.333
0.333
0.333
0.333
0.333
0.333
0.333
0.333
0.333
0.333
0.333
0.333
0.333
0.333
0.333
0.333
0.333
0.333
0.333
0.333
0.333
0.333
0.333
0.333
0.333
0.333
0.333
0.333
0.333
0.333
0.333
0.332
0.332
0.332
0.332
0.332
0.332
0.332
0.332
0.332
0.333
0.332
0.332
0.333
0.332
0.332
0.332
0.332
0.332
0.332
0.332
0.332
0.332
0.332
0.332
0.332
0.332
0.332
0.332
0.332
0.331
0.332
0.331
0.331
0.331
0.331
0.331
0.331
0.331
0.331
0.331
0.331
0.331
0.331
0.331
0.331
0.331
0.331
0.331
0.331
0.331
0.331
0.331
0.331
0.331
0.331
0.331
0.331
0.331
0.331
0.331
0.331
0.331
0.331
0.331
0.331
0.331
0.331
0.330
0.330
0.330
0.330
0.330
0.330
0.330
0.330
0.330
0.330
0.330
0.330
0.330
0.330
0.330
0.330
0.330
0.330
0.330
0.330
0.330
0.330
0.330
0.330
0.330
0.330
0.330
0.330
0.330
0.330
0.330
0.330
0.330
0.330
0.330
0.330
0.330
0.330
0.330
0.330
0.330
0.329
0.329
0.330
0.330
0.330
0.330
0.330
0.330
0.330
0.330
0.330
0.330
0.330
0.330
0.330
0.330
0.330
0.330
0.330
0.329
0.329
0.329
0.329
0.329
0.329
0.329
0.329
0.329
0.329
0.329
0.329
0.329
0.329
0.329
0.330
0.330
0.330
0.330
0.330
0.330
0.330
0.330
0.330
0.330
0.330
0.330
0.330
0.330
0.330
0.330
0.330
0.330
0.330
0.330
0.330
0.330
0.330
0.331
0.331
0.331
0.331
0.331
0.331
0.331
0.331
0.331
0.331
0.331
0.331
0.331
0.331
0.331
0.331
0.331
0.331
0.331
0.331
0.331
0.331
0.331
0.331
0.331
0.331
0.331
0.331
0.331
0.331
0.331
0.331
0.331
0.331
0.331
0.331
0.331
0.331
0.331
0.331
0.331
0.331
0.331
0.331
0.331
0.331
0.331
0.331
0.331
0.331
0.331
0.331
0.331
0.331
0.331
0.331
0.331
0.330
0.330
0.330
0.330
0.330
0.330
0.330
0.330
0.330
0.330
0.330
0.330
0.330
0.330
0.330
0.330
0.330
0.330
0.330
0.330
0.330
0.330
0.330
0.330
0.330
0.330
0.330
0.330
0.330
0.330
0.330
0.330
0.330
0.330
0.330
0.330
0.330
0.330
0.330
0.330
0.330
0.330
0.330
0.330
0.330
0.330
0.330
0.330
0.330
0.330
0.330
0.330
0.330
0.330
0.330
0.330
0.330
0.330
0.330
0.330
0.330
0.330
0.330
0.330
0.330
0.330
0.330
0.330
0.330
0.330
0.330
0.330
0.329
0.329
0.330
0.330
0.330
0.330
0.330
0.329
0.329
0.330
0.330
0.330
0.330
0.330
0.330
0.330
0.330
0.330
0.330
0.330
0.330
0.330
0.330
0.330
0.330
0.330
0.329
0.329
0.329
0.329
0.329
0.329
0.329
0.329
0.329
0.329
0.329
0.329
0.329
0.329
0.329
0.329
0.329
0.329
0.329
0.329
0.329
0.329
0.329
0.329
0.329
0.329
0.329
0.329
0.329
0.329
0.329
0.329
0.329
0.329
0.330
0.329
0.329
0.329
0.329
0.330
0.330
0.329
0.330
0.330
0.330
0.330
0.330
0.329
0.330
0.330
0.329
0.330
0.329
0.329
0.329
0.329
0.329
0.330
0.330
0.329
0.329
0.330
0.330
0.330
0.330
0.330
0.329
0.329
0.329
0.329
0.329
0.329
0.329
0.329
0.329
0.329
0.329
0.329
0.329
0.329
0.329
0.329
0.329
0.329
0.329
0.329
0.329
0.329
0.329
0.329
0.329
0.329
0.329
0.329
0.329
0.329
0.329
0.329
0.329
0.329
0.329
0.329
0.329
0.329
0.329
0.329
0.329
0.329
0.329
0.329
0.329
0.329
0.329
0.329
0.329
0.329
0.329
0.329
0.329
0.329
0.329
0.329
0.329
0.329
0.329
0.329
0.329
0.329
0.329
0.329
0.329
0.329
0.329
0.329
0.329
0.329
0.329
0.329
0.329
0.329
0.329
0.329
0.329
0.329
0.329
0.329
0.329
0.329
0.329
0.329
0.329
0.329
0.329
0.329
0.329
0.329
0.329
0.329
0.329
0.329
0.329
0.329
0.329
0.329
0.329
0.329
0.329
0.329
0.329
0.329
0.329
0.329
0.329
0.329
0.329
0.329
0.329
0.329
0.329
0.328
0.329
0.329
0.329
0.328
0.329
0.328
0.328
0.328
0.328
0.328
0.328
0.329
0.328
0.328
0.328
0.328
0.328
0.328
0.328
0.328
0.328
0.328
0.328
0.328
0.329
0.329
0.329
0.328
0.328
0.328
0.328
0.328
0.328
0.328
0.329
0.329
0.329
0.329
0.329
0.329
0.329
0.328
0.328
0.328
0.328
0.328
0.328
0.328
0.329
0.328
0.328
0.328
0.328
0.329
0.329
0.329
0.329
0.328
0.328
0.328
0.328
0.328
0.328
0.328
0.328
0.327
0.328
0.328
0.328
0.328
0.328
0.328
0.328
0.327
0.327
0.327
0.327
0.327
0.327
0.327
0.327
0.326
0.326
0.326
0.326
0.326
0.326
0.326
0.326
0.326
0.326
0.326
0.326
0.326
0.326
0.326
0.326
0.326
0.326
0.326
0.326
0.326
0.326
0.326
0.326
0.326
0.326
0.326
0.327
0.326
0.326
0.326
0.326
0.326
0.326
0.326
0.326
0.325
0.326
0.325
0.325
0.326
0.326
0.326
0.325
0.325
0.326
0.325
0.326
0.326
0.326
0.325
0.325
0.325
0.325
0.325
0.325
0.325
0.325
0.325
0.326
0.326
0.326
0.326
0.326
0.326
0.325
0.325
0.325
0.325
0.325
0.326
0.326
0.326
0.326
0.326
0.326
0.326
0.326
0.326
0.326
0.326
0.326
0.326
0.326
0.325
0.325
0.325
0.325
0.325
0.325
0.325
0.325
0.325
0.325
0.325
0.325
0.324
0.325
0.324
0.324
0.324
0.324
0.324
0.324
0.324
0.324
0.324
0.324
0.324
0.324
0.324
0.324
0.324
0.324
0.324
0.324
0.324
0.324
0.324
0.324
0.324
0.324
0.323
0.323
0.323
0.323
0.323
0.323
0.323
0.323
0.323
0.323
0.323
0.323
0.323
0.323
0.323
0.323
0.323
0.323
0.323
0.323
0.323
0.323
0.323
0.323
0.323
0.322
0.322
0.322
0.322
0.322
0.322
0.322
0.322
0.322
0.322
0.322
0.322
0.322
0.322
0.322
0.322
0.322
0.323
0.322
0.322
0.322
0.322
0.323
0.323
0.323
0.323
0.323
0.323
0.323
0.323
0.323
0.323
0.323
0.323
0.323
0.323
0.324
0.324
0.324
0.324
0.324
0.323
0.324
0.324
0.324
0.324
0.324
0.324
0.325
0.325
0.325
0.325
0.325
0.325
0.325
0.325
0.324
0.324
0.325
0.325
0.325
0.325
0.325
0.325
0.325
0.325
0.325
0.325
0.325
0.325
0.325
0.325
0.325
0.325
0.325
0.325
0.325
0.325
0.325
0.325
0.326
0.326
0.326
0.326
0.326
0.326
0.326
0.326
0.326
0.326
0.326
0.326
0.326
0.326
0.326
0.326
0.326
0.326
0.326
0.326
0.326
0.326
0.326
0.326
0.326
0.326
0.326
0.326
0.326
0.326
0.326
0.326
0.326
0.327
0.327
0.327
0.327
0.326
0.326
0.326
0.326
0.326
0.327
0.326
0.327
0.327
0.327
0.327
0.327
0.327
0.327
0.327
0.327
0.328
0.327
0.327
0.327
0.327
0.327
0.327
0.327
0.327
0.327
0.327
0.327
0.327
0.327
0.327
0.327
0.327
0.327
0.327
0.327
0.328
0.328
0.328
0.328
0.328
0.328
0.328
0.328
0.328
0.328
0.328
0.328
0.328
0.328
0.328
0.328
0.328
0.328
0.328
0.328
0.328
0.328
0.328
0.328
0.328
0.328
0.328
0.328
0.328
0.328
0.328
0.328
0.328
0.328
0.328
0.328
0.328
0.327
0.327
0.328
0.328
0.327
0.328
0.328
0.328
0.328
0.328
0.328
0.328
0.328
0.328
0.328
0.328
0.328
0.328
0.328
0.328
0.328
0.328
0.328
0.328
0.328
0.328
0.328
0.328
0.328
0.328
0.327
0.328
0.328
0.328
0.328
0.328
0.328
0.328
0.328
0.328
0.328
0.328
0.327
0.327
0.327
0.327
0.328
0.328
0.328
0.327
0.327
0.327
0.328
0.327
0.328
0.328
0.328
0.328
0.328
0.328
0.327
0.327
0.327
0.327
0.327
0.327
0.327
0.327
0.327
0.327
0.327
0.327
0.327
0.327
0.328
0.328
0.328
0.328
0.328
0.328
0.328
0.327
0.328
0.328
0.328
0.327
0.328
0.328
0.328
0.328
0.328
0.328
0.328
0.328
0.328
0.328
0.328
0.328
0.328
0.328
0.328
0.328
0.328
0.328
0.328
0.328
0.328
0.328
0.328
0.328
0.328
0.328
0.328
0.328
0.328
0.328
0.328
0.328
0.327
0.328
0.328
0.328
0.328
0.328
0.328
0.328
0.328
0.328
0.328
0.328
0.328
0.328
0.328
0.328
0.328
0.328
0.328
0.328
0.328
0.328
0.328
0.328
0.328
0.328
0.328
0.328
0.328
0.328
0.328
0.328
0.328
0.328
0.328
0.328
0.328
0.328
0.328
0.329
0.329
0.329
0.329
0.329
0.330
0.330
0.330
0.331
0.331
0.331
0.332
0.332
0.332
0.332
0.333
0.333
0.333
0.333
0.333
0.334
0.334
0.334
0.335
0.335
0.335
0.335
0.335
0.335
0.336
0.336
0.336
0.336
0.336
0.337
0.337
0.337
0.337
0.337
0.337
0.337
0.338
0.338
0.338
0.337
0.337
0.338
0.338
0.338
0.339
0.339
0.339
0.339
0.339
0.338
0.338
0.338
0.338
0.338
0.339
0.339
0.339
0.339
0.339
0.340
0.340
0.340
0.340
0.340
0.341
0.341
0.341
0.341
0.341
0.342
0.342
0.342
0.342
0.343
0.342
0.342
0.342
0.342
0.342
0.342
0.342
0.342
0.342
0.342
0.342
0.342
0.342
0.342
0.341
0.341
0.341
0.341
0.341
0.341
0.341
0.341
0.341
0.341
0.342
0.342
0.342
0.342
0.342
0.342
0.342
0.342
0.342
0.343
0.342
0.343
0.343
0.343
0.343
0.343
0.343
0.343
0.343
0.343
0.343
0.343
0.343
0.342
0.342
0.342
0.343
0.343
0.343
0.343
0.343
0.343
0.343
0.343
0.344
0.343
0.344
0.344
0.344
0.343
0.343
0.343
0.343
0.343
0.343
0.343
0.343
0.343
0.343
0.343
0.343
0.343
0.343
0.343
0.343
0.343
0.343
0.343
0.343
0.343
0.343
0.343
0.342
0.342
0.342
0.342
0.342
0.342
0.342
0.342
0.342
0.342
0.342
0.342
0.342
0.342
0.342
0.342
0.342
0.342
0.342
0.342
0.342
0.342
0.342
0.342
0.342
0.342
0.342
0.342
0.342
0.341
0.341
0.341
0.341
0.341
0.341
0.342
0.342
0.342
0.341
0.341
0.341
0.341
0.341
0.341
0.341
0.341
0.341
0.341
0.341
0.341
0.341
0.341
0.341
0.341
0.341
0.340
0.340
0.340
0.340
0.340
0.340
0.340
0.340
0.340
0.340
0.340
0.340
0.340
0.340
0.340
0.340
0.339
0.339
0.339
0.339
0.339
0.339
0.339
0.339
0.339
0.339
0.339
0.339
0.339
0.338
0.338
0.338
0.338
0.338
0.338
0.338
0.338
0.338
0.338
0.338
0.338
0.338
0.338
0.338
0.338
0.338
0.338
0.338
0.338
0.338
0.338
0.337
0.337
0.337
0.337
0.337
0.337
0.337
0.337
0.337
0.337
0.337
0.337
0.337
0.337
0.336
0.336
0.336
0.336
0.336
0.336
0.336
0.336
0.336
0.336
0.336
0.336
0.336
0.336
0.336
0.336
0.336
0.336
0.335
0.335
0.335
0.335
0.335
0.335
0.335
0.335
0.335
0.335
0.335
0.335
0.335
0.335
0.335
0.335
0.334
0.335
0.334
0.334
0.334
0.334
0.334
0.334
0.334
0.334
0.334
0.334
0.334
0.334
0.334
0.334
0.334
0.334
0.334
0.334
0.334
0.333
0.333
0.333
0.333
0.333
0.333
0.333
0.333
0.333
0.333
0.333
0.333
0.333
0.333
0.333
0.332
0.332
0.332
0.332
0.332
0.332
0.332
0.332
0.332
0.332
0.332
0.332
0.332
0.332
0.332
0.332
0.331
0.331
0.331
0.331
0.331
0.331
0.331
0.331
0.331
0.331
0.331
0.331
0.331
0.331
0.331
0.331
0.331
0.331
0.331
0.330
0.330
0.330
0.330
0.330
0.330
0.330
0.330
0.330
0.330
0.330
0.330
0.330
0.330
0.330
0.329
0.329
0.329
0.329
0.329
0.329
0.329
0.329
0.329
0.329
0.329
0.329
0.329
0.329
0.329
0.329
0.329
0.329
0.329
0.329
0.329
0.329
0.329
0.328
0.328
0.328
0.328
0.328
0.328
0.328
0.328
0.328
0.328
0.328
0.328
0.328
0.328
0.328
0.328
0.328
0.328
0.328
0.328
0.328
0.328
0.328
0.328
0.328
0.328
0.328
0.328
0.328
0.328
0.328
0.328
0.328
0.328
0.328
0.328
0.328
0.328
0.328
0.328
0.328
0.328
0.328
0.328
0.328
0.328
0.328
0.328
0.328
0.328
0.328
0.328
0.328
0.328
0.328
0.328
0.328
0.328
0.328
0.328
0.328
0.328
0.328
0.327
0.327
0.327
0.327
0.328
0.328
0.327
0.327
0.327
0.327
0.327
0.327
0.327
0.327
0.327
0.327
0.327
0.327
0.327
0.327
0.327
0.327
0.327
0.327
0.327
0.327
0.327
0.327
0.327
0.327
0.327
0.327
0.327
0.327
0.327
0.327
0.327
0.327
0.327
0.327
0.327
0.327
0.327
0.328
0.328
0.328
0.328
0.328
0.328
0.328
0.328
0.328
0.328
0.328
0.328
0.328
0.328
0.328
0.328
0.328
0.328
0.328
0.328
0.328
0.328
0.328
0.328
0.328
0.328
0.328
0.328
0.328
0.328
0.328
0.328
0.328
0.328
0.328
0.328
0.328
0.328
0.328
0.328
0.328
0.328
0.328
0.328
0.328
0.328
0.328
0.328
0.328
0.327
0.327
0.327
0.327
0.327
0.327
0.327
0.327
0.328
0.328
0.328
0.328
0.328
0.328
0.328
0.328
0.328
0.328
0.328
0.328
0.328
0.328
0.328
0.327
0.327
0.327
0.327
0.327
0.327
0.327
0.327
0.327
0.328
0.328
0.328
0.328
0.328
0.328
0.328
0.328
0.328
0.327
0.327
0.327
0.327
0.327
0.327
0.327
0.327
0.327
0.327
0.327
0.327
0.327
0.327
0.327
0.328
0.328
0.328
0.328
0.328
0.328
0.328
0.328
0.328
0.328
0.328
0.328
0.328
0.328
0.328
0.328
0.328
0.328
0.328
0.328
0.328
0.328
0.328
0.328
0.328
0.328
0.328
0.328
0.328
0.328
0.328
0.328
0.328
0.328
0.328
0.328
0.328
0.328
0.328
0.328
0.328
0.328
0.328
0.328
0.328
0.328
0.328
0.328
0.328
0.328
0.328
0.328
0.328
0.328
0.328
0.328
0.328
0.328
0.328
0.328
0.328
0.328
0.328
0.328
0.329
0.329
0.329
0.329
0.329
0.329
0.329
0.329
0.329
0.329
0.329
0.329
0.329
0.329
0.329
0.329
0.329
0.329
0.329
0.329
0.329
0.329
0.329
0.329
0.329
0.329
0.330
0.330
0.330
0.329
0.329
0.329
0.329
0.329
0.329
0.329
0.329
0.329
0.329
0.329
0.329
0.329
0.329
0.329
0.329
0.329
0.329
0.329
0.329
0.329
0.329
0.329
0.329
0.329
0.329
0.329
0.329
0.329
0.329
0.329
0.330
0.330
0.330
0.330
0.330
0.330
0.330
0.330
0.331
0.331
0.331
0.331
0.331
0.331
0.331
0.331
0.331
0.331
0.331
0.331
0.331
0.331
0.331
0.331
0.331
0.331
0.331
0.331
0.331
0.331
0.331
0.331
0.331
0.331
0.331
0.331
0.331
0.331
0.331
0.331
0.331
0.332
0.332
0.332
0.332
0.332
0.332
0.332
0.332
0.331
0.331
0.331
0.331
0.332
0.331
0.331
0.331
0.331
0.332
0.331
0.331
0.331
0.332
0.332
0.332
0.332
0.332
0.332
0.332
0.332
0.332
0.332
0.332
0.332
0.332
0.332
0.332
0.332
0.332
0.332
0.332
0.332
0.332
0.332
0.332
0.332
0.332
0.332
0.332
0.331
0.331
0.331
0.331
0.331
0.331
0.331
0.332
0.331
0.332
0.331
0.332
0.332
0.332
0.332
0.332
0.332
0.332
0.332
0.332
0.332
0.332
0.332
0.332
0.332
0.332
0.332
0.332