Precisão média por imagem
0.347
0.366
0.520
0.572
0.589
0.605
0.608
0.615
0.622
0.633
0.631
0.635
0.635
0.640
0.645
0.647
0.648
0.648
0.646
0.647
0.650
0.652
0.654
0.655
0.648
0.641
0.639
0.634
0.628
0.622
0.617
0.620
0.622
0.617
0.614
0.615
0.615
0.616
0.617
0.619
0.614
0.611
0.612
0.615
0.617
0.618
0.620
0.622
0.618
0.615
0.612
0.609
0.606
0.602
0.600
0.597
0.594
0.592
0.593
0.595
0.597
0.598
0.596
0.594
0.596
0.598
0.599
0.600
0.598
0.595
0.596
0.597
0.595
0.593
0.594
0.591
0.589
0.587
0.586
0.584
0.582
0.583
0.584
0.586
0.588
0.588
0.590
0.590
0.592
0.590
0.588
0.589
0.590
0.591
0.593
0.594
0.595
0.596
0.596
0.597
0.597
0.597
0.598
0.598
0.598
0.599
0.600
0.601
0.601
0.602
0.603
0.604
0.604
0.605
0.606
0.606
0.606
0.606
0.605
0.604
0.604
0.604
0.605
0.605
0.604
0.603
0.602
0.603
0.601
0.600
0.599
0.597
0.596
0.597
0.597
0.598
0.597
0.596
0.596
0.597
0.598
0.599
0.599
0.600
0.600
0.601
0.601
0.600
0.599
0.599
0.599
0.600
0.600
0.601
0.600
0.600
0.600
0.601
0.601
0.601
0.602
0.602
0.602
0.601
0.600
0.599
0.599
0.599
0.599
0.598
0.598
0.598
0.599
0.599
0.600
0.600
0.600
0.600
0.599
0.598
0.597
0.596
0.597
0.597
0.597
0.598
0.597
0.596
0.597
0.596
0.595
0.595
0.596
0.595
0.594
0.595
0.595
0.596
0.596
0.597
0.598
0.597
0.596
0.597
0.597
0.597
0.597
0.598
0.598
0.598
0.598
0.597
0.597
0.597
0.597
0.598
0.598
0.598
0.598
0.598
0.598
0.597
0.597
0.598
0.598
0.598
0.597
0.596
0.597
0.596
0.595
0.596
0.596
0.596
0.596
0.597
0.597
0.597
0.597
0.596
0.596
0.597
0.597
0.598
0.598
0.598
0.599
0.599
0.599
0.600
0.600
0.601
0.601
0.601
0.602
0.602
0.602
0.602
0.602
0.603
0.603
0.603
0.603
0.604
0.604
0.604
0.604
0.605
0.605
0.605
0.605
0.605
0.605
0.604
0.605
0.605
0.605
0.606
0.606
0.606
0.606
0.606
0.607
0.607
0.607
0.607
0.608
0.607
0.606
0.606
0.605
0.605
0.605
0.605
0.605
0.604
0.604
0.605
0.605
0.605
0.605
0.606
0.605
0.605
0.604
0.604
0.604
0.604
0.604
0.605
0.605
0.605
0.605
0.605
0.605
0.606
0.606
0.606
0.607
0.607
0.607
0.607
0.607
0.607
0.607
0.608
0.608
0.608
0.608
0.608
0.609
0.608
0.608
0.608
0.608
0.608
0.608
0.608
0.608
0.609
0.609
0.608
0.608
0.607
0.607
0.607
0.607
0.607
0.608
0.608
0.608
0.608
0.608
0.608
0.607
0.608
0.608
0.608
0.608
0.609
0.609
0.608
0.608
0.608
0.608
0.609
0.608
0.608
0.608
0.608
0.608
0.609
0.609
0.609
0.609
0.609
0.609
0.609
0.609
0.609
0.609
0.609
0.610
0.610
0.610
0.610
0.610
0.610
0.611
0.611
0.611
0.611
0.611
0.611
0.612
0.612
0.612
0.612
0.612
0.611
0.611
0.611
0.611
0.611
0.611
0.611
0.611
0.611
0.611
0.611
0.611
0.611
0.610
0.611
0.611
0.611
0.611
0.611
0.610
0.610
0.610
0.609
0.609
0.609
0.609
0.609
0.609
0.609
0.609
0.610
0.609
0.609
0.608
0.608
0.609
0.609
0.609
0.609
0.609
0.609
0.610
0.610
0.610
0.610
0.610
0.610
0.611
0.611
0.611
0.611
0.611
0.611
0.610
0.610
0.610
0.609
0.610
0.610
0.609
0.609
0.609
0.609
0.609
0.609
0.608
0.608
0.609
0.608
0.609
0.609
0.608
0.608
0.608
0.607
0.608
0.607
0.607
0.607
0.607
0.606
0.606
0.606
0.607
0.606
0.606
0.606
0.606
0.605
0.605
0.605
0.605
0.604
0.604
0.604
0.605
0.605
0.605
0.605
0.605
0.605
0.606
0.606
0.605
0.605
0.605
0.605
0.605
0.606
0.606
0.606
0.606
0.606
0.605
0.605
0.605
0.605
0.605
0.605
0.605
0.605
0.605
0.605
0.605
0.605
0.604
0.604
0.604
0.604
0.604
0.604
0.603
0.603
0.603
0.604
0.604
0.604
0.604
0.604
0.604
0.604
0.604
0.604
0.604
0.604
0.604
0.604
0.604
0.605
0.605
0.605
0.605
0.605
0.605
0.605
0.604
0.604
0.604
0.603
0.603
0.603
0.603
0.603
0.603
0.603
0.604
0.604
0.604
0.604
0.604
0.604
0.604
0.604
0.604
0.604
0.604
0.604
0.604
0.604
0.604
0.603
0.603
0.603
0.602
0.602
0.602
0.602
0.602
0.602
0.602
0.603
0.603
0.603
0.603
0.603
0.603
0.604
0.604
0.604
0.603
0.603
0.603
0.603
0.603
0.603
0.603
0.603
0.604
0.604
0.604
0.604
0.604
0.604
0.604
0.603
0.603
0.603
0.603
0.603
0.604
0.604
0.604
0.604
0.604
0.604
0.604
0.604
0.604
0.604
0.605
0.604
0.604
0.604
0.604
0.604
0.604
0.604
0.604
0.604
0.604
0.604
0.604
0.604
0.604
0.604
0.604
0.604
0.604
0.604
0.604
0.604
0.604
0.604
0.605
0.605
0.605
0.605
0.605
0.605
0.605
0.605
0.605
0.605
0.605
0.605
0.605
0.605
0.605
0.605
0.605
0.605
0.605
0.605
0.605
0.605
0.604
0.604
0.605
0.604
0.604
0.604
0.604
0.604
0.605
0.605
0.605
0.605
0.604
0.604
0.604
0.604
0.604
0.604
0.604
0.604
0.604
0.604
0.604
0.604
0.604
0.604
0.605
0.604
0.604
0.604
0.604
0.604
0.604
0.604
0.604
0.604
0.604
0.604
0.604
0.604
0.605
0.605
0.604
0.604
0.605
0.605
0.605
0.605
0.605
0.605
0.605
0.605
0.605
0.605
0.605
0.605
0.605
0.605
0.605
0.604
0.604
0.604
0.604
0.603
0.604
0.603
0.603
0.604
0.604
0.603
0.603
0.603
0.603
0.603
0.603
0.603
0.603
0.603
0.603
0.604
0.604
0.604
0.603
0.603
0.603
0.603
0.603
0.602
0.602
0.602
0.603
0.603
0.602
0.602
0.602
0.602
0.602
0.602
0.601
0.601
0.601
0.601
0.601
0.601
0.601
0.601
0.601
0.601
0.601
0.600
0.600
0.600
0.600
0.600
0.600
0.600
0.600
0.600
0.600
0.600
0.600
0.601
0.601
0.601
0.601
0.601
0.601
0.601
0.601
0.601
0.601
0.601
0.602
0.602
0.602
0.602
0.602
0.602
0.602
0.602
0.601
0.601
0.601
0.601
0.601
0.601
0.601
0.601
0.601
0.601
0.602
0.602
0.602
0.601
0.601
0.601
0.601
0.601
0.601
0.601
0.601
0.601
0.601
0.601
0.601
0.601
0.601
0.601
0.601
0.601
0.601
0.601
0.600
0.600
0.600
0.600
0.600
0.600
0.601
0.601
0.601
0.601
0.601
0.601
0.601
0.601
0.601
0.601
0.601
0.601
0.601
0.602
0.602
0.602
0.602
0.601
0.601
0.601
0.601
0.602
0.601
0.601
0.601
0.601
0.601
0.601
0.601
0.601
0.601
0.601
0.600
0.600
0.600
0.600
0.600
0.600
0.599
0.599
0.599
0.599
0.599
0.599
0.599
0.599
0.599
0.599
0.599
0.599
0.599
0.599
0.599
0.599
0.599
0.599
0.599
0.599
0.599
0.599
0.599
0.599
0.599
0.599
0.599
0.599
0.599
0.599
0.599
0.599
0.600
0.600
0.599
0.599
0.599
0.600
0.600
0.600
0.600
0.599
0.599
0.599
0.599
0.599
0.599
0.598
0.599
0.599
0.599
0.599
0.599
0.599
0.599
0.599
0.599
0.599
0.599
0.598
0.598
0.598
0.598
0.598
0.598
0.598
0.598
0.598
0.598
0.598
0.598
0.598
0.598
0.598
0.598
0.598
0.598
0.598
0.597
0.597
0.597
0.597
0.597
0.597
0.597
0.597
0.597
0.597
0.597
0.597
0.598
0.598
0.598
0.598
0.598
0.598
0.598
0.598
0.598
0.598
0.598
0.598
0.597
0.597
0.597
0.598
0.598
0.598
0.598
0.598
0.598
0.598
0.598
0.598
0.598
0.597
0.597
0.597
0.597
0.597
0.597
0.597
0.597
0.597
0.597
0.597
0.597
0.597
0.597
0.597
0.597
0.596
0.596
0.596
0.596
0.596
0.596
0.596
0.596
0.596
0.596
0.596
0.596
0.595
0.595
0.596
0.596
0.596
0.596
0.596
0.596
0.596
0.596
0.596
0.596
0.596
0.596
0.597
0.597
0.597
0.597
0.597
0.597
0.596
0.596
0.596
0.596
0.596
0.596
0.596
0.595
0.595
0.595
0.595
0.595
0.595
0.595
0.595
0.595
0.595
0.595
0.595
0.595
0.595
0.595
0.595
0.595
0.595
0.595
0.595
0.595
0.595
0.595
0.595
0.595
0.595
0.595
0.595
0.595
0.595
0.595
0.595
0.595
0.595
0.595
0.595
0.595
0.595
0.596
0.596
0.596
0.596
0.596
0.596
0.596
0.596
0.596
0.596
0.596
0.596
0.596
0.596
0.596
0.596
0.596
0.596
0.596
0.596
0.596
0.596
0.596
0.596
0.596
0.596
0.596
0.597
0.597
0.597
0.597
0.597
0.597
0.597
0.597
0.597
0.597
0.597
0.597
0.597
0.597
0.597
0.597
0.597
0.597
0.598
0.598
0.598
0.598
0.598
0.598
0.598
0.598
0.598
0.598
0.598
0.598
0.598
0.598
0.598
0.598
0.598
0.598
0.597
0.597
0.597
0.597
0.597
0.597
0.597
0.597
0.597
0.598
0.598
0.597
0.597
0.597
0.598
0.597
0.597
0.597
0.597
0.597
0.597
0.597
0.597
0.597
0.597
0.598
0.597
0.597
0.597
0.598
0.597
0.597
0.597
0.597
0.597
0.597
0.597
0.597
0.597
0.597
0.596
0.596
0.596
0.596
0.596
0.596
0.596
0.596
0.596
0.596
0.596
0.596
0.596
0.596
0.596
0.596
0.596
0.596
0.596
0.596
0.596
0.596
0.597
0.597
0.597
0.597
0.597
0.597
0.597
0.597
0.597
0.596
0.596
0.596
0.596
0.596
0.596
0.596
0.596
0.596
0.596
0.596
0.596
0.596
0.596
0.596
0.596
0.596
0.596
0.596
0.596
0.596
0.596
0.596
0.596
0.596
0.596
0.595
0.595
0.595
0.595
0.595
0.595
0.596
0.596
0.596
0.596
0.596
0.596
0.596
0.596
0.596
0.596
0.596
0.596
0.596
0.596
0.596
0.596
0.596
0.596
0.596
0.596
0.596
0.596
0.596
0.596
0.596
0.596
0.596
0.596
0.596
0.596
0.596
0.596
0.596
0.596
0.596
0.596
0.596
0.597
0.597
0.597
0.597
0.597
0.597
0.597
0.597
0.597
0.597
0.596
0.597
0.596
0.596
0.596
0.596
0.597
0.597
0.596
0.596
0.596
0.596
0.596
0.596
0.596
0.596
0.596
0.597
0.597
0.597
0.597
0.597
0.597
0.597
0.597
0.597
0.597
0.597
0.597
0.597
0.597
0.597
0.597
0.597
0.597
0.597
0.597
0.597
0.597
0.597
0.597
0.597
0.597
0.597
0.597
0.597
0.597
0.597
0.597
0.597
0.597
0.597
0.597
0.597
0.598
0.598
0.598
0.598
0.598
0.598
0.598
0.598
0.598
0.598
0.598
0.597
0.597
0.597
0.597
0.597
0.597
0.597
0.597
0.597
0.597
0.597
0.597
0.597
0.597
0.597
0.597
0.597
0.597
0.597
0.597
0.597
0.597
0.598
0.598
0.598
0.598
0.598
0.598
0.598
0.598
0.598
0.598
0.598
0.598
0.598
0.598
0.598
0.598
0.598
0.598
0.598
0.598
0.599
0.599
0.599
0.599
0.599
0.599
0.599
0.598
0.598
0.598
0.598
0.598
0.598
0.598
0.598
0.598
0.598
0.598
0.598
0.598
0.598
0.598
0.598
0.599
0.599
0.599
0.599
0.599
0.599
0.599
0.599
0.599
0.599
0.599
0.599
0.599
0.599
0.599
0.599
0.599
0.599
0.599
0.599
0.599
0.599
0.599
0.599
0.599
0.599
0.599
0.599
0.598
0.598
0.598
0.598
0.598
0.598
0.598
0.598
0.598
0.598
0.598
0.598
0.598
0.597
0.597
0.597
0.597
0.597
0.597
0.597
0.598
0.598
0.597
0.597
0.597
0.597
0.597
0.597
0.597
0.597
0.597
0.597
0.596
0.596
0.596
0.596
0.596
0.596
0.596
0.596
0.596
0.596
0.596
0.596
0.596
0.596
0.596
0.596
0.596
0.595
0.595
0.595
0.595
0.595
0.595
0.595
0.595
0.595
0.595
0.595
0.595
0.595
0.594
0.594
0.594
0.594
0.594
0.594
0.594
0.594
0.594
0.594
0.594
0.594
0.594
0.594
0.594