Precisão média por imagem
0.123
0.124
0.436
0.457
0.421
0.409
0.394
0.391
0.385
0.382
0.374
0.372
0.367
0.364
0.363
0.359
0.358
0.357
0.356
0.354
0.352
0.350
0.362
0.372
0.378
0.383
0.388
0.395
0.398
0.396
0.394
0.398
0.402
0.406
0.411
0.413
0.417
0.420
0.421
0.423
0.425
0.427
0.425
0.424
0.422
0.421
0.420
0.419
0.420
0.422
0.425
0.426
0.429
0.430
0.430
0.432
0.432
0.433
0.432
0.431
0.430
0.428
0.430
0.430
0.431
0.432
0.432
0.434
0.432
0.431
0.431
0.430
0.432
0.434
0.435
0.436
0.438
0.437
0.436
0.437
0.438
0.439
0.440
0.439
0.438
0.437
0.436
0.435
0.434
0.433
0.432
0.433
0.433
0.432
0.432
0.431
0.430
0.429
0.428
0.428
0.427
0.426
0.425
0.425
0.424
0.423
0.423
0.422
0.421
0.420
0.419
0.419
0.418
0.418
0.417
0.416
0.415
0.415
0.416
0.416
0.417
0.418
0.418
0.418
0.418
0.417
0.416
0.418
0.418
0.419
0.420
0.421
0.421
0.422
0.422
0.423
0.424
0.425
0.426
0.427
0.428
0.428
0.428
0.428
0.428
0.429
0.430
0.429
0.430
0.430
0.430
0.429
0.430
0.430
0.430
0.431
0.431
0.432
0.432
0.433
0.433
0.434
0.435
0.435
0.436
0.437
0.437
0.438
0.438
0.438
0.439
0.439
0.440
0.439
0.439
0.439
0.439
0.440
0.439
0.439
0.439
0.438
0.439
0.439
0.440
0.440
0.440
0.439
0.440
0.440
0.441
0.441
0.442
0.442
0.442
0.443
0.442
0.443
0.443
0.442
0.443
0.443
0.443
0.444
0.444
0.444
0.444
0.444
0.445
0.445
0.445
0.446
0.446
0.446
0.446
0.446
0.446
0.446
0.446
0.447
0.446
0.447
0.447
0.447
0.447
0.448
0.448
0.448
0.448
0.449
0.449
0.450
0.450
0.450
0.450
0.450
0.450
0.451
0.451
0.450
0.450
0.450
0.450
0.450
0.449
0.449
0.449
0.449
0.450
0.450
0.450
0.450
0.451
0.451
0.451
0.452
0.452
0.452
0.452
0.453
0.452
0.452
0.451
0.451
0.451
0.450
0.450
0.449
0.449
0.449
0.449
0.448
0.449
0.449
0.449
0.449
0.448
0.449
0.449
0.449
0.449
0.450
0.450
0.450
0.450
0.450
0.451
0.451
0.451
0.451
0.452
0.452
0.452
0.451
0.452
0.452
0.451
0.451
0.451
0.450
0.450
0.450
0.450
0.450
0.450
0.449
0.450
0.450
0.450
0.451
0.450
0.450
0.450
0.450
0.449
0.449
0.449
0.449
0.448
0.448
0.448
0.447
0.447
0.447
0.446
0.446
0.446
0.446
0.446
0.446
0.445
0.445
0.445
0.446
0.446
0.446
0.445
0.445
0.445
0.445
0.444
0.445
0.445
0.445
0.444
0.444
0.444
0.444
0.443
0.443
0.443
0.443
0.442
0.442
0.442
0.442
0.441
0.441
0.441
0.441
0.440
0.441
0.441
0.441
0.441
0.442
0.442
0.442
0.442
0.443
0.443
0.442
0.442
0.442
0.441
0.441
0.441
0.441
0.441
0.441
0.441
0.441
0.440
0.440
0.440
0.440
0.439
0.439
0.439
0.439
0.439
0.438
0.438
0.438
0.438
0.438
0.438
0.438
0.438
0.438
0.438
0.437
0.437
0.437
0.437
0.437
0.436
0.437
0.437
0.437
0.437
0.437
0.437
0.437
0.437
0.436
0.436
0.436
0.436
0.437
0.437
0.437
0.437
0.437
0.437
0.437
0.437
0.438
0.438
0.438
0.438
0.438
0.439
0.438
0.438
0.438
0.438
0.438
0.438
0.438
0.439
0.438
0.438
0.438
0.438
0.437
0.437
0.437
0.437
0.437
0.437
0.437
0.437
0.438
0.438
0.438
0.438
0.438
0.438
0.437
0.437
0.437
0.437
0.437
0.437
0.437
0.437
0.437
0.438
0.438
0.438
0.437
0.437
0.437
0.437
0.437
0.438
0.438
0.438
0.438
0.438
0.438
0.438
0.438
0.438
0.438
0.438
0.438
0.438
0.438
0.438
0.438
0.438
0.438
0.438
0.438
0.438
0.438
0.438
0.438
0.438
0.438
0.439
0.439
0.439
0.439
0.439
0.439
0.438
0.438
0.438
0.438
0.438
0.439
0.439
0.439
0.438
0.439
0.439
0.439
0.439
0.439
0.440
0.440
0.440
0.440
0.440
0.440
0.440
0.440
0.439
0.439
0.439
0.439
0.439
0.439
0.439
0.439
0.439
0.439
0.439
0.439
0.439
0.439
0.439
0.439
0.439
0.439
0.438
0.438
0.438
0.438
0.438
0.438
0.438
0.438
0.438
0.438
0.438
0.438
0.438
0.438
0.438
0.438
0.438
0.438
0.438
0.438
0.438
0.438
0.438
0.438
0.438
0.438
0.438
0.439
0.439
0.439
0.439
0.439
0.439
0.439
0.439
0.439
0.440
0.440
0.440
0.440
0.439
0.439
0.439
0.439
0.439
0.439
0.439
0.439
0.439
0.439
0.439
0.439
0.439
0.439
0.439
0.439
0.439
0.439
0.439
0.439
0.439
0.439
0.439
0.439
0.439
0.440
0.440
0.440
0.439
0.439
0.439
0.439
0.439
0.439
0.439
0.439
0.438
0.438
0.438
0.438
0.438
0.438
0.438
0.438
0.438
0.438
0.438
0.438
0.439
0.438
0.438
0.438
0.438
0.438
0.438
0.438
0.438
0.439
0.438
0.438
0.438
0.438
0.438
0.438
0.438
0.438
0.438
0.438
0.439
0.439
0.438
0.438
0.438
0.439
0.439
0.439
0.439
0.439
0.439
0.439
0.439
0.439
0.439
0.439
0.440
0.440
0.440
0.440
0.440
0.439
0.439
0.439
0.439
0.439
0.439
0.439
0.439
0.439
0.439
0.440
0.440
0.440
0.440
0.440
0.440
0.440
0.440
0.441
0.441
0.441
0.441
0.441
0.441
0.441
0.441
0.441
0.441
0.441
0.441
0.441
0.441
0.441
0.441
0.441
0.441
0.441
0.441
0.441
0.441
0.441
0.442
0.441
0.441
0.441
0.441
0.441
0.441
0.441
0.441
0.440
0.440
0.440
0.441
0.441
0.441
0.441
0.441
0.441
0.441
0.441
0.441
0.441
0.441
0.441
0.441
0.441
0.441
0.441
0.441
0.441
0.441
0.441
0.441
0.441
0.441
0.441
0.441
0.441
0.441
0.441
0.441
0.441
0.442
0.442
0.442
0.442
0.442
0.442
0.442
0.442
0.442
0.442
0.442
0.442
0.442
0.442
0.442
0.442
0.442
0.442
0.442
0.442
0.442
0.442
0.442
0.442
0.442
0.441
0.441
0.441
0.441
0.441
0.442
0.441
0.441
0.441
0.441
0.441
0.441
0.441
0.441
0.441
0.441
0.441
0.441
0.441
0.441
0.441
0.441
0.441
0.441
0.441
0.442
0.442
0.442
0.442
0.442
0.442
0.442
0.442
0.442
0.442
0.442
0.442
0.442
0.442
0.442
0.443
0.443
0.443
0.443
0.443
0.443
0.443
0.443
0.443
0.443
0.443
0.443
0.443
0.443
0.443
0.443
0.443
0.443
0.443
0.443
0.443
0.443
0.443
0.443
0.443
0.443
0.443
0.443
0.443
0.443
0.443
0.442
0.442
0.442
0.442
0.442
0.442
0.442
0.442
0.441
0.441
0.441
0.441
0.441
0.441
0.441
0.441
0.441
0.441
0.441
0.441
0.441
0.441
0.441
0.441
0.441
0.441
0.441
0.441
0.441
0.441
0.441
0.441
0.441
0.442
0.442
0.441
0.441
0.441
0.441
0.441
0.442
0.442
0.442
0.442
0.442
0.442
0.442
0.442
0.442
0.442
0.442
0.442
0.442
0.442
0.443
0.442
0.443
0.443
0.442
0.442
0.442
0.442
0.442
0.442
0.442
0.442
0.442
0.442
0.442
0.442
0.442
0.442
0.442
0.442
0.442
0.442
0.442
0.442
0.442
0.442
0.442
0.442
0.442
0.442
0.442
0.442
0.442
0.442
0.442
0.442
0.442
0.442
0.442
0.443
0.443
0.443
0.443
0.443
0.443
0.443
0.443
0.443
0.443
0.443
0.443
0.443
0.443
0.443
0.443
0.443
0.443
0.443
0.443
0.443
0.443
0.443
0.443
0.443
0.443
0.443
0.442
0.442
0.442
0.442
0.442
0.442
0.442
0.442
0.442
0.442
0.442
0.442
0.442
0.443
0.443
0.443
0.443
0.443
0.442
0.442
0.442
0.442
0.442
0.442
0.442
0.442
0.442
0.442
0.442
0.442
0.442
0.442
0.442
0.442
0.442
0.442
0.441
0.441
0.441
0.441
0.441
0.441
0.441
0.441
0.441
0.441
0.441
0.442
0.442
0.442
0.442
0.442
0.442
0.442
0.442
0.442
0.442
0.441
0.441
0.442
0.442
0.442
0.442
0.442
0.441
0.441
0.441
0.441
0.441
0.441
0.441
0.441
0.441
0.441
0.441
0.441
0.441
0.441
0.441
0.441
0.441
0.441
0.441
0.441
0.441
0.441
0.441
0.441
0.441
0.441
0.441
0.441
0.441
0.441
0.441
0.441
0.441
0.441
0.441
0.441
0.441
0.441
0.441
0.441
0.441
0.441
0.441
0.441
0.441
0.441
0.441
0.441
0.442
0.442
0.442
0.441
0.441
0.441
0.441
0.441
0.441
0.441
0.441
0.441
0.441
0.441
0.441
0.441
0.441
0.441
0.441
0.441
0.441
0.441
0.441
0.441
0.441
0.441
0.441
0.441
0.441
0.441
0.441
0.441
0.441
0.441
0.441
0.441
0.441
0.441
0.441
0.441
0.441
0.441
0.441
0.440
0.440
0.440
0.440
0.440
0.440
0.440
0.440
0.440
0.440
0.440
0.440
0.440
0.440
0.439
0.439
0.439
0.439
0.439
0.439
0.439
0.439
0.439
0.439
0.439
0.439
0.439
0.439
0.439
0.439
0.439
0.439
0.439
0.439
0.439
0.439
0.439
0.439
0.438
0.438
0.438
0.438
0.438
0.438
0.438
0.438
0.438
0.438
0.438
0.439
0.438
0.438
0.439
0.439
0.439
0.439
0.439
0.439
0.439
0.439
0.439
0.439
0.439
0.439
0.439
0.439
0.439
0.439
0.439
0.439
0.439
0.439
0.439
0.439
0.439
0.439
0.439
0.439
0.439
0.439
0.439
0.439
0.438
0.438
0.438
0.438
0.438
0.438
0.438
0.438
0.438
0.438
0.438
0.438
0.438
0.438
0.438
0.439
0.439
0.439
0.439
0.439
0.439
0.439
0.439
0.439
0.439
0.439
0.439
0.439
0.439
0.439
0.439
0.439
0.439
0.439
0.439
0.439
0.439
0.439
0.439
0.440
0.440
0.440
0.440
0.440
0.440
0.440
0.440
0.440
0.440
0.440
0.440
0.440
0.439
0.439
0.439
0.439
0.439
0.439
0.439
0.439
0.439
0.440
0.440
0.440
0.440
0.440
0.440
0.440
0.440
0.440
0.440
0.440
0.440
0.440
0.440
0.439
0.440
0.440
0.440
0.440
0.440
0.440
0.440
0.440
0.440
0.440
0.439
0.439
0.439
0.439
0.439
0.439
0.439
0.439
0.439
0.439
0.439
0.440
0.440
0.440
0.440
0.440
0.440
0.440
0.440
0.440
0.440
0.440
0.440
0.440
0.440
0.440
0.440
0.440
0.441
0.441
0.441
0.440
0.440
0.440
0.440
0.440
0.440
0.440
0.440
0.440
0.440
0.440
0.440
0.440
0.441
0.441
0.441
0.440
0.441
0.441
0.441
0.441
0.441
0.440
0.440
0.440
0.440
0.440
0.440
0.440
0.440
0.440
0.440
0.440
0.440
0.440
0.440
0.440
0.440
0.440
0.440
0.440
0.440
0.440
0.440
0.440
0.440
0.440
0.440
0.440
0.440
0.440
0.440
0.440
0.440
0.440
0.440
0.440
0.440
0.440
0.440
0.440
0.440
0.440
0.440
0.440
0.440
0.440
0.440
0.439
0.439
0.439
0.439
0.439
0.439
0.439
0.439
0.439
0.439
0.439
0.439
0.439
0.439
0.439
0.439
0.439
0.439
0.439
0.438
0.438
0.438
0.438
0.438
0.438
0.438
0.438
0.438
0.438
0.438
0.438
0.438
0.439
0.439
0.439
0.439
0.438
0.438
0.438
0.438
0.438
0.438
0.438
0.438
0.438
0.438
0.438
0.438
0.438
0.438
0.438
0.438
0.437
0.437
0.437
0.437
0.437
0.437
0.437
0.437
0.437
0.437
0.437
0.437
0.437
0.437
0.437
0.437
0.437
0.437
0.437
0.437
0.437
0.437
0.437
0.437
0.437
0.437
0.437
0.436
0.436
0.436
0.436
0.436
0.436
0.436
0.436
0.436
0.436
0.436
0.436
0.436
0.436
0.436
0.436
0.436
0.436
0.436
0.436
0.436
0.436
0.436
0.436
0.436
0.436
0.436
0.436
0.436
0.436
0.436
0.436
0.436
0.436
0.436
0.436
0.436
0.436
0.436
0.436
0.436
0.436
0.436
0.436
0.435
0.435
0.435
0.435
0.435
0.435
0.435
0.435
0.435
0.435
0.435
0.435
0.435
0.435
0.435
0.435
0.435
0.435
0.435
0.435
0.435
0.435
0.435
0.435
0.435