Precisão média por imagem
0.377
0.388
0.523
0.579
0.611
0.628
0.630
0.631
0.643
0.654
0.656
0.662
0.669
0.678
0.683
0.674
0.674
0.674
0.667
0.667
0.674
0.675
0.670
0.666
0.659
0.653
0.654
0.648
0.642
0.637
0.630
0.629
0.631
0.627
0.623
0.623
0.624
0.623
0.623
0.624
0.621
0.618
0.622
0.620
0.618
0.621
0.620
0.618
0.614
0.612
0.610
0.606
0.603
0.600
0.598
0.595
0.592
0.590
0.594
0.597
0.599
0.603
0.600
0.598
0.600
0.603
0.602
0.602
0.600
0.598
0.601
0.601
0.599
0.598
0.600
0.598
0.597
0.595
0.593
0.591
0.588
0.593
0.595
0.594
0.596
0.597
0.598
0.599
0.602
0.601
0.600
0.599
0.601
0.602
0.601
0.604
0.606
0.609
0.613
0.614
0.614
0.616
0.617
0.618
0.618
0.619
0.620
0.622
0.624
0.624
0.625
0.626
0.627
0.627
0.627
0.629
0.631
0.632
0.630
0.629
0.629
0.629
0.629
0.629
0.627
0.626
0.625
0.625
0.623
0.622
0.621
0.620
0.619
0.619
0.619
0.619
0.618
0.617
0.617
0.618
0.619
0.618
0.618
0.619
0.619
0.619
0.618
0.617
0.616
0.615
0.616
0.616
0.616
0.615
0.615
0.615
0.615
0.615
0.615
0.615
0.616
0.616
0.617
0.616
0.615
0.614
0.614
0.613
0.613
0.611
0.610
0.610
0.610
0.611
0.612
0.612
0.613
0.612
0.612
0.611
0.611
0.610
0.610
0.609
0.609
0.609
0.608
0.607
0.607
0.607
0.605
0.606
0.606
0.606
0.605
0.605
0.606
0.607
0.607
0.607
0.608
0.607
0.606
0.607
0.608
0.607
0.608
0.607
0.608
0.608
0.608
0.607
0.607
0.607
0.607
0.608
0.608
0.609
0.608
0.609
0.608
0.607
0.608
0.608
0.608
0.607
0.607
0.606
0.606
0.606
0.605
0.605
0.605
0.605
0.605
0.606
0.606
0.606
0.605
0.605
0.605
0.606
0.607
0.607
0.607
0.608
0.608
0.608
0.608
0.608
0.608
0.609
0.609
0.609
0.610
0.610
0.610
0.611
0.611
0.611
0.612
0.612
0.612
0.611
0.611
0.611
0.612
0.612
0.613
0.613
0.613
0.612
0.612
0.611
0.611
0.612
0.612
0.613
0.614
0.614
0.615
0.615
0.615
0.615
0.615
0.616
0.616
0.615
0.615
0.614
0.614
0.613
0.614
0.614
0.613
0.612
0.613
0.613
0.613
0.613
0.613
0.614
0.613
0.613
0.613
0.613
0.613
0.613
0.613
0.613
0.613
0.613
0.613
0.614
0.613
0.613
0.613
0.613
0.614
0.615
0.615
0.616
0.617
0.618
0.618
0.619
0.619
0.619
0.620
0.620
0.621
0.620
0.620
0.620
0.620
0.621
0.621
0.621
0.621
0.621
0.621
0.621
0.621
0.620
0.619
0.619
0.619
0.620
0.620
0.620
0.620
0.620
0.620
0.620
0.620
0.619
0.619
0.619
0.619
0.619
0.619
0.619
0.618
0.618
0.618
0.618
0.618
0.618
0.618
0.618
0.619
0.619
0.620
0.620
0.620
0.620
0.621
0.621
0.622
0.621
0.622
0.622
0.623
0.623
0.623
0.622
0.623
0.623
0.623
0.623
0.623
0.623
0.623
0.623
0.624
0.624
0.624
0.624
0.624
0.623
0.623
0.622
0.623
0.623
0.623
0.623
0.623
0.623
0.623
0.623
0.623
0.622
0.622
0.622
0.623
0.623
0.623
0.623
0.622
0.622
0.622
0.621
0.621
0.620
0.621
0.621
0.621
0.621
0.621
0.621
0.620
0.620
0.620
0.620
0.621
0.621
0.621
0.621
0.621
0.621
0.621
0.622
0.622
0.623
0.623
0.623
0.623
0.623
0.623
0.623
0.624
0.623
0.623
0.623
0.622
0.622
0.622
0.622
0.622
0.622
0.621
0.621
0.621
0.621
0.621
0.621
0.621
0.621
0.621
0.621
0.621
0.621
0.620
0.620
0.620
0.621
0.621
0.620
0.620
0.620
0.620
0.620
0.620
0.620
0.620
0.619
0.619
0.619
0.619
0.618
0.618
0.618
0.618
0.618
0.618
0.618
0.618
0.618
0.618
0.618
0.618
0.618
0.618
0.618
0.618
0.618
0.618
0.618
0.618
0.618
0.618
0.618
0.618
0.618
0.618
0.618
0.618
0.618
0.618
0.618
0.618
0.618
0.618
0.618
0.617
0.617
0.617
0.617
0.617
0.617
0.617
0.616
0.617
0.617
0.617
0.617
0.617
0.617
0.617
0.616
0.617
0.617
0.617
0.617
0.618
0.618
0.618
0.618
0.618
0.618
0.618
0.618
0.618
0.617
0.617
0.617
0.617
0.616
0.616
0.616
0.616
0.616
0.616
0.616
0.617
0.617
0.617
0.617
0.617
0.617
0.617
0.617
0.617
0.617
0.617
0.617
0.617
0.617
0.617
0.616
0.616
0.616
0.615
0.615
0.615
0.615
0.615
0.615
0.616
0.616
0.616
0.616
0.616
0.616
0.616
0.616
0.616
0.616
0.616
0.615
0.615
0.615
0.615
0.615
0.615
0.615
0.615
0.615
0.616
0.616
0.616
0.616
0.615
0.615
0.615
0.615
0.615
0.615
0.615
0.614
0.614
0.615
0.615
0.615
0.615
0.615
0.615
0.615
0.615
0.615
0.614
0.614
0.614
0.614
0.614
0.614
0.614
0.614
0.614
0.614
0.615
0.615
0.615
0.615
0.615
0.614
0.615
0.614
0.614
0.614
0.614
0.614
0.614
0.614
0.615
0.615
0.615
0.614
0.614
0.614
0.614
0.615
0.615
0.614
0.614
0.614
0.614
0.615
0.615
0.614
0.614
0.614
0.615
0.614
0.614
0.614
0.614
0.614
0.614
0.614
0.614
0.614
0.614
0.614
0.614
0.614
0.614
0.614
0.614
0.613
0.613
0.613
0.613
0.613
0.613
0.613
0.613
0.613
0.613
0.613
0.614
0.613
0.613
0.613
0.613
0.613
0.613
0.613
0.613
0.614
0.614
0.614
0.614
0.614
0.614
0.614
0.614
0.614
0.614
0.614
0.614
0.614
0.614
0.614
0.614
0.614
0.614
0.614
0.613
0.613
0.614
0.613
0.613
0.613
0.613
0.613
0.613
0.613
0.613
0.612
0.612
0.612
0.613
0.612
0.612
0.612
0.612
0.612
0.612
0.612
0.612
0.612
0.612
0.613
0.613
0.613
0.613
0.613
0.612
0.612
0.612
0.612
0.612
0.612
0.612
0.612
0.612
0.612
0.611
0.611
0.611
0.611
0.611
0.610
0.611
0.611
0.611
0.611
0.611
0.611
0.610
0.610
0.610
0.610
0.610
0.610
0.610
0.610
0.610
0.610
0.610
0.610
0.610
0.610
0.610
0.611
0.611
0.611
0.611
0.611
0.611
0.611
0.611
0.612
0.612
0.612
0.612
0.612
0.612
0.612
0.612
0.612
0.612
0.612
0.611
0.611
0.611
0.611
0.611
0.611
0.611
0.612
0.612
0.612
0.612
0.612
0.612
0.611
0.611
0.611
0.611
0.611
0.611
0.611
0.611
0.611
0.611
0.611
0.611
0.611
0.611
0.611
0.611
0.611
0.611
0.611
0.611
0.610
0.610
0.610
0.610
0.610
0.611
0.611
0.611
0.611
0.611
0.611
0.611
0.611
0.611
0.611
0.611
0.611
0.611
0.611
0.612
0.612
0.612
0.611
0.611
0.611
0.612
0.612
0.612
0.612
0.612
0.612
0.612
0.611
0.611
0.611
0.611
0.611
0.611
0.611
0.610
0.610
0.610
0.610
0.610
0.610
0.609
0.609
0.609
0.609
0.609
0.609
0.609
0.609
0.609
0.609
0.609
0.609
0.609
0.609
0.609
0.609
0.609
0.609
0.609
0.609
0.608
0.608
0.608
0.609
0.609
0.609
0.609
0.609
0.609
0.609
0.609
0.609
0.609
0.609
0.609
0.609
0.609
0.609
0.609
0.609
0.609
0.608
0.608
0.608
0.608
0.608
0.608
0.608
0.608
0.608
0.608
0.608
0.609
0.608
0.608
0.608
0.608
0.608
0.608
0.608
0.608
0.608
0.608
0.608
0.608
0.608
0.607
0.607
0.607
0.607
0.607
0.607
0.608
0.607
0.607
0.607
0.607
0.607
0.607
0.607
0.606
0.606
0.607
0.607
0.606
0.607
0.607
0.607
0.607
0.607
0.607
0.607
0.607
0.607
0.607
0.607
0.607
0.607
0.607
0.607
0.607
0.607
0.607
0.607
0.607
0.607
0.607
0.607
0.607
0.607
0.607
0.607
0.607
0.607
0.606
0.606
0.606
0.606
0.606
0.606
0.606
0.606
0.606
0.606
0.606
0.606
0.606
0.606
0.605
0.605
0.605
0.605
0.605
0.605
0.605
0.605
0.605
0.605
0.605
0.605
0.605
0.604
0.604
0.605
0.605
0.605
0.605
0.605
0.605
0.606
0.606
0.606
0.606
0.607
0.607
0.607
0.607
0.607
0.607
0.607
0.607
0.607
0.607
0.607
0.607
0.606
0.606
0.606
0.606
0.606
0.606
0.606
0.606
0.606
0.606
0.606
0.606
0.606
0.606
0.606
0.606
0.606
0.606
0.606
0.606
0.606
0.606
0.606
0.606
0.606
0.606
0.606
0.606
0.605
0.605
0.606
0.606
0.606
0.606
0.606
0.606
0.606
0.606
0.606
0.606
0.606
0.606
0.606
0.606
0.606
0.606
0.606
0.606
0.606
0.606
0.606
0.606
0.606
0.606
0.606
0.606
0.606
0.606
0.606
0.606
0.606
0.606
0.606
0.607
0.607
0.607
0.607
0.607
0.607
0.608
0.608
0.608
0.608
0.608
0.609
0.609
0.609
0.609
0.609
0.609
0.609
0.609
0.610
0.610
0.610
0.610
0.610
0.610
0.610
0.610
0.610
0.610
0.610
0.610
0.610
0.610
0.610
0.610
0.610
0.610
0.610
0.610
0.610
0.609
0.609
0.609
0.609
0.609
0.609
0.609
0.609
0.610
0.610
0.610
0.610
0.610
0.610
0.610
0.610
0.610
0.610
0.610
0.610
0.610
0.610
0.610
0.610
0.610
0.610
0.610
0.610
0.610
0.610
0.610
0.610
0.610
0.610
0.610
0.610
0.610
0.610
0.610
0.610
0.609
0.609
0.609
0.609
0.609
0.609
0.609
0.609
0.609
0.609
0.609
0.609
0.609
0.609
0.609
0.609
0.609
0.609
0.609
0.609
0.609
0.609
0.609
0.609
0.610
0.610
0.610
0.610
0.610
0.610
0.610
0.609
0.609
0.609
0.609
0.609
0.609
0.609
0.609
0.609
0.609
0.609
0.609
0.609
0.609
0.609
0.609
0.609
0.609
0.609
0.609
0.609
0.609
0.609
0.609
0.609
0.609
0.608
0.608
0.608
0.608
0.608
0.608
0.608
0.608
0.608
0.608
0.608
0.609
0.609
0.609
0.609
0.609
0.609
0.609
0.609
0.609
0.609
0.609
0.609
0.609
0.609
0.609
0.609
0.609
0.609
0.609
0.608
0.608
0.608
0.609
0.609
0.609
0.608
0.608
0.608
0.609
0.609
0.609
0.609
0.609
0.609
0.609
0.609
0.609
0.610
0.610
0.609
0.609
0.609
0.609
0.609
0.609
0.609
0.609
0.609
0.609
0.609
0.609
0.609
0.609
0.609
0.609
0.609
0.609
0.609
0.609
0.609
0.609
0.609
0.609
0.609
0.610
0.610
0.610
0.610
0.610
0.610
0.610
0.610
0.610
0.609
0.609
0.609
0.609
0.609
0.610
0.610
0.610
0.610
0.610
0.610
0.610
0.610
0.610
0.610
0.610
0.610
0.610
0.610
0.610
0.611
0.610
0.610
0.610
0.610
0.611
0.610
0.611
0.611
0.611
0.610
0.611
0.611
0.610
0.610
0.610
0.610
0.610
0.610
0.610
0.610
0.610
0.610
0.610
0.610
0.610
0.610
0.610
0.610
0.610
0.610
0.610
0.610
0.610
0.610
0.611
0.611
0.610
0.611
0.611
0.611
0.611
0.611
0.611
0.611
0.611
0.611
0.611
0.611
0.612
0.612
0.612
0.612
0.612
0.612
0.612
0.612
0.612
0.612
0.612
0.613
0.612
0.612
0.612
0.612
0.612
0.612
0.612
0.612
0.612
0.612
0.612
0.612
0.612
0.612
0.612
0.612
0.612
0.612
0.612
0.612
0.612
0.612
0.612
0.612
0.612
0.612
0.612
0.612
0.612
0.612
0.612
0.612
0.612
0.612
0.612
0.612
0.612
0.612
0.612
0.612
0.612
0.612
0.612
0.612
0.612
0.611
0.611
0.611
0.611
0.611
0.611
0.611
0.611
0.611
0.610
0.610
0.611
0.610
0.610
0.610
0.610
0.610
0.610
0.610
0.610
0.610
0.610
0.610
0.610
0.610
0.610
0.610
0.610
0.610
0.610
0.609
0.609
0.609
0.609
0.609
0.609
0.609
0.609
0.609
0.609
0.609
0.609
0.609
0.609
0.608
0.608
0.609
0.609
0.609
0.608
0.608
0.608
0.608
0.608
0.608
0.608
0.608
0.608
0.608
0.608
0.607
0.607
0.607
0.607
0.607
0.607
0.607
0.607
0.607
0.607
0.607
0.607
0.607
0.607
0.607
0.606
0.606
0.606
0.606