Precisão média por imagem
0.171
0.177
0.141
0.151
0.138
0.141
0.175
0.176
0.166
0.171
0.168
0.158
0.174
0.180
0.175
0.175
0.174
0.184
0.188
0.198
0.203
0.199
0.196
0.210
0.206
0.201
0.197
0.192
0.212
0.216
0.228
0.223
0.219
0.216
0.231
0.232
0.237
0.239
0.244
0.241
0.238
0.241
0.246
0.246
0.244
0.241
0.239
0.240
0.247
0.244
0.241
0.238
0.236
0.238
0.236
0.236
0.237
0.237
0.235
0.239
0.244
0.241
0.239
0.238
0.237
0.235
0.238
0.236
0.242
0.245
0.245
0.248
0.247
0.245
0.243
0.242
0.242
0.240
0.243
0.241
0.239
0.238
0.238
0.240
0.243
0.241
0.240
0.243
0.243
0.245
0.245
0.244
0.246
0.246
0.244
0.243
0.247
0.250
0.249
0.247
0.247
0.249
0.248
0.249
0.248
0.247
0.247
0.248
0.247
0.245
0.247
0.248
0.246
0.245
0.244
0.246
0.245
0.246
0.244
0.244
0.247
0.250
0.250
0.249
0.249
0.248
0.248
0.246
0.245
0.245
0.246
0.245
0.244
0.245
0.244
0.244
0.245
0.244
0.244
0.243
0.242
0.244
0.245
0.245
0.247
0.246
0.245
0.244
0.243
0.244
0.243
0.244
0.245
0.245
0.244
0.245
0.244
0.246
0.245
0.247
0.248
0.250
0.250
0.252
0.251
0.252
0.251
0.251
0.251
0.252
0.252
0.253
0.254
0.255
0.254
0.253
0.252
0.251
0.251
0.253
0.254
0.254
0.253
0.252
0.253
0.252
0.252
0.253
0.254
0.253
0.253
0.253
0.253
0.252
0.251
0.251
0.251
0.251
0.251
0.251
0.251
0.250
0.250
0.249
0.249
0.249
0.250
0.251
0.250
0.250
0.250
0.250
0.252
0.252
0.252
0.254
0.255
0.256
0.256
0.256
0.255
0.254
0.254
0.254
0.254
0.256
0.255
0.255
0.255
0.255
0.254
0.254
0.254
0.253
0.253
0.252
0.253
0.253
0.254
0.255
0.254
0.254
0.254
0.254
0.253
0.255
0.254
0.253
0.255
0.255
0.254
0.255
0.255
0.254
0.254
0.254
0.254
0.254
0.254
0.253
0.253
0.254
0.253
0.254
0.255
0.255
0.254
0.254
0.254
0.254
0.255
0.255
0.255
0.255
0.254
0.254
0.254
0.254
0.253
0.253
0.253
0.252
0.252
0.252
0.252
0.251
0.251
0.251
0.251
0.251
0.252
0.252
0.252
0.251
0.251
0.251
0.251
0.251
0.251
0.250
0.250
0.250
0.250
0.249
0.249
0.249
0.249
0.249
0.248
0.248
0.248
0.248
0.248
0.248
0.248
0.247
0.247
0.247
0.247
0.247
0.247
0.247
0.247
0.246
0.246
0.246
0.246
0.246
0.245
0.245
0.245
0.245
0.244
0.244
0.244
0.244
0.244
0.244
0.243
0.243
0.243
0.243
0.243
0.243
0.243
0.243
0.243
0.242
0.243
0.242
0.243
0.242
0.242
0.242
0.242
0.241
0.241
0.241
0.241
0.241
0.241
0.241
0.241
0.240
0.240
0.240
0.240
0.240
0.240
0.240
0.239
0.239
0.239
0.239
0.238
0.238
0.238
0.238
0.238
0.238
0.238
0.238
0.238
0.238
0.238
0.238
0.237
0.237
0.237
0.236
0.236
0.236
0.236
0.236
0.236
0.235
0.235
0.235
0.235
0.235
0.234
0.234
0.234
0.234
0.234
0.234
0.233
0.233
0.233
0.233
0.233
0.232
0.232
0.232
0.232
0.232
0.232
0.232
0.232
0.231
0.231
0.231
0.231
0.231
0.231
0.231
0.231
0.231
0.231
0.231
0.231
0.230
0.230
0.230
0.230
0.230
0.230
0.230
0.230
0.229
0.229
0.229
0.229
0.229
0.229
0.229
0.229
0.229
0.229
0.229
0.229
0.229
0.229
0.229
0.228
0.228
0.228
0.228
0.228
0.228
0.228
0.228
0.228
0.228
0.228
0.228
0.227
0.227
0.227
0.227
0.227
0.227
0.227
0.227
0.227
0.227
0.227
0.226
0.226
0.226
0.226
0.226
0.226
0.226
0.226
0.226
0.226
0.226
0.226
0.226
0.226
0.226
0.226
0.226
0.226
0.226
0.226
0.226
0.226
0.226
0.226
0.226
0.226
0.226
0.226
0.226
0.226
0.226
0.226
0.226
0.226
0.226
0.226
0.226
0.226
0.226
0.226
0.226
0.226
0.226
0.227
0.227
0.227
0.227
0.227
0.227
0.227
0.227
0.227
0.227
0.227
0.227
0.227
0.227
0.227
0.227
0.227
0.227
0.227
0.227
0.227
0.227
0.227
0.227
0.227
0.227
0.227
0.227
0.227
0.227
0.227
0.227
0.228
0.227
0.227
0.227
0.227
0.227
0.227
0.227
0.227
0.228
0.228
0.228
0.228
0.228
0.228
0.228
0.228
0.228
0.228
0.228
0.228
0.228
0.228
0.228
0.228
0.228
0.228
0.228
0.228
0.228
0.228
0.228
0.228
0.228
0.229
0.228
0.228
0.229
0.229
0.229
0.228
0.228
0.228
0.228
0.228
0.228
0.229
0.228
0.228
0.228
0.228
0.228
0.229
0.229
0.229
0.228
0.228
0.229
0.229
0.229
0.229
0.229
0.229
0.229
0.229
0.229
0.229
0.229
0.229
0.229
0.229
0.229
0.229
0.229
0.229
0.229
0.229
0.230
0.230
0.230
0.230
0.230
0.230
0.230
0.230
0.229
0.230
0.230
0.230
0.230
0.230
0.230
0.231
0.231
0.231
0.231
0.231
0.231
0.231
0.231
0.232
0.232
0.232
0.232
0.232
0.232
0.232
0.232
0.233
0.233
0.233
0.233
0.233
0.233
0.233
0.234
0.234
0.234
0.234
0.234
0.234
0.234
0.234
0.235
0.235
0.235
0.235
0.235
0.235
0.235
0.235
0.235
0.236
0.236
0.236
0.236
0.236
0.236
0.236
0.236
0.236
0.236
0.236
0.236
0.236
0.236
0.236
0.236
0.237
0.236
0.237
0.237
0.237
0.237
0.237
0.237
0.237
0.237
0.237
0.237
0.237
0.237
0.237
0.237
0.237
0.237
0.237
0.237
0.237
0.237
0.237
0.237
0.237
0.237
0.237
0.237
0.237
0.237
0.238
0.238
0.238
0.238
0.238
0.238
0.238
0.238
0.238
0.238
0.238
0.238
0.238
0.238
0.238
0.238
0.238
0.238
0.239
0.239
0.239
0.239
0.239
0.239
0.239
0.239
0.239
0.239
0.239
0.239
0.239
0.239
0.239
0.239
0.239
0.239
0.239
0.239
0.239
0.239
0.239
0.239
0.239
0.239
0.239
0.239
0.239
0.239
0.239
0.239
0.239
0.239
0.239
0.239
0.239
0.239
0.239
0.240
0.240
0.240
0.240
0.240
0.240
0.240
0.240
0.240
0.240
0.240
0.240
0.241
0.241
0.241
0.241
0.241
0.241
0.241
0.241
0.241
0.241
0.241
0.241
0.241
0.241
0.241
0.241
0.241
0.241
0.241
0.241
0.241
0.241
0.241
0.241
0.241
0.241
0.241
0.241
0.241
0.241
0.241
0.241
0.241
0.241
0.241
0.241
0.241
0.241
0.241
0.241
0.241
0.241
0.241
0.241
0.241
0.241
0.241
0.241
0.241
0.241
0.241
0.241
0.241
0.241
0.241
0.241
0.241
0.241
0.241
0.241
0.241
0.241
0.241
0.241
0.241
0.241
0.241
0.241
0.241
0.241
0.241
0.241
0.241
0.241
0.241
0.241
0.241
0.241
0.241
0.241
0.241
0.241
0.241
0.241
0.241
0.241
0.241
0.241
0.241
0.241
0.241
0.241
0.241
0.241
0.241
0.241
0.241
0.241
0.241
0.241
0.241
0.241
0.241
0.241
0.241
0.241
0.241
0.242
0.242
0.242
0.242
0.242
0.242
0.242
0.242
0.242
0.242
0.242
0.242
0.242
0.242
0.242
0.242
0.242
0.242
0.242
0.242
0.242
0.242
0.242
0.242
0.242
0.242
0.242
0.242
0.242
0.242
0.242
0.242
0.242
0.242
0.242
0.242
0.242
0.242
0.242
0.242
0.242
0.242
0.242
0.242
0.242
0.242
0.242
0.242
0.242
0.242
0.242
0.242
0.242
0.242
0.242
0.242
0.242
0.242
0.242
0.242
0.242
0.242
0.242
0.243
0.242
0.242
0.242
0.242
0.242
0.242
0.242
0.242
0.242
0.242
0.242
0.242
0.242
0.242
0.242
0.242
0.243
0.243
0.243
0.243
0.243
0.243
0.243
0.243
0.242
0.242
0.242
0.242
0.242
0.242
0.242
0.242
0.242
0.242
0.242
0.242
0.242
0.243
0.242
0.242
0.242
0.242
0.242
0.242
0.242
0.242
0.242
0.242
0.242
0.242
0.242
0.242
0.242
0.242
0.242
0.242
0.242
0.242
0.242
0.242
0.242
0.242
0.242
0.242
0.241
0.241
0.241
0.241
0.241
0.241
0.241
0.241
0.241
0.241
0.241
0.241
0.241
0.241
0.240
0.240
0.240
0.240
0.240
0.240
0.240
0.240
0.240
0.240
0.240
0.240
0.240
0.240
0.240
0.240
0.240
0.240
0.240
0.240
0.240
0.240
0.240
0.240
0.240
0.240
0.240
0.240
0.240
0.239
0.240
0.240
0.240
0.240
0.239
0.239
0.239
0.239
0.239
0.239
0.239
0.239
0.239
0.239
0.239
0.239
0.239
0.239
0.239
0.239
0.239
0.239
0.239
0.239
0.239
0.239
0.239
0.239
0.239
0.239
0.239
0.239
0.239
0.239
0.239
0.238
0.239
0.239
0.238
0.238
0.238
0.239
0.238
0.238
0.238
0.238
0.238
0.238
0.238
0.238
0.238
0.238
0.238
0.238
0.239
0.238
0.238
0.238
0.238
0.238
0.238
0.238
0.238
0.238
0.238
0.238
0.238
0.238
0.238
0.238
0.238
0.238
0.238
0.238
0.238
0.238
0.238
0.238
0.238
0.238
0.238
0.238
0.238
0.238
0.238
0.238
0.238
0.238
0.238
0.238
0.238
0.238
0.238
0.238
0.238
0.238
0.238
0.238
0.238
0.238
0.238
0.238
0.238
0.238
0.238
0.238
0.238
0.238
0.238
0.238
0.238
0.238
0.237
0.237
0.237
0.237
0.237
0.237
0.237
0.237
0.237
0.237
0.237
0.237
0.237
0.237
0.237
0.237
0.237
0.237
0.237
0.237
0.237
0.237
0.237
0.237
0.237
0.237
0.237
0.237
0.237
0.237
0.237
0.237
0.237
0.237
0.237
0.237
0.237
0.237
0.237
0.237
0.237
0.237
0.237
0.237
0.237
0.237
0.236
0.236
0.237
0.237
0.237
0.237
0.237
0.237
0.237
0.237
0.237
0.236
0.237
0.236
0.236
0.236
0.236
0.236
0.236
0.236
0.236
0.236
0.236
0.236
0.236
0.236
0.236
0.236
0.236
0.236
0.236
0.236
0.236
0.236
0.236
0.236
0.236
0.236
0.236
0.236
0.236
0.236
0.236
0.236
0.236
0.236
0.236
0.236
0.235
0.236
0.235
0.235
0.235
0.235
0.235
0.235
0.235
0.235
0.235
0.235
0.235
0.235
0.235
0.235
0.235
0.235
0.235
0.235
0.235
0.235
0.235
0.235
0.235
0.235
0.235
0.235
0.235
0.235
0.235
0.234
0.234
0.234
0.234
0.234
0.234
0.234
0.234
0.234
0.234
0.234
0.234
0.234
0.234
0.234
0.234
0.234
0.234
0.234
0.234
0.234
0.234
0.234
0.234
0.234
0.234
0.234
0.234
0.234
0.234
0.234
0.234
0.234
0.234
0.234
0.234
0.234
0.234
0.234
0.234
0.234
0.234
0.234
0.234
0.234
0.234
0.234
0.234
0.234
0.234
0.234
0.234
0.234
0.234
0.234
0.234
0.234
0.234
0.234
0.234
0.234
0.234
0.234
0.234
0.234
0.234
0.234
0.234
0.234
0.234
0.234
0.234
0.234
0.234
0.234
0.234
0.234
0.234
0.234
0.234
0.234
0.234
0.234
0.234
0.234
0.234
0.234
0.234
0.234
0.234
0.234
0.234
0.234
0.234
0.234
0.234
0.234
0.234
0.234
0.234
0.234
0.234
0.234
0.234
0.234
0.234
0.234
0.234
0.234
0.234
0.234
0.234
0.234
0.234
0.234
0.234
0.234
0.234
0.234
0.234
0.234
0.234
0.235
0.234
0.234
0.234
0.234
0.234
0.234
0.234
0.234
0.234
0.234
0.234
0.234
0.234
0.234
0.234
0.234
0.234
0.234
0.234
0.234
0.234
0.234
0.234
0.234
0.234
0.234
0.234
0.234
0.234
0.234
0.234
0.235
0.235
0.235
0.235
0.235
0.235
0.235
0.234
0.234
0.235
0.235
0.235
0.235
0.235
0.235
0.235
0.235
0.235
0.235
0.235
0.235
0.236
0.236
0.236
0.236
0.236
0.237
0.237
0.237
0.237
0.238
0.238
0.238
0.238
0.238
0.238
0.238
0.238
0.239
0.239
0.239
0.239
0.240
0.240
0.240
0.240
0.240
0.240
0.240
0.241
0.241
0.241
0.241
0.241
0.242
0.242
0.242
0.242
0.241
0.242
0.242
0.242
0.242
0.242
0.242
0.242
0.242
0.242
0.242
0.242
0.242
0.242
0.242
0.242
0.242
0.243
0.243
0.243
0.243
0.243
0.244
0.244
0.244
0.244
0.244
0.244
0.244
0.245
0.245
0.245
0.245
0.245
0.245
0.245
0.245
0.245
0.245
0.245
0.245
0.245
0.245
0.245
0.245
0.245
0.245
0.245
0.245
0.245
0.245
0.245
0.245
0.246
0.246
0.246
0.246
0.246
0.246
0.246
0.246
0.246
0.247
0.247
0.247
0.247
0.247
0.247
0.247
0.247
0.247
0.247
0.247
0.247
0.246
0.246
0.246
0.246
0.247
0.247
0.247
0.247
0.247
0.247
0.247
0.247
0.248
0.247
0.247
0.247
0.247
0.247
0.247
0.247
0.247
0.247
0.247
0.247
0.247
0.247
0.247
0.247
0.247
0.247
0.247
0.247
0.247
0.247
0.247
0.247
0.247
0.247
0.247
0.247
0.247
0.246
0.246
0.246
0.246
0.246
0.246
0.246
0.246
0.246
0.246
0.246
0.246
0.246
0.246
0.246
0.246
0.246
0.246
0.245
0.245
0.245
0.245
0.245
0.245
0.245
0.245
0.245
0.245
0.245
0.245
0.245
0.245
0.245
0.245
0.245
0.245
0.244
0.244
0.244
0.244
0.244
0.244
0.244
0.244
0.244
0.244
0.244
0.244
0.244
0.244
0.244
0.244
0.244
0.244
0.243
0.243
0.243
0.243
0.243
0.243
0.243
0.243
0.243
0.243
0.243
0.243
0.243
0.243
0.243
0.243
0.243
0.243
0.243
0.243
0.243
0.243
0.243
0.243
0.243
0.243
0.243
0.243
0.243
0.243
0.243
0.243
0.243
0.243
0.243
0.243
0.243
0.243
0.243
0.243
0.243
0.243
0.243
0.243
0.243
0.243
0.243
0.243
0.243
0.243
0.243
0.243
0.243
0.243
0.243
0.243
0.243
0.243
0.243
0.243
0.243
0.243
0.243
0.243
0.243
0.243
0.243
0.243
0.243
0.243
0.243
0.243
0.243
0.243
0.243
0.243
0.243
0.243
0.243
0.243
0.243
0.243
0.243
0.243
0.243
0.243
0.243
0.243
0.243
0.243
0.243
0.243
0.243
0.243
0.243
0.243
0.243
0.243
0.243
0.243
0.243
0.243
0.243
0.243
0.243
0.243
0.243
0.243
0.243
0.243
0.243
0.243
0.243
0.243
0.243
0.243
0.243
0.243
0.243
0.243
0.243
0.243
0.243
0.243
0.243
0.243
0.243
0.243
0.243
0.243
0.243
0.243
0.243
0.243
0.243
0.243
0.243
0.243
0.243
0.243
0.243
0.243
0.243
0.243
0.243
0.243
0.243
0.243
0.243
0.243
0.243
0.243
0.243
0.243
0.243
0.243
0.243
0.243
0.243
0.243
0.243
0.243
0.243
0.243
0.243
0.243
0.243
0.243
0.243
0.243
0.243
0.243
0.243
0.243
0.243
0.243
0.243
0.243
0.244
0.244
0.244
0.244
0.243
0.243
0.243
0.243
0.243
0.243
0.243
0.243
0.243
0.243
0.243
0.243
0.243
0.243
0.243
0.243
0.243
0.243
0.243
0.243
0.243
0.243
0.243
0.243
0.243
0.243
0.243
0.243
0.243
0.243
0.243
0.243
0.243
0.243
0.243
0.243
0.243
0.243
0.243
0.243
0.243
0.243
0.243
0.243
0.243
0.243
0.243
0.243
0.243
0.243
0.243
0.243
0.244
0.243
0.244
0.244
0.244
0.244
0.244
0.244
0.244
0.244
0.244
0.244
0.244
0.244
0.244
0.244
0.244
0.244
0.244
0.244
0.244
0.244
0.244
0.244
0.244
0.244
0.244
0.244
0.244
0.244
0.244
0.244
0.244
0.244
0.244
0.244
0.244
0.244
0.244
0.244
0.244
0.244
0.244
0.244
0.244
0.244
0.244
0.244
0.244
0.244
0.244
0.244
0.244
0.244
0.244
0.244
0.244
0.244
0.244
0.244
0.244
0.244
0.244
0.244
0.244
0.244
0.244
0.244
0.244
0.244
0.244
0.244
0.244
0.244
0.244
0.244
0.244
0.243
0.243
0.243
0.244
0.244
0.244
0.244
0.244
0.244
0.244
0.243
0.243
0.243
0.243
0.243
0.243
0.243
0.243
0.243
0.243
0.243
0.243
0.244
0.244
0.244
0.244
0.244
0.244
0.244
0.244
0.244
0.244
0.244
0.244
0.244
0.244
0.244
0.244
0.244
0.244
0.244
0.244
0.244
0.244
0.244
0.244
0.244
0.244
0.244
0.244
0.244
0.244
0.244
0.244
0.244
0.244
0.244
0.244
0.244
0.244
0.244
0.244
0.244
0.244
0.244
0.244
0.244
0.244
0.244
0.244
0.244
0.244
0.244
0.244
0.244
0.244
0.244
0.244
0.244
0.244
0.244
0.244
0.244
0.244
0.244
0.244
0.244
0.244
0.244
0.244
0.244
0.244
0.244
0.244
0.244
0.244
0.244
0.244
0.244
0.244
0.244
0.244
0.244
0.244
0.244
0.244
0.244
0.244
0.244
0.244
0.244
0.244
0.244
0.244
0.244
0.244
0.244
0.244
0.244
0.244
0.244
0.244
0.244
0.244
0.244
0.244
0.244
0.244
0.244
0.244
0.244
0.244
0.244
0.244
0.244
0.244
0.244
0.244
0.244
0.244
0.244
0.244
0.244
0.244
0.244
0.244
0.244
0.244
0.244
0.244
0.244
0.244
0.244
0.244
0.244
0.244
0.244
0.244
0.244
0.244
0.244
0.244
0.244
0.244
0.244
0.244
0.244
0.244
0.244
0.244
0.244
0.244
0.244
0.244
0.244
0.244
0.244
0.244
0.244
0.244
0.244
0.244
0.244
0.244
0.244
0.244
0.244
0.244
0.244
0.244
0.244
0.244
0.244
0.244
0.244
0.244
0.244
0.244
0.244
0.244
0.244
0.244
0.244
0.244
0.244
0.244
0.244
0.244
0.244
0.244
0.244
0.244
0.244
0.244
0.244
0.244
0.244
0.244
0.244
0.244
0.244
0.244
0.244
0.244
0.244
0.244
0.244
0.244
0.244
0.244