Precisão média por imagem
0.101
0.107
0.442
0.477
0.450
0.429
0.413
0.405
0.395
0.389
0.385
0.381
0.378
0.375
0.370
0.363
0.363
0.361
0.359
0.360
0.359
0.358
0.368
0.377
0.385
0.390
0.396
0.401
0.407
0.404
0.402
0.407
0.411
0.414
0.417
0.419
0.423
0.427
0.430
0.433
0.434
0.438
0.436
0.434
0.432
0.431
0.429
0.429
0.431
0.433
0.434
0.436
0.438
0.440
0.441
0.442
0.442
0.443
0.442
0.440
0.438
0.437
0.438
0.439
0.441
0.442
0.444
0.445
0.444
0.443
0.442
0.442
0.443
0.444
0.444
0.444
0.445
0.445
0.444
0.445
0.446
0.447
0.448
0.447
0.446
0.444
0.443
0.442
0.440
0.439
0.439
0.439
0.440
0.439
0.438
0.437
0.437
0.435
0.434
0.433
0.432
0.431
0.430
0.429
0.428
0.428
0.427
0.426
0.425
0.424
0.423
0.422
0.422
0.422
0.421
0.420
0.420
0.419
0.420
0.421
0.422
0.423
0.423
0.424
0.424
0.423
0.422
0.423
0.424
0.425
0.426
0.427
0.427
0.428
0.428
0.429
0.430
0.431
0.431
0.432
0.433
0.434
0.434
0.433
0.433
0.434
0.435
0.434
0.435
0.436
0.435
0.435
0.436
0.436
0.437
0.438
0.439
0.439
0.439
0.440
0.441
0.442
0.442
0.443
0.443
0.443
0.443
0.444
0.444
0.445
0.445
0.445
0.446
0.445
0.444
0.445
0.445
0.445
0.445
0.444
0.444
0.444
0.445
0.445
0.445
0.446
0.446
0.445
0.445
0.446
0.447
0.447
0.447
0.447
0.448
0.448
0.448
0.447
0.447
0.447
0.447
0.448
0.448
0.448
0.448
0.449
0.449
0.449
0.449
0.450
0.450
0.450
0.451
0.451
0.451
0.451
0.452
0.451
0.452
0.452
0.452
0.452
0.452
0.453
0.453
0.453
0.454
0.454
0.454
0.454
0.455
0.455
0.455
0.455
0.455
0.456
0.456
0.456
0.456
0.455
0.456
0.455
0.455
0.455
0.455
0.454
0.454
0.454
0.455
0.455
0.455
0.455
0.455
0.456
0.456
0.456
0.457
0.457
0.457
0.457
0.457
0.456
0.456
0.456
0.456
0.455
0.455
0.455
0.454
0.454
0.454
0.453
0.453
0.454
0.454
0.453
0.453
0.453
0.453
0.454
0.454
0.454
0.454
0.454
0.455
0.455
0.455
0.455
0.455
0.455
0.456
0.456
0.456
0.456
0.456
0.456
0.456
0.455
0.455
0.454
0.454
0.454
0.454
0.454
0.453
0.453
0.453
0.454
0.454
0.454
0.454
0.453
0.453
0.452
0.452
0.452
0.451
0.451
0.451
0.451
0.450
0.450
0.450
0.449
0.449
0.449
0.449
0.449
0.449
0.448
0.448
0.449
0.449
0.449
0.449
0.449
0.448
0.448
0.448
0.448
0.447
0.448
0.448
0.448
0.447
0.447
0.447
0.447
0.446
0.446
0.446
0.446
0.446
0.445
0.445
0.445
0.444
0.444
0.444
0.444
0.443
0.444
0.444
0.444
0.445
0.445
0.445
0.445
0.445
0.446
0.445
0.445
0.445
0.445
0.444
0.444
0.444
0.444
0.444
0.444
0.444
0.444
0.444
0.443
0.443
0.443
0.442
0.442
0.442
0.442
0.441
0.441
0.441
0.441
0.440
0.440
0.441
0.440
0.440
0.440
0.440
0.440
0.439
0.439
0.439
0.439
0.439
0.439
0.439
0.439
0.440
0.439
0.439
0.439
0.439
0.439
0.439
0.439
0.439
0.439
0.440
0.440
0.440
0.440
0.440
0.440
0.440
0.440
0.441
0.441
0.441
0.441
0.442
0.441
0.441
0.441
0.441
0.441
0.441
0.441
0.441
0.441
0.441
0.440
0.440
0.440
0.440
0.440
0.440
0.440
0.440
0.440
0.440
0.440
0.441
0.441
0.441
0.441
0.441
0.441
0.441
0.440
0.441
0.441
0.440
0.441
0.441
0.441
0.441
0.441
0.441
0.441
0.441
0.440
0.441
0.441
0.441
0.441
0.441
0.441
0.441
0.441
0.441
0.441
0.441
0.441
0.441
0.441
0.441
0.441
0.442
0.442
0.442
0.441
0.442
0.442
0.442
0.442
0.442
0.442
0.442
0.442
0.442
0.442
0.442
0.442
0.442
0.442
0.442
0.441
0.441
0.441
0.442
0.442
0.442
0.442
0.442
0.442
0.442
0.442
0.442
0.442
0.443
0.443
0.443
0.443
0.443
0.443
0.443
0.443
0.442
0.442
0.442
0.442
0.442
0.442
0.442
0.442
0.442
0.442
0.442
0.443
0.442
0.442
0.442
0.442
0.442
0.441
0.441
0.441
0.441
0.441
0.441
0.441
0.441
0.441
0.441
0.441
0.441
0.441
0.441
0.441
0.441
0.442
0.441
0.441
0.441
0.441
0.441
0.441
0.441
0.442
0.442
0.442
0.442
0.442
0.442
0.442
0.443
0.443
0.443
0.443
0.443
0.443
0.443
0.443
0.444
0.443
0.443
0.443
0.443
0.443
0.443
0.443
0.442
0.443
0.443
0.443
0.443
0.443
0.443
0.443
0.443
0.443
0.443
0.443
0.443
0.442
0.443
0.443
0.443
0.443
0.443
0.443
0.444
0.443
0.443
0.443
0.443
0.443
0.443
0.443
0.442
0.442
0.442
0.442
0.442
0.442
0.441
0.441
0.441
0.441
0.441
0.441
0.441
0.442
0.442
0.442
0.441
0.441
0.441
0.441
0.441
0.441
0.441
0.441
0.441
0.441
0.441
0.441
0.441
0.441
0.441
0.441
0.441
0.441
0.442
0.441
0.441
0.441
0.441
0.441
0.441
0.442
0.442
0.441
0.441
0.441
0.441
0.442
0.442
0.442
0.442
0.442
0.442
0.442
0.442
0.442
0.442
0.442
0.442
0.442
0.442
0.442
0.442
0.442
0.442
0.442
0.442
0.442
0.442
0.442
0.443
0.443
0.443
0.443
0.443
0.443
0.443
0.443
0.443
0.443
0.443
0.443
0.443
0.443
0.443
0.443
0.442
0.443
0.443
0.443
0.443
0.443
0.443
0.443
0.443
0.443
0.443
0.443
0.443
0.442
0.442
0.442
0.442
0.442
0.442
0.442
0.442
0.442
0.442
0.442
0.442
0.442
0.442
0.442
0.442
0.442
0.442
0.442
0.442
0.442
0.442
0.442
0.442
0.442
0.442
0.442
0.442
0.442
0.442
0.442
0.442
0.442
0.442
0.443
0.443
0.442
0.443
0.443
0.443
0.443
0.443
0.443
0.443
0.443
0.443
0.444
0.444
0.444
0.444
0.444
0.444
0.444
0.444
0.444
0.443
0.443
0.443
0.443
0.443
0.443
0.443
0.443
0.443
0.443
0.443
0.443
0.443
0.443
0.443
0.443
0.443
0.443
0.443
0.443
0.442
0.442
0.442
0.442
0.442
0.442
0.442
0.442
0.442
0.442
0.443
0.443
0.443
0.443
0.443
0.443
0.443
0.443
0.443
0.443
0.443
0.443
0.443
0.444
0.443
0.443
0.443
0.444
0.444
0.444
0.444
0.444
0.444
0.444
0.444
0.444
0.444
0.444
0.444
0.444
0.444
0.444
0.444
0.444
0.444
0.444
0.444
0.444
0.444
0.444
0.444
0.444
0.444
0.444
0.444
0.444
0.444
0.444
0.444
0.444
0.444
0.444
0.443
0.443
0.443
0.443
0.443
0.443
0.443
0.443
0.443
0.442
0.442
0.442
0.443
0.442
0.442
0.442
0.442
0.442
0.442
0.442
0.442
0.442
0.442
0.442
0.442
0.443
0.443
0.443
0.443
0.443
0.443
0.443
0.443
0.443
0.443
0.443
0.443
0.443
0.443
0.443
0.443
0.443
0.443
0.443
0.443
0.443
0.443
0.443
0.443
0.443
0.444
0.444
0.444
0.444
0.444
0.444
0.444
0.444
0.444
0.443
0.443
0.443
0.443
0.444
0.444
0.444
0.444
0.443
0.444
0.444
0.444
0.444
0.444
0.444
0.444
0.444
0.444
0.444
0.444
0.444
0.444
0.444
0.444
0.444
0.444
0.444
0.444
0.444
0.444
0.444
0.444
0.444
0.444
0.444
0.444
0.445
0.445
0.445
0.445
0.445
0.445
0.445
0.445
0.445
0.445
0.445
0.445
0.445
0.445
0.445
0.445
0.445
0.445
0.445
0.445
0.445
0.445
0.445
0.444
0.444
0.444
0.444
0.444
0.444
0.444
0.444
0.444
0.444
0.444
0.444
0.444
0.444
0.444
0.444
0.444
0.444
0.444
0.444
0.444
0.444
0.444
0.444
0.444
0.444
0.444
0.444
0.444
0.444
0.444
0.444
0.444
0.444
0.443
0.443
0.443
0.443
0.443
0.443
0.443
0.443
0.443
0.443
0.443
0.443
0.444
0.444
0.444
0.444
0.444
0.444
0.444
0.444
0.444
0.444
0.444
0.444
0.444
0.444
0.444
0.444
0.444
0.444
0.444
0.443
0.443
0.443
0.443
0.443
0.443
0.443
0.443
0.443
0.443
0.443
0.443
0.443
0.443
0.443
0.443
0.443
0.443
0.443
0.443
0.443
0.443
0.443
0.443
0.443
0.443
0.443
0.443
0.443
0.443
0.443
0.443
0.443
0.443
0.443
0.443
0.443
0.443
0.443
0.443
0.443
0.443
0.443
0.443
0.443
0.443
0.443
0.443
0.443
0.443
0.443
0.443
0.443
0.443
0.443
0.443
0.443
0.443
0.442
0.442
0.442
0.443
0.443
0.443
0.443
0.442
0.443
0.443
0.443
0.443
0.443
0.443
0.443
0.443
0.443
0.443
0.443
0.443
0.443
0.443
0.443
0.443
0.443
0.442
0.442
0.442
0.442
0.442
0.442
0.442
0.442
0.442
0.442
0.442
0.441
0.441
0.441
0.441
0.441
0.441
0.441
0.441
0.441
0.441
0.441
0.441
0.441
0.440
0.440
0.440
0.440
0.440
0.440
0.440
0.440
0.441
0.440
0.440
0.440
0.440
0.440
0.440
0.440
0.440
0.440
0.440
0.440
0.440
0.440
0.439
0.439
0.439
0.439
0.439
0.439
0.439
0.439
0.440
0.440
0.440
0.440
0.440
0.440
0.440
0.440
0.440
0.440
0.440
0.440
0.440
0.440
0.440
0.440
0.440
0.440
0.440
0.440
0.440
0.440
0.440
0.440
0.440
0.440
0.440
0.440
0.440
0.440
0.440
0.440
0.440
0.440
0.440
0.440
0.440
0.439
0.439
0.439
0.439
0.439
0.439
0.439
0.439
0.440
0.440
0.440
0.440
0.440
0.440
0.440
0.440
0.440
0.440
0.440
0.440
0.440
0.440
0.440
0.440
0.440
0.440
0.440
0.440
0.440
0.440
0.440
0.440
0.440
0.441
0.441
0.441
0.441
0.441
0.441
0.441
0.441
0.441
0.441
0.441
0.441
0.441
0.441
0.441
0.441
0.441
0.441
0.441
0.441
0.440
0.440
0.440
0.440
0.440
0.441
0.441
0.441
0.441
0.441
0.441
0.441
0.441
0.441
0.441
0.441
0.441
0.441
0.441
0.441
0.441
0.441
0.441
0.441
0.441
0.441
0.441
0.441
0.441
0.441
0.441
0.441
0.441
0.440
0.440
0.440
0.440
0.440
0.440
0.440
0.440
0.440
0.441
0.441
0.441
0.441
0.441
0.441
0.441
0.441
0.441
0.441
0.441
0.441
0.441
0.441
0.441
0.441
0.441
0.442
0.442
0.442
0.441
0.441
0.441
0.441
0.441
0.441
0.441
0.441
0.441
0.441
0.441
0.441
0.441
0.441
0.441
0.441
0.441
0.441
0.441
0.442
0.442
0.441
0.441
0.441
0.441
0.441
0.441
0.441
0.441
0.441
0.441
0.441
0.441
0.441
0.441
0.441
0.441
0.441
0.441
0.441
0.441
0.441
0.441
0.441
0.441
0.441
0.441
0.441
0.441
0.442
0.442
0.442
0.442
0.442
0.442
0.442
0.442
0.442
0.442
0.442
0.441
0.441
0.441
0.441
0.441
0.441
0.441
0.441
0.441
0.441
0.441
0.441
0.441
0.441
0.441
0.441
0.441
0.441
0.441
0.441
0.441
0.440
0.440
0.440
0.440
0.440
0.440
0.440
0.440
0.440
0.440
0.440
0.440
0.440
0.440
0.440
0.440
0.440
0.440
0.440
0.440
0.440
0.440
0.440
0.440
0.440
0.440
0.440
0.440
0.440
0.440
0.440
0.440
0.439
0.439
0.439
0.439
0.439
0.439
0.439
0.439
0.439
0.439
0.439
0.439
0.439
0.439
0.439
0.439
0.439
0.439
0.439
0.439
0.439
0.439
0.438
0.438
0.438
0.438
0.438
0.438
0.438
0.438
0.438
0.438
0.438
0.438
0.438
0.438
0.438
0.438
0.438
0.438
0.438
0.438
0.438
0.438
0.438
0.438
0.438
0.438
0.438
0.438
0.438
0.438
0.438
0.438
0.438
0.438
0.438
0.438
0.438
0.437
0.437
0.437
0.437
0.437
0.437
0.437
0.437
0.437
0.437
0.437
0.437
0.437
0.437
0.437
0.437
0.437
0.437
0.437
0.437
0.437
0.437
0.437
0.437
0.437
0.437
0.437
0.437
0.437
0.437
0.437
0.437
0.437
0.437
0.437
0.437
0.437
0.437
0.437
0.437
0.437
0.437
0.437
0.437