Precisão média por imagem
0.785
0.697
0.653
0.630
0.605
0.588
0.599
0.613
0.619
0.616
0.596
0.600
0.590
0.600
0.584
0.574
0.567
0.562
0.558
0.565
0.561
0.569
0.568
0.567
0.567
0.565
0.564
0.564
0.565
0.556
0.557
0.556
0.554
0.551
0.549
0.546
0.545
0.545
0.548
0.545
0.542
0.540
0.541
0.541
0.548
0.545
0.545
0.544
0.542
0.541
0.539
0.536
0.537
0.536
0.537
0.536
0.540
0.538
0.543
0.542
0.541
0.539
0.538
0.537
0.535
0.532
0.529
0.531
0.532
0.530
0.529
0.528
0.526
0.529
0.528
0.528
0.527
0.528
0.528
0.528
0.527
0.526
0.524
0.524
0.523
0.522
0.521
0.519
0.518
0.520
0.519
0.524
0.523
0.522
0.525
0.524
0.526
0.526
0.530
0.529
0.529
0.529
0.529
0.531
0.531
0.534
0.533
0.533
0.533
0.531
0.531
0.530
0.529
0.529
0.530
0.530
0.530
0.529
0.528
0.530
0.530
0.532
0.531
0.531
0.533
0.534
0.535
0.536
0.536
0.535
0.535
0.535
0.536
0.534
0.534
0.535
0.535
0.533
0.533
0.533
0.532
0.534
0.533
0.533
0.533
0.532
0.531
0.531
0.530
0.530
0.529
0.529
0.529
0.528
0.528
0.528
0.527
0.527
0.527
0.526
0.526
0.527
0.526
0.528
0.530
0.529
0.531
0.534
0.533
0.535
0.535
0.535
0.534
0.534
0.533
0.534
0.534
0.535
0.535
0.534
0.534
0.534
0.534
0.535
0.534
0.535
0.535
0.534
0.534
0.534
0.534
0.534
0.534
0.535
0.535
0.534
0.534
0.534
0.533
0.534
0.534
0.533
0.533
0.532
0.532
0.532
0.532
0.531
0.531
0.531
0.531
0.531
0.534
0.534
0.536
0.536
0.537
0.538
0.540
0.541
0.543
0.544
0.546
0.547
0.548
0.549
0.548
0.548
0.548
0.547
0.547
0.547
0.547
0.547
0.547
0.546
0.546
0.546
0.545
0.545
0.545
0.544
0.544
0.543
0.543
0.543
0.543
0.544
0.544
0.544
0.544
0.544
0.545
0.546
0.546
0.545
0.545
0.544
0.544
0.544
0.543
0.543
0.543
0.544
0.544
0.546
0.548
0.549
0.550
0.551
0.551
0.552
0.553
0.553
0.552
0.553
0.554
0.553
0.553
0.553
0.552
0.552
0.552
0.552
0.552
0.552
0.553
0.554
0.554
0.554
0.554
0.554
0.554
0.554
0.554
0.554
0.553
0.554
0.554
0.555
0.556
0.555
0.555
0.556
0.556
0.557
0.558
0.557
0.557
0.556
0.556
0.556
0.555
0.556
0.556
0.556
0.555
0.555
0.555
0.555
0.555
0.555
0.554
0.554
0.554
0.555
0.555
0.556
0.556
0.557
0.557
0.557
0.558
0.558
0.558
0.557
0.558
0.558
0.558
0.559
0.560
0.560
0.561
0.561
0.561
0.562
0.562
0.561
0.562
0.561
0.561
0.561
0.561
0.561
0.561
0.561
0.560
0.560
0.560
0.560
0.560
0.560
0.560
0.559
0.559
0.559
0.559
0.559
0.559
0.559
0.558
0.558
0.558
0.558
0.558
0.558
0.558
0.557
0.557
0.558
0.558
0.558
0.559
0.560
0.559
0.559
0.559
0.558
0.558
0.559
0.560
0.561
0.561
0.561
0.561
0.561
0.561
0.561
0.561
0.561
0.561
0.560
0.560
0.560
0.561
0.561
0.562
0.561
0.561
0.561