20586908_6c613a14b80a8591_MG_R_CC_ANON.jpg 2 7 3 20 6 11 16 19 15 22 15 14 15 20 17 16 14 16 12 19 18 15 32 16 16 16 16 16 32 16 16 16 16 16
20586934_6c613a14b80a8591_MG_L_CC_ANON.jpg 5 7 29 19 6 20 20 11 17 7 15 13 16 17 15 13 17 15 21 18 13 15 32 16 16 16 16 16 32 16 16 16 16 16
20586960_6c613a14b80a8591_MG_R_ML_ANON.jpg 2 8 3 22 5 8 12 19 18 21 17 16 13 22 16 18 15 15 14 17 16 14 32 16 16 16 16 16 32 16 16 16 16 16
20586986_6c613a14b80a8591_MG_L_ML_ANON.jpg 5 5 26 20 9 21 17 12 17 11 16 16 17 18 15 15 16 15 18 17 16 14 32 16 16 16 16 16 32 16 16 16 16 16
20587054_b6a4f750c6df4f90_MG_R_CC_ANON.jpg 4 6 3 15 6 16 19 18 16 24 16 15 15 18 15 15 14 16 10 15 18 16 32 16 16 16 16 16 32 16 16 16 16 16
20587080_b6a4f750c6df4f90_MG_R_ML_ANON.jpg 4 10 1 17 7 12 18 22 20 20 21 13 12 22 15 15 13 13 11 13 17 16 32 16 16 16 16 16 32 16 16 16 16 16
20587148_fd746d25eb40b3dc_MG_R_CC_ANON.jpg 2 4 6 17 9 14 23 13 16 23 15 15 16 12 15 15 16 16 16 15 17 15 32 16 16 16 16 16 32 16 16 16 16 16
20587174_fd746d25eb40b3dc_MG_L_CC_ANON.jpg 2 4 25 16 10 16 22 18 16 9 16 15 16 12 16 16 15 16 15 16 15 15 32 16 16 16 16 16 32 16 16 16 16 16
20587200_fd746d25eb40b3dc_MG_R_ML_ANON.jpg 2 5 3 21 11 10 22 17 18 20 17 15 13 16 16 13 16 14 13 17 16 15 32 16 16 16 16 16 32 16 16 16 16 16
20587226_fd746d25eb40b3dc_MG_L_ML_ANON.jpg 2 5 27 17 12 17 24 18 17 12 17 15 18 15 17 15 14 16 17 17 14 16 32 16 16 16 16 16 32 16 16 16 16 16
20587294_e634830794f5c1bd_MG_R_CC_ANON.jpg 2 11 1 16 4 14 17 20 18 24 17 11 14 22 14 17 14 16 10 16 22 17 32 16 16 16 16 16 32 16 16 16 16 16
20587320_e634830794f5c1bd_MG_L_CC_ANON.jpg 2 8 29 18 5 18 14 12 16 9 16 12 17 22 16 17 15 16 18 17 11 16 32 16 16 16 16 16 32 16 16 16 16 16
20587346_e634830794f5c1bd_MG_R_ML_ANON.jpg 2 12 1 19 6 10 14 21 19 20 20 13 12 24 16 17 15 14 14 15 19 17 32 16 16 16 16 16 32 16 16 16 16 16
20587372_e634830794f5c1bd_MG_L_ML_ANON.jpg 2 13 30 13 6 18 12 14 22 13 19 13 16 23 16 17 14 14 15 15 13 18 32 16 16 16 16 16 32 16 16 16 16 16
20587466_d571b5880ad2a016_MG_L_CC_ANON.jpg 2 4 27 16 7 16 24 20 16 6 15 16 15 9 16 16 14 16 14 15 15 15 32 16 16 16 16 16 32 16 16 16 16 16
20587492_d571b5880ad2a016_MG_R_ML_ANON.jpg 2 5 4 23 11 7 24 12 21 21 13 16 19 12 14 15 17 14 16 15 15 15 32 16 16 16 16 16 32 16 16 16 16 16
20587518_d571b5880ad2a016_MG_L_ML_ANON.jpg 2 5 28 20 7 21 25 18 19 7 15 16 15 12 16 14 14 15 17 17 15 15 32 16 16 16 16 16 32 16 16 16 16 16
20587544_d571b5880ad2a016_MG_R_CC_ANON.jpg 2 4 5 16 7 15 24 11 16 25 15 16 16 9 15 17 16 16 18 15 15 15 32 16 16 16 16 16 32 16 16 16 16 16
20587612_f4b2d377f43ba0bd_MG_R_CC_ANON.jpg 5 6 3 18 7 13 18 18 17 22 16 14 15 19 15 16 14 15 12 17 19 15 32 16 16 16 16 16 32 16 16 16 16 16
20587638_f4b2d377f43ba0bd_MG_L_CC_ANON.jpg 2 7 28 18 7 18 18 12 16 8 16 13 17 19 15 15 17 15 20 17 12 15 32 16 16 16 16 16 32 16 16 16 16 16
20587664_f4b2d377f43ba0bd_MG_R_ML_ANON.jpg 5 7 3 22 6 9 15 19 18 21 17 15 13 20 16 17 15 15 13 17 17 14 32 16 16 16 16 16 32 16 16 16 16 16
20587690_f4b2d377f43ba0bd_MG_L_ML_ANON.jpg 2 6 28 17 7 18 17 14 18 11 17 14 17 21 16 17 16 15 19 16 13 16 32 16 16 16 16 16 32 16 16 16 16 16
20587758_81cd83d2f4d78528_MG_L_CC_ANON.jpg 3 7 29 15 6 16 19 11 16 8 15 13 15 20 16 14 17 16 22 15 12 16 32 16 16 16 16 16 32 16 16 16 16 16
20587784_81cd83d2f4d78528_MG_R_ML_ANON.jpg 3 9 1 20 7 11 20 21 17 21 18 14 13 21 16 13 14 15 10 17 18 17 32 16 16 16 16 16 32 16 16 16 16 16
20587810_81cd83d2f4d78528_MG_L_ML_ANON.jpg 3 11 30 15 7 17 16 9 19 12 19 14 17 23 17 15 17 15 20 14 14 17 32 16 16 16 16 16 32 16 16 16 16 16
20587836_81cd83d2f4d78528_MG_R_CC_ANON.jpg 3 7 2 18 6 13 22 19 16 25 14 13 16 17 16 13 15 15 9 16 20 16 32 16 16 16 16 16 32 16 16 16 16 16
20587902_8dbbd4e51f549ff0_MG_R_CC_ANON.jpg 3 5 3 22 7 8 24 15 19 24 12 15 18 13 15 13 17 15 13 17 16 15 32 16 16 16 16 16 32 16 16 16 16 16
20587928_8dbbd4e51f549ff0_MG_R_ML_ANON.jpg 3 6 2 22 7 9 21 19 18 24 16 16 14 17 17 12 15 14 11 18 16 15 32 16 16 16 16 16 32 16 16 16 16 16
20587994_024ee3569b2605dc_MG_R_CC_ANON.jpg 6 7 2 17 7 14 19 19 16 23 16 13 15 19 16 15 14 15 10 16 19 16 32 16 16 16 16 16 32 16 16 16 16 16
20588020_024ee3569b2605dc_MG_L_CC_ANON.jpg 2 10 30 15 6 16 19 11 16 8 16 13 16 21 16 15 17 15 22 15 12 16 32 16 16 16 16 16 32 16 16 16 16 16
20588046_024ee3569b2605dc_MG_R_ML_ANON.jpg 6 12 1 19 7 11 15 21 18 18 19 14 12 23 15 17 14 15 14 15 18 17 32 16 16 16 16 16 32 16 16 16 16 16
20588072_024ee3569b2605dc_MG_L_ML_ANON.jpg 2 12 31 20 7 20 16 9 16 12 19 13 19 22 15 16 18 16 18 16 13 17 32 16 16 16 16 16 32 16 16 16 16 16
20588138_8d0b9620c53c0268_MG_R_ML_ANON.jpg 1 11 1 22 7 10 18 22 15 21 19 15 12 20 18 15 13 16 11 17 17 16 32 16 16 16 16 16 32 16 16 16 16 16
20588164_8d0b9620c53c0268_MG_R_CC_ANON.jpg 1 7 2 17 7 13 24 17 16 24 15 14 16 17 16 13 15 15 9 16 19 16 32 16 16 16 16 16 32 16 16 16 16 16
20588190_8d0b9620c53c0268_MG_L_CC_ANON.jpg 4 7 30 17 6 17 24 13 16 6 15 13 16 17 16 12 15 16 22 17 12 16 32 16 16 16 16 16 32 16 16 16 16 16
20588216_8d0b9620c53c0268_MG_L_ML_ANON.jpg 4 11 31 21 8 21 20 9 16 11 20 14 20 19 14 14 18 16 20 16 14 16 32 16 16 16 16 16 32 16 16 16 16 16
20588308_493155e17143edef_MG_L_ML_ANON.jpg 3 6 29 21 6 22 24 15 19 6 16 17 16 15 17 13 15 15 20 18 16 14 32 16 16 16 16 16 32 16 16 16 16 16
20588334_493155e17143edef_MG_L_CC_ANON.jpg 3 5 28 15 6 15 24 18 15 5 15 16 15 10 16 14 14 16 16 15 15 16 32 16 16 16 16 16 32 16 16 16 16 16
20588458_bf1a6aaadb05e3df_MG_R_CC_ANON.jpg 2 7 2 17 4 14 17 20 16 24 15 13 16 20 16 16 14 15 10 16 21 16 32 16 16 16 16 16 32 16 16 16 16 16
20588510_bf1a6aaadb05e3df_MG_R_ML_ANON.jpg 2 12 1 17 7 11 14 22 20 18 20 14 13 23 15 17 14 13 14 13 17 17 32 16 16 16 16 16 32 16 16 16 16 16
20588536_bf1a6aaadb05e3df_MG_L_ML_ANON.jpg 5 11 30 15 8 20 14 10 23 12 19 12 16 21 16 16 16 12 18 13 13 17 32 16 16 16 16 16 32 16 16 16 16 16
20588562_bf1a6aaadb05e3df_MG_L_CC_ANON.jpg 5 10 29 6 7 10 13 13 22 9 16 14 11 18 17 18 15 14 18 9 15 17 32 16 16 16 16 16 32 16 16 16 16 16
20588654_036aff49b8ac84f0_MG_R_ML_ANON.jpg 2 6 3 23 8 8 18 19 17 21 15 16 15 18 16 15 14 15 13 18 16 14 32 16 16 16 16 16 32 16 16 16 16 16
20588680_036aff49b8ac84f0_MG_L_ML_ANON.jpg 3 6 28 20 8 20 18 12 18 10 17 14 17 19 16 15 17 16 19 17 14 16 32 16 16 16 16 16 32 16 16 16 16 16
22427682_d713ef5849f98b6c_MG_R_CC_ANON.jpg 2 6 3 17 6 14 19 19 16 24 16 13 15 19 15 15 14 15 11 16 19 15 32 16 16 16 16 16 32 16 16 16 16 16
22427705_d713ef5849f98b6c_MG_L_CC_ANON.jpg 5 7 29 18 5 18 23 13 16 6 15 14 15 16 15 13 15 15 21 17 12 15 32 16 16 16 16 16 32 16 16 16 16 16
22427728_d713ef5849f98b6c_MG_R_ML_ANON.jpg 2 8 2 19 8 11 18 20 19 19 19 14 13 20 15 16 14 14 13 15 18 17 32 16 16 16 16 16 32 16 16 16 16 16
22427751_d713ef5849f98b6c_MG_L_ML_ANON.jpg 5 6 28 18 10 19 19 13 18 11 18 14 18 18 16 14 17 15 19 16 14 16 32 16 16 16 16 16 32 16 16 16 16 16
22427840_bbd6a3a35438c11b_MG_R_CC_ANON.jpg 5 4 5 15 7 16 23 14 16 24 16 15 15 11 15 14 17 16 15 15 17 16 32 16 16 16 16 16 32 16 16 16 16 16
22427864_bbd6a3a35438c11b_MG_L_CC_ANON.jpg 2 7 29 15 5 15 22 12 16 5 16 12 16 15 16 13 16 16 21 15 10 16 32 16 16 16 16 16 32 16 16 16 16 16
22579730_bbd6a3a35438c11b_MG_R_ML_ANON.jpg 5 6 3 18 8 13 22 17 17 22 16 15 15 17 16 14 15 15 10 16 17 15 32 16 16 16 16 16 32 16 16 16 16 16
22579754_bbd6a3a35438c11b_MG_L_ML_ANON.jpg 2 7 29 15 7 16 20 12 18 9 18 14 17 20 18 15 17 16 21 15 13 16 32 16 16 16 16 16 32 16 16 16 16 16
22579847_301f1776aebbf5d2_MG_R_CC_ANON.jpg 2 7 3 18 4 13 20 20 17 26 15 14 16 16 15 13 14 15 9 15 18 14 32 16 16 16 16 16 32 16 16 16 16 16
22579870_301f1776aebbf5d2_MG_L_CC_ANON.jpg 4 6 28 18 5 19 19 12 17 6 14 15 14 16 16 13 16 15 21 16 14 14 32 16 16 16 16 16 32 16 16 16 16 16
22579893_301f1776aebbf5d2_MG_R_ML_ANON.jpg 2 9 1 16 6 13 18 21 20 22 21 14 12 20 13 13 15 15 11 14 18 18 32 16 16 16 16 16 32 16 16 16 16 16
22579916_301f1776aebbf5d2_MG_L_ML_ANON.jpg 4 6 28 16 8 17 20 11 19 9 20 15 19 17 18 12 15 16 19 15 14 17 32 16 16 16 16 16 32 16 16 16 16 16
22580015_6200187f3f1ccc18_MG_R_CC_ANON.jpg 2 5 5 17 8 14 18 18 16 22 15 14 15 17 16 15 14 16 12 17 18 15 32 16 16 16 16 16 32 16 16 16 16 16
22580038_6200187f3f1ccc18_MG_L_CC_ANON.jpg 5 6 27 18 7 18 17 12 16 9 15 14 16 19 15 15 16 15 20 17 13 15 32 16 16 16 16 16 32 16 16 16 16 16
22580068_6200187f3f1ccc18_MG_R_ML_ANON.jpg 2 6 4 20 10 11 17 19 17 19 18 16 13 18 16 15 15 14 14 16 16 15 32 16 16 16 16 16 32 16 16 16 16 16
22580098_6200187f3f1ccc18_MG_L_ML_ANON.jpg 5 6 27 20 7 21 15 13 18 11 18 15 18 21 15 16 16 15 17 16 14 15 32 16 16 16 16 16 32 16 16 16 16 16
22580192_5530d5782fc89dd7_MG_R_CC_ANON.jpg 3 8 2 18 4 13 17 20 16 25 15 12 15 20 16 16 14 15 11 17 21 15 32 16 16 16 16 16 32 16 16 16 16 16
22580218_5530d5782fc89dd7_MG_L_CC_ANON.jpg 1 8 29 13 4 13 17 11 16 6 16 12 15 20 16 16 17 15 20 14 10 16 32 16 16 16 16 16 32 16 16 16 16 16
22580244_5530d5782fc89dd7_MG_R_ML_ANON.jpg 3 12 1 21 5 8 14 19 21 21 20 14 12 23 15 17 15 14 14 16 18 16 32 16 16 16 16 16 32 16 16 16 16 16
22580270_5530d5782fc89dd7_MG_L_ML_ANON.jpg 1 11 30 16 5 19 16 12 22 9 20 12 18 22 18 17 16 14 19 15 12 18 32 16 16 16 16 16 32 16 16 16 16 16
22580341_5eae9beae14d26fd_MG_R_CC_ANON.jpg 2 6 3 16 6 15 24 15 16 25 15 15 16 12 16 13 17 15 12 16 18 16 32 16 16 16 16 16 32 16 16 16 16 16
22580367_5eae9beae14d26fd_MG_L_CC_ANON.jpg 2 5 28 15 6 15 23 15 16 6 16 15 16 13 16 13 14 16 19 15 13 16 32 16 16 16 16 16 32 16 16 16 16 16
22580393_5eae9beae14d26fd_MG_R_ML_ANON.jpg 2 7 2 24 7 7 23 18 19 24 16 17 14 15 17 11 16 14 12 18 14 14 32 16 16 16 16 16 32 16 16 16 16 16
22580419_5eae9beae14d26fd_MG_L_ML_ANON.jpg 2 7 30 23 8 23 23 12 18 8 18 16 19 15 14 11 15 14 19 18 16 15 32 16 16 16 16 16 32 16 16 16 16 16
22580492_2a5b932da4ce5ca1_MG_R_CC_ANON.jpg 2 6 3 19 6 12 24 16 17 25 15 14 16 14 15 13 16 15 11 17 19 14 32 16 16 16 16 16 32 16 16 16 16 16
22580520_2a5b932da4ce5ca1_MG_L_CC_ANON.jpg 5 6 28 20 6 21 22 14 17 7 13 14 14 15 15 12 14 15 19 17 13 14 32 16 16 16 16 16 32 16 16 16 16 16
22580548_2a5b932da4ce5ca1_MG_R_ML_ANON.jpg 2 8 1 20 9 11 23 20 18 21 20 15 12 17 16 11 15 14 12 15 17 17 32 16 16 16 16 16 32 16 16 16 16 16
22580576_2a5b932da4ce5ca1_MG_L_ML_ANON.jpg 5 7 29 20 7 21 21 11 18 9 17 14 18 19 15 13 16 14 21 17 13 17 32 16 16 16 16 16 32 16 16 16 16 16
22580654_fe7d005dcbbfb46d_MG_R_CC_ANON.jpg 5 6 3 17 6 14 23 16 17 26 16 15 15 12 15 13 17 16 13 16 17 14 32 16 16 16 16 16 32 16 16 16 16 16
22580680_fe7d005dcbbfb46d_MG_L_CC_ANON.jpg 2 5 28 19 7 19 24 17 17 6 14 15 14 11 16 13 14 15 17 16 14 14 32 16 16 16 16 16 32 16 16 16 16 16
22580706_fe7d005dcbbfb46d_MG_R_ML_ANON.jpg 5 7 2 13 14 17 22 18 18 17 20 14 13 16 12 13 15 17 14 14 17 18 32 16 16 16 16 16 32 16 16 16 16 16
22580732_fe7d005dcbbfb46d_MG_L_ML_ANON.jpg 2 6 29 15 10 16 25 18 18 10 19 14 19 15 18 14 14 17 19 16 14 16 32 16 16 16 16 16 32 16 16 16 16 16
22613624_dcafa6ba6374ec07_MG_R_CC_ANON.jpg 2 6 3 20 5 11 20 19 17 26 12 15 18 15 16 13 15 15 11 16 17 13 32 16 16 16 16 16 32 16 16 16 16 16
22613650_dcafa6ba6374ec07_MG_L_CC_ANON.jpg 6 5 26 18 6 18 21 15 17 6 14 16 14 13 16 14 15 16 18 15 15 14 32 16 16 16 16 16 32 16 16 16 16 16
22613676_dcafa6ba6374ec07_MG_R_ML_ANON.jpg 2 6 4 15 5 15 17 18 19 24 18 16 14 18 12 16 14 17 11 14 17 16 32 16 16 16 16 16 32 16 16 16 16 16
22613702_dcafa6ba6374ec07_MG_L_ML_ANON.jpg 6 5 28 16 7 17 23 16 19 7 18 16 17 15 19 14 15 18 19 14 15 15 32 16 16 16 16 16 32 16 16 16 16 16
22613770_45c7f44839fd9e68_MG_R_CC_ANON.jpg 5 5 4 16 6 15 20 18 17 25 15 15 16 14 15 13 16 16 12 15 17 15 32 16 16 16 16 16 32 16 16 16 16 16
22613796_45c7f44839fd9e68_MG_L_CC_ANON.jpg 2 6 28 16 5 16 19 12 17 5 16 15 15 16 16 14 17 16 21 15 13 15 32 16 16 16 16 16 32 16 16 16 16 16
22613822_45c7f44839fd9e68_MG_R_ML_ANON.jpg 5 6 3 20 7 10 21 18 19 24 15 16 15 16 14 13 16 16 11 17 16 14 32 16 16 16 16 16 32 16 16 16 16 16
22613848_45c7f44839fd9e68_MG_L_ML_ANON.jpg 1 6 28 17 7 18 23 14 20 8 19 15 19 17 19 13 16 17 20 16 14 16 32 16 16 16 16 16 32 16 16 16 16 16
22613918_f23fa352e7de3dc7_MG_R_CC_ANON.jpg 4 6 3 15 6 16 24 15 16 25 16 14 15 13 15 13 17 16 12 15 18 16 32 16 16 16 16 16 32 16 16 16 16 16
22613944_f23fa352e7de3dc7_MG_L_CC_ANON.jpg 1 6 28 12 7 11 24 17 14 7 17 15 16 13 15 14 14 16 19 14 14 16 32 16 16 16 16 16 32 16 16 16 16 16
22613970_f23fa352e7de3dc7_MG_R_ML_ANON.jpg 4 7 1 19 9 11 24 17 19 21 19 14 12 17 14 12 16 15 11 17 18 16 32 16 16 16 16 16 32 16 16 16 16 16
22613996_f23fa352e7de3dc7_MG_L_ML_ANON.jpg 1 6 29 19 9 20 24 15 18 9 19 15 19 16 16 12 14 15 19 17 15 16 32 16 16 16 16 16 32 16 16 16 16 16
22614074_6bd24a0a42c19ce1_MG_R_CC_ANON.jpg 5 7 5 17 7 13 13 15 16 18 17 13 15 21 16 17 16 15 16 16 18 16 32 16 16 16 16 16 32 16 16 16 16 16
22614097_6bd24a0a42c19ce1_MG_L_CC_ANON.jpg 2 7 26 18 6 18 11 16 16 14 17 12 17 21 16 16 15 16 14 17 12 16 32 16 16 16 16 16 32 16 16 16 16 16
22614127_6bd24a0a42c19ce1_MG_R_ML_ANON.jpg 5 12 2 19 6 10 11 18 19 18 20 13 13 23 16 18 16 14 16 16 18 17 32 16 16 16 16 16 32 16 16 16 16 16
22614150_6bd24a0a42c19ce1_MG_L_ML_ANON.jpg 2 7 27 17 7 20 12 14 20 12 20 14 17 21 15 16 15 14 15 15 14 16 32 16 16 16 16 16 32 16 16 16 16 16
22614236_1e5c3af078f74b05_MG_L_CC_ANON.jpg 5 6 28 18 6 18 22 14 16 7 15 13 16 15 16 13 15 16 20 17 12 15 32 16 16 16 16 16 32 16 16 16 16 16
22614266_1e5c3af078f74b05_MG_L_ML_ANON.jpg 5 7 29 22 10 22 20 12 17 11 19 14 19 17 15 14 17 15 18 16 14 16 32 16 16 16 16 16 32 16 16 16 16 16
22614353_d065adcb9905b973_MG_R_CC_ANON.jpg 2 7 2 17 6 14 19 19 16 24 16 12 15 19 15 15 14 15 10 16 20 15 32 16 16 16 16 16 32 16 16 16 16 16
22614379_d065adcb9905b973_MG_L_CC_ANON.jpg 5 7 29 17 7 16 18 11 15 10 16 12 17 21 15 15 17 16 20 17 12 16 32 16 16 16 16 16 32 16 16 16 16 16
22614405_d065adcb9905b973_MG_R_ML_ANON.jpg 2 7 3 21 8 10 14 19 16 19 18 14 13 20 17 17 15 16 15 16 18 16 32 16 16 16 16 16 32 16 16 16 16 16
22614431_d065adcb9905b973_MG_L_ML_ANON.jpg 5 10 29 21 7 20 14 11 16 12 19 13 19 21 14 18 17 16 16 16 12 17 32 16 16 16 16 16 32 16 16 16 16 16
22614499_2dec4948fbe6336d_MG_R_CC_ANON.jpg 2 6 3 17 7 14 21 19 17 23 15 13 16 18 15 14 14 16 10 16 19 16 32 16 16 16 16 16 32 16 16 16 16 16
22614522_2dec4948fbe6336d_MG_L_CC_ANON.jpg 4 9 30 17 6 17 18 10 16 9 16 12 16 21 15 14 17 15 21 16 12 16 32 16 16 16 16 16 32 16 16 16 16 16
22614545_2dec4948fbe6336d_MG_R_ML_ANON.jpg 2 8 2 17 7 13 16 21 17 20 17 14 14 21 16 15 15 15 12 16 18 17 32 16 16 16 16 16 32 16 16 16 16 16
22614568_2dec4948fbe6336d_MG_L_ML_ANON.jpg 4 10 30 14 8 16 17 10 18 12 18 14 17 22 17 15 17 15 19 14 14 16 32 16 16 16 16 16 32 16 16 16 16 16
22670094_e1f51192f7bf3f5f_MG_R_CC_ANON.jpg 6 6 3 21 5 11 19 18 16 25 12 14 17 16 16 15 14 16 11 18 18 13 32 16 16 16 16 16 32 16 16 16 16 16
22670124_e1f51192f7bf3f5f_MG_L_CC_ANON.jpg 2 6 28 20 6 20 19 13 16 7 14 14 15 17 15 15 16 16 20 18 13 14 32 16 16 16 16 16 32 16 16 16 16 16
22670147_e1f51192f7bf3f5f_MG_R_ML_ANON.jpg 6 7 3 17 6 13 21 17 21 24 20 15 12 18 12 16 14 16 11 14 17 16 32 16 16 16 16 16 32 16 16 16 16 16
22670177_e1f51192f7bf3f5f_MG_L_ML_ANON.jpg 2 6 28 19 7 21 20 14 20 8 18 16 18 19 18 15 16 15 20 16 15 14 32 16 16 16 16 16 32 16 16 16 16 16
22670278_98429c0bdf78c0c7_MG_R_CC_ANON.jpg 4 5 4 15 8 16 20 17 16 22 16 14 15 16 15 14 15 16 12 15 18 16 32 16 16 16 16 16 32 16 16 16 16 16
22670301_98429c0bdf78c0c7_MG_L_CC_ANON.jpg 2 6 29 14 6 14 23 14 15 7 16 13 16 15 16 13 15 16 20 15 12 16 32 16 16 16 16 16 32 16 16 16 16 16
22670324_98429c0bdf78c0c7_MG_R_ML_ANON.jpg 4 5 4 19 10 12 20 18 17 20 18 14 13 17 15 13 15 15 12 17 17 16 32 16 16 16 16 16 32 16 16 16 16 16
22670347_98429c0bdf78c0c7_MG_L_ML_ANON.jpg 2 7 29 20 7 21 22 12 18 8 18 15 18 17 16 12 16 15 20 17 14 15 32 16 16 16 16 16 32 16 16 16 16 16
22670442_7e677f3d530e41ed_MG_R_CC_ANON.jpg 1 5 3 18 7 12 25 12 17 25 14 14 17 11 15 15 17 15 15 16 17 15 32 16 16 16 16 16 32 16 16 16 16 16
22670465_7e677f3d530e41ed_MG_L_CC_ANON.jpg 5 5 28 16 7 16 22 15 16 8 17 14 17 15 16 13 14 16 19 16 13 15 32 16 16 16 16 16 32 16 16 16 16 16
22670488_7e677f3d530e41ed_MG_R_ML_ANON.jpg 1 7 2 20 7 10 22 19 17 22 18 15 13 18 17 12 15 14 10 17 17 16 32 16 16 16 16 16 32 16 16 16 16 16
22670511_7e677f3d530e41ed_MG_L_ML_ANON.jpg 5 7 29 18 10 18 22 12 17 12 19 15 18 17 16 13 16 15 19 15 15 16 32 16 16 16 16 16 32 16 16 16 16 16
22670620_e15a16f87b4f9782_MG_R_CC_ANON.jpg 2 7 2 16 5 14 21 19 17 26 16 13 16 17 15 14 14 16 10 15 20 15 32 16 16 16 16 16 32 16 16 16 16 16
22670643_e15a16f87b4f9782_MG_L_CC_ANON.jpg 1 6 28 18 5 18 19 12 16 6 15 14 15 17 15 14 17 15 20 16 12 14 32 16 16 16 16 16 32 16 16 16 16 16
22670673_e15a16f87b4f9782_MG_R_ML_ANON.jpg 2 8 2 18 7 11 20 18 19 22 18 14 13 20 13 16 14 16 10 17 18 17 32 16 16 16 16 16 32 16 16 16 16 16
22670703_e15a16f87b4f9782_MG_L_ML_ANON.jpg 1 6 28 15 9 17 20 14 20 11 19 14 18 19 19 15 17 16 20 15 14 17 32 16 16 16 16 16 32 16 16 16 16 16
22670809_0b7396cdccacca82_MG_R_CC_ANON.jpg 4 4 7 16 10 15 21 15 16 22 16 15 15 13 15 14 16 16 15 15 17 15 32 16 16 16 16 16 32 16 16 16 16 16
22670832_0b7396cdccacca82_MG_L_CC_ANON.jpg 2 6 29 17 5 17 23 14 16 5 15 14 15 13 16 13 16 16 20 16 13 14 32 16 16 16 16 16 32 16 16 16 16 16
22670855_0b7396cdccacca82_MG_R_ML_ANON.jpg 5 4 5 21 11 10 20 17 18 20 16 16 15 16 15 14 16 15 13 17 15 15 32 16 16 16 16 16 32 16 16 16 16 16
22670878_0b7396cdccacca82_MG_L_ML_ANON.jpg 2 5 28 20 8 21 23 15 19 8 16 16 17 15 17 13 15 16 19 17 16 14 32 16 16 16 16 16 32 16 16 16 16 16
22670978_f571fd4e63c718e3_MG_L_CC_ANON.jpg 4 6 28 12 6 12 23 15 15 5 18 14 18 12 17 13 14 17 18 14 13 17 32 16 16 16 16 16 32 16 16 16 16 16
22671003_f571fd4e63c718e3_MG_L_ML_ANON.jpg 4 6 29 20 6 21 24 14 20 6 17 15 17 15 17 12 14 16 21 17 15 14 32 16 16 16 16 16 32 16 16 16 16 16
22678449_60995d51033e24b8_MG_R_CC_ANON.jpg 2 4 5 17 9 13 21 16 17 22 15 14 16 15 15 14 16 15 13 16 17 15 32 16 16 16 16 16 32 16 16 16 16 16
22678472_60995d51033e24b8_MG_L_CC_ANON.jpg 2 4 25 18 9 18 22 16 17 9 14 15 15 13 15 14 14 15 17 16 14 15 32 16 16 16 16 16 32 16 16 16 16 16
22678495_60995d51033e24b8_MG_R_ML_ANON.jpg 2 6 3 18 11 12 21 18 17 18 17 15 14 18 16 14 15 14 13 16 17 16 32 16 16 16 16 16 32 16 16 16 16 16
22678518_60995d51033e24b8_MG_L_ML_ANON.jpg 2 6 28 17 10 17 24 16 16 11 17 16 17 17 15 14 15 15 20 16 15 16 32 16 16 16 16 16 32 16 16 16 16 16
22678622_61b13c59bcba149e_MG_R_CC_ANON.jpg 1 4 6 16 8 15 23 11 16 24 15 17 16 9 15 17 16 16 19 15 14 16 32 16 16 16 16 16 32 16 16 16 16 16
22678646_61b13c59bcba149e_MG_L_CC_ANON.jpg 3 4 26 14 7 14 24 19 14 6 17 16 17 9 15 16 14 16 13 16 16 16 32 16 16 16 16 16 32 16 16 16 16 16
22678670_61b13c59bcba149e_MG_R_ML_ANON.jpg 1 5 3 21 9 9 26 10 21 23 16 16 14 12 12 16 17 17 15 17 15 15 32 16 16 16 16 16 32 16 16 16 16 16
22678694_61b13c59bcba149e_MG_L_ML_ANON.jpg 3 5 28 20 8 21 26 22 20 7 17 16 18 12 18 17 14 17 16 17 16 15 32 16 16 16 16 16 32 16 16 16 16 16
22678787_64a22c47765f0c5c_MG_R_CC_ANON.jpg 2 6 4 18 6 14 14 19 15 22 14 13 16 20 16 17 15 15 13 17 19 14 32 16 16 16 16 16 32 16 16 16 16 16
22678810_64a22c47765f0c5c_MG_L_CC_ANON.jpg 2 4 25 18 8 18 18 13 16 8 14 15 14 16 15 14 16 15 19 17 14 15 32 16 16 16 16 16 32 16 16 16 16 16
22678833_64a22c47765f0c5c_MG_R_ML_ANON.jpg 2 7 3 15 7 14 15 18 19 20 19 14 13 23 14 18 15 15 12 15 18 17 32 16 16 16 16 16 32 16 16 16 16 16
22678856_64a22c47765f0c5c_MG_L_ML_ANON.jpg 2 5 26 16 8 17 17 13 18 10 18 15 17 18 17 15 17 16 19 14 15 15 32 16 16 16 16 16 32 16 16 16 16 16
22678953_b9a4da5f2dae63a9_MG_R_CC_ANON.jpg 4 5 4 16 6 15 22 17 16 25 15 15 16 14 16 13 16 15 12 16 18 15 32 16 16 16 16 16 32 16 16 16 16 16
22678980_b9a4da5f2dae63a9_MG_L_CC_ANON.jpg 2 6 28 15 5 15 20 13 16 6 16 14 16 16 17 14 16 16 20 14 12 16 32 16 16 16 16 16 32 16 16 16 16 16
22679008_b9a4da5f2dae63a9_MG_R_ML_ANON.jpg 4 6 3 17 9 13 21 19 20 20 19 14 12 18 12 14 15 16 11 15 18 17 32 16 16 16 16 16 32 16 16 16 16 16
22679036_b9a4da5f2dae63a9_MG_L_ML_ANON.jpg 2 6 28 16 9 18 20 13 19 11 19 14 18 18 19 14 16 16 19 15 14 17 32 16 16 16 16 16 32 16 16 16 16 16
24054997_2f1104b3cda7f145_MG_L_ML_ANON.jpg 1 6 28 15 7 16 25 18 18 7 19 15 19 13 19 14 15 19 19 16 14 16 32 16 16 16 16 16 32 16 16 16 16 16
24055024_2f1104b3cda7f145_MG_R_ML_ANON.jpg 2 5 3 22 8 7 25 13 21 24 13 18 18 13 13 14 18 16 14 16 13 15 32 16 16 16 16 16 32 16 16 16 16 16
24055051_2f1104b3cda7f145_MG_L_CC_ANON.jpg 1 5 27 12 6 11 24 18 13 6 19 16 19 10 15 14 14 16 15 17 16 17 32 16 16 16 16 16 32 16 16 16 16 16
24055078_2f1104b3cda7f145_MG_R_CC_ANON.jpg 2 5 4 22 8 7 24 13 20 24 9 15 22 12 14 14 17 15 15 13 16 15 32 16 16 16 16 16 32 16 16 16 16 16
24055149_606e9b184978a350_MG_L_ML_ANON.jpg 5 6 28 16 8 18 19 11 19 10 19 15 19 19 18 13 16 15 21 15 14 17 32 16 16 16 16 16 32 16 16 16 16 16
24055176_606e9b184978a350_MG_R_ML_ANON.jpg 2 7 2 20 7 10 24 18 19 23 19 16 12 16 14 11 17 15 11 17 16 15 32 16 16 16 16 16 32 16 16 16 16 16
24055203_606e9b184978a350_MG_L_CC_ANON.jpg 5 5 27 12 7 13 19 13 15 7 17 15 16 16 17 14 16 16 20 14 14 17 32 16 16 16 16 16 32 16 16 16 16 16
24055274_1e10aef17c9fe149_MG_L_ML_ANON.jpg 5 6 28 20 9 20 18 12 18 11 18 14 18 18 16 14 17 15 19 17 14 15 32 16 16 16 16 16 32 16 16 16 16 16
24055328_1e10aef17c9fe149_MG_R_ML_ANON.jpg 3 6 3 22 9 9 18 20 17 20 17 15 13 18 16 15 14 15 13 18 16 15 32 16 16 16 16 16 32 16 16 16 16 16
24055355_1e10aef17c9fe149_MG_L_CC_ANON.jpg 5 7 29 11 6 12 20 12 17 7 17 12 15 18 18 14 17 16 20 12 11 17 32 16 16 16 16 16 32 16 16 16 16 16
24055382_1e10aef17c9fe149_MG_R_CC_ANON.jpg 3 6 3 18 8 13 20 18 17 22 16 13 15 17 15 14 15 16 12 17 18 15 32 16 16 16 16 16 32 16 16 16 16 16
24055445_ac3185e18ffdc7b6_MG_L_ML_ANON.jpg 4 10 30 20 7 20 17 10 18 11 19 13 19 20 16 15 17 15 18 16 12 17 32 16 16 16 16 16 32 16 16 16 16 16
24055464_ac3185e18ffdc7b6_MG_R_ML_ANON.jpg 4 16 0 19 6 10 15 23 20 20 21 12 11 23 15 17 14 14 14 16 19 18 32 16 16 16 16 16 32 16 16 16 16 16
24055483_ac3185e18ffdc7b6_MG_L_CC_ANON.jpg 4 8 29 14 7 15 17 12 18 10 17 12 15 20 17 16 17 15 19 14 12 16 32 16 16 16 16 16 32 16 16 16 16 16
24055502_ac3185e18ffdc7b6_MG_R_CC_ANON.jpg 4 11 0 12 4 18 21 20 16 25 16 11 16 19 14 15 13 16 9 13 21 16 32 16 16 16 16 16 32 16 16 16 16 16
24055573_6f1aef40b3775182_MG_L_ML_ANON.jpg 2 5 26 19 8 20 18 13 19 10 17 16 17 17 17 14 16 15 19 16 16 15 32 16 16 16 16 16 32 16 16 16 16 16
24055600_6f1aef40b3775182_MG_R_ML_ANON.jpg 4 6 3 21 7 9 21 18 19 23 17 16 14 17 15 13 15 15 11 18 15 14 32 16 16 16 16 16 32 16 16 16 16 16
24055627_6f1aef40b3775182_MG_L_CC_ANON.jpg 2 6 28 13 5 14 21 13 15 5 17 15 16 14 16 14 16 16 19 14 14 17 32 16 16 16 16 16 32 16 16 16 16 16
24055654_6f1aef40b3775182_MG_R_CC_ANON.jpg 4 6 3 17 5 13 21 17 17 26 14 15 17 13 15 13 15 16 12 15 17 14 32 16 16 16 16 16 32 16 16 16 16 16
24055725_f0f1a133837b5137_MG_L_ML_ANON.jpg 2 10 30 18 9 18 18 8 17 11 20 14 18 20 15 14 18 15 19 14 14 17 32 16 16 16 16 16 32 16 16 16 16 16
24055752_f0f1a133837b5137_MG_R_ML_ANON.jpg 2 9 1 20 7 11 17 22 16 20 19 14 12 21 17 14 14 15 11 16 18 17 32 16 16 16 16 16 32 16 16 16 16 16
24055779_f0f1a133837b5137_MG_L_CC_ANON.jpg 2 7 29 13 7 14 19 11 16 8 16 14 15 19 17 13 16 16 21 13 12 16 32 16 16 16 16 16 32 16 16 16 16 16
24055806_f0f1a133837b5137_MG_R_CC_ANON.jpg 2 6 3 18 6 13 24 15 17 25 15 15 16 13 15 13 17 15 12 16 18 15 32 16 16 16 16 16 32 16 16 16 16 16
24055877_839819f2eadaf325_MG_L_ML_ANON.jpg 2 6 26 18 7 20 13 14 18 12 17 15 16 20 16 17 15 15 16 16 14 15 32 16 16 16 16 16 32 16 16 16 16 16
24055904_839819f2eadaf325_MG_R_ML_ANON.jpg 2 6 4 21 7 10 13 17 17 19 17 15 14 20 15 17 16 16 16 17 17 15 32 16 16 16 16 16 32 16 16 16 16 16
24055931_839819f2eadaf325_MG_L_CC_ANON.jpg 2 12 30 10 3 13 11 12 19 7 18 10 14 22 16 18 15 14 17 12 9 18 32 16 16 16 16 16 32 16 16 16 16 16
24055958_839819f2eadaf325_MG_R_CC_ANON.jpg 2 6 5 16 7 15 14 18 16 21 16 12 15 20 16 17 15 15 14 16 20 15 32 16 16 16 16 16 32 16 16 16 16 16
24058660_9e8db9e34d5275ef_MG_R_CC_ANON.jpg 2 9 2 16 4 15 15 20 16 24 16 11 15 21 15 17 14 15 12 15 22 16 32 16 16 16 16 16 32 16 16 16 16 16
24058686_9e8db9e34d5275ef_MG_L_CC_ANON.jpg 4 10 30 15 4 16 14 10 16 7 16 10 16 21 16 17 17 16 19 16 9 16 32 16 16 16 16 16 32 16 16 16 16 16
24058712_9e8db9e34d5275ef_MG_R_ML_ANON.jpg 2 8 3 19 6 11 15 18 19 21 18 14 13 22 14 17 15 16 13 17 18 16 32 16 16 16 16 16 32 16 16 16 16 16
24058738_9e8db9e34d5275ef_MG_L_ML_ANON.jpg 4 6 27 21 9 21 14 13 17 12 17 15 18 19 16 17 16 16 16 17 14 15 32 16 16 16 16 16 32 16 16 16 16 16
24065251_c4b995eddb3c510c_MG_L_ML_ANON.jpg 5 5 27 22 10 22 21 13 18 11 16 16 17 16 14 13 15 14 18 18 16 15 32 16 16 16 16 16 32 16 16 16 16 16
24065270_c4b995eddb3c510c_MG_R_ML_ANON.jpg 1 8 1 23 7 7 25 18 19 23 18 16 12 17 16 12 16 13 11 18 16 15 32 16 16 16 16 16 32 16 16 16 16 16
24065289_c4b995eddb3c510c_MG_L_CC_ANON.jpg 5 6 28 9 7 8 24 17 12 7 19 15 18 12 16 13 14 17 17 14 15 17 32 16 16 16 16 16 32 16 16 16 16 16
24065308_c4b995eddb3c510c_MG_R_CC_ANON.jpg 1 6 3 14 7 18 23 16 15 24 15 14 16 15 15 13 16 16 11 14 19 16 32 16 16 16 16 16 32 16 16 16 16 16
24065380_83db89f57aea498a_MG_L_ML_ANON.jpg 2 6 27 14 10 16 16 13 19 13 17 14 16 19 18 16 16 16 18 15 14 17 32 16 16 16 16 16 32 16 16 16 16 16
24065407_83db89f57aea498a_MG_R_ML_ANON.jpg 4 7 3 14 7 15 16 19 20 20 18 14 15 20 13 17 14 16 12 15 17 17 32 16 16 16 16 16 32 16 16 16 16 16
24065434_83db89f57aea498a_MG_L_CC_ANON.jpg 2 7 28 12 6 12 18 12 16 8 16 13 15 18 17 15 17 16 19 13 12 17 32 16 16 16 16 16 32 16 16 16 16 16
24065461_83db89f57aea498a_MG_R_CC_ANON.jpg 4 7 2 17 5 14 17 20 17 25 16 13 15 19 15 15 15 15 11 15 20 15 32 16 16 16 16 16 32 16 16 16 16 16
24065530_d8205a09c8173f44_MG_L_ML_ANON.jpg 4 7 29 13 7 14 23 14 18 9 20 14 19 19 18 15 16 16 21 14 13 16 32 16 16 16 16 16 32 16 16 16 16 16
24065557_d8205a09c8173f44_MG_R_ML_ANON.jpg 2 8 1 18 7 12 22 19 18 22 18 14 13 20 16 13 14 14 9 16 18 16 32 16 16 16 16 16 32 16 16 16 16 16
24065584_d8205a09c8173f44_MG_L_CC_ANON.jpg 4 5 27 12 9 11 24 18 13 8 17 15 17 13 15 15 15 16 17 15 14 16 32 16 16 16 16 16 32 16 16 16 16 16
24065611_d8205a09c8173f44_MG_R_CC_ANON.jpg 2 6 2 18 6 13 23 17 16 25 15 14 16 16 16 13 15 15 10 17 19 15 32 16 16 16 16 16 32 16 16 16 16 16
24065680_5291e1aee2bbf5df_MG_L_ML_ANON.jpg 2 4 25 18 12 19 22 18 18 11 17 16 17 14 17 15 15 16 17 17 16 15 32 16 16 16 16 16 32 16 16 16 16 16
24065707_5291e1aee2bbf5df_MG_R_ML_ANON.jpg 5 4 6 19 12 11 23 13 19 19 17 16 14 15 14 15 17 16 14 17 15 15 32 16 16 16 16 16 32 16 16 16 16 16
24065734_5291e1aee2bbf5df_MG_L_CC_ANON.jpg 2 4 26 16 8 17 24 19 16 7 15 16 15 10 16 16 15 16 14 15 15 15 32 16 16 16 16 16 32 16 16 16 16 16
24065761_5291e1aee2bbf5df_MG_R_CC_ANON.jpg 5 4 5 19 8 12 24 11 18 24 14 16 18 10 14 16 17 16 17 15 16 14 32 16 16 16 16 16 32 16 16 16 16 16
24065833_c01f83a1eb283270_MG_L_ML_ANON.jpg 2 8 29 15 8 17 18 11 19 11 19 13 17 20 17 15 17 14 19 14 14 17 32 16 16 16 16 16 32 16 16 16 16 16
24065860_c01f83a1eb283270_MG_R_ML_ANON.jpg 2 11 1 20 5 11 14 22 18 22 18 13 13 22 15 16 15 15 12 16 19 17 32 16 16 16 16 16 32 16 16 16 16 16
24065887_c01f83a1eb283270_MG_L_CC_ANON.jpg 2 7 29 16 6 17 20 12 17 7 16 13 16 18 17 14 17 16 21 16 11 15 32 16 16 16 16 16 32 16 16 16 16 16
24065914_c01f83a1eb283270_MG_R_CC_ANON.jpg 2 7 2 17 5 14 21 19 17 25 16 13 15 17 15 13 14 16 10 16 20 15 32 16 16 16 16 16 32 16 16 16 16 16
26933772_f8bfddc28e8045c0_MG_R_CC_ANON.jpg 2 3 7 15 10 16 22 11 16 23 16 16 16 10 16 17 15 16 18 15 15 16 32 16 16 16 16 16 32 16 16 16 16 16
26933801_f8bfddc28e8045c0_MG_L_CC_ANON.jpg 4 4 26 14 8 14 24 21 14 7 17 15 18 10 15 17 15 16 13 16 14 16 32 16 16 16 16 16 32 16 16 16 16 16
26933830_f8bfddc28e8045c0_MG_R_ML_ANON.jpg 2 4 5 20 11 10 24 13 19 21 16 17 15 14 15 14 17 15 15 17 14 15 32 16 16 16 16 16 32 16 16 16 16 16
26933859_f8bfddc28e8045c0_MG_L_ML_ANON.jpg 4 5 28 22 10 23 24 17 19 9 16 17 16 13 15 13 14 14 16 17 17 15 32 16 16 16 16 16 32 16 16 16 16 16
27829134_fbb55bf7fff48540_MG_R_CC_ANON.jpg 5 5 4 16 6 14 20 18 16 25 15 15 16 14 15 14 15 16 12 15 17 14 32 16 16 16 16 16 32 16 16 16 16 16
27829161_fbb55bf7fff48540_MG_L_CC_ANON.jpg 1 6 28 16 5 17 22 14 16 5 15 14 15 14 16 13 16 16 20 16 13 15 32 16 16 16 16 16 32 16 16 16 16 16
27829188_fbb55bf7fff48540_MG_R_ML_ANON.jpg 5 7 2 21 8 9 20 19 19 21 18 17 14 19 16 14 14 14 11 15 15 15 32 16 16 16 16 16 32 16 16 16 16 16
27829215_fbb55bf7fff48540_MG_L_ML_ANON.jpg 1 7 29 20 8 21 20 12 19 10 18 15 18 19 17 14 17 15 20 16 14 15 32 16 16 16 16 16 32 16 16 16 16 16
30011484_349323117bf0fd93_MG_R_CC_ANON.jpg 2 4 5 15 8 16 24 11 15 24 16 14 15 11 15 16 17 16 16 16 18 16 32 16 16 16 16 16 32 16 16 16 16 16
30011507_349323117bf0fd93_MG_L_CC_ANON.jpg 4 4 25 15 9 15 23 19 15 8 16 15 16 11 16 16 14 16 15 16 14 16 32 16 16 16 16 16 32 16 16 16 16 16
30011530_349323117bf0fd93_MG_R_ML_ANON.jpg 2 7 2 22 12 9 26 14 18 19 17 15 13 15 18 12 17 12 13 17 16 16 32 16 16 16 16 16 32 16 16 16 16 16
30011553_349323117bf0fd93_MG_L_ML_ANON.jpg 4 6 29 18 13 18 26 18 17 13 17 15 17 16 15 13 14 14 18 16 15 16 32 16 16 16 16 16 32 16 16 16 16 16
30011647_6968748e66837bc7_MG_R_CC_ANON.jpg 2 7 3 20 6 11 18 20 16 24 15 14 15 18 16 15 13 15 10 18 18 14 32 16 16 16 16 16 32 16 16 16 16 16
30011674_6968748e66837bc7_MG_L_CC_ANON.jpg 5 6 28 19 6 19 15 11 16 8 15 14 16 20 15 16 17 15 20 17 13 14 32 16 16 16 16 16 32 16 16 16 16 16
30011700_6968748e66837bc7_MG_R_ML_ANON.jpg 2 10 1 23 6 8 16 22 18 21 19 15 12 21 16 16 14 15 13 17 18 15 32 16 16 16 16 16 32 16 16 16 16 16
30011727_6968748e66837bc7_MG_L_ML_ANON.jpg 5 9 29 20 7 21 16 9 19 11 20 14 19 20 16 15 17 14 18 15 13 17 32 16 16 16 16 16 32 16 16 16 16 16
30011798_4f20c1285d8f0b1f_MG_R_CC_ANON.jpg 2 5 3 16 6 15 22 16 16 25 15 15 16 14 15 13 16 16 12 15 18 16 32 16 16 16 16 16 32 16 16 16 16 16
30011824_4f20c1285d8f0b1f_MG_L_CC_ANON.jpg 4 6 28 17 6 17 19 12 16 6 14 14 15 17 15 14 17 15 21 17 12 16 32 16 16 16 16 16 32 16 16 16 16 16
30011850_4f20c1285d8f0b1f_MG_R_ML_ANON.jpg 2 6 3 20 8 10 23 17 19 22 18 16 13 16 14 13 16 16 11 17 16 15 32 16 16 16 16 16 32 16 16 16 16 16
30318067_4f20c1285d8f0b1f_MG_L_ML_ANON.jpg 4 6 28 19 8 20 18 12 18 11 18 15 18 19 16 15 17 14 19 15 15 15 32 16 16 16 16 16 32 16 16 16 16 16
50993399_5d85ecc9cf26b254_MG_L_ML_ANON.jpg 2 7 28 15 10 16 16 11 18 13 18 14 17 20 16 15 17 14 18 15 14 16 32 16 16 16 16 16 32 16 16 16 16 16
50993426_5d85ecc9cf26b254_MG_L_CC_ANON.jpg 2 7 28 15 8 15 17 12 16 12 15 13 15 21 16 15 17 15 20 15 13 16 32 16 16 16 16 16 32 16 16 16 16 16
50993616_b03f1dd34eb3c55f_MG_L_ML_ANON.jpg 2 10 29 15 12 17 12 11 18 15 19 14 16 19 14 18 16 15 15 13 15 17 32 16 16 16 16 16 32 16 16 16 16 16
50993643_b03f1dd34eb3c55f_MG_L_CC_ANON.jpg 2 6 28 14 8 15 18 13 16 11 15 15 15 19 16 15 16 16 20 15 13 16 32 16 16 16 16 16 32 16 16 16 16 16
50993670_b03f1dd34eb3c55f_MG_L_ML_ANON.jpg 2 5 28 18 10 19 21 14 17 12 18 15 18 17 15 14 16 14 19 16 15 16 32 16 16 16 16 16 32 16 16 16 16 16
50993697_b03f1dd34eb3c55f_MG_L_CC_ANON.jpg 2 4 25 16 9 16 22 17 15 8 15 15 15 13 15 15 15 15 17 15 15 16 32 16 16 16 16 16 32 16 16 16 16 16
50993787_de5e8d61e501a71b_MG_L_ML_ANON.jpg 2 5 26 14 11 15 20 14 18 12 18 15 17 16 18 14 15 16 18 14 15 16 32 16 16 16 16 16 32 16 16 16 16 16
50993814_de5e8d61e501a71b_MG_R_ML_ANON.jpg 2 6 5 13 9 16 13 17 19 17 18 15 16 22 15 17 16 15 14 14 16 16 32 16 16 16 16 16 32 16 16 16 16 16
50993841_de5e8d61e501a71b_MG_L_CC_ANON.jpg 2 4 26 15 9 15 20 14 15 9 16 15 15 15 16 14 16 16 19 15 14 16 32 16 16 16 16 16 32 16 16 16 16 16
50993868_de5e8d61e501a71b_MG_R_CC_ANON.jpg 2 6 5 17 8 14 13 19 15 18 15 13 15 21 16 17 15 15 13 16 18 15 32 16 16 16 16 16 32 16 16 16 16 16
50993895_de5e8d61e501a71b_MG_L_ML_ANON.jpg 2 5 26 16 10 17 18 13 18 11 18 15 17 17 17 14 16 15 19 14 14 16 32 16 16 16 16 16 32 16 16 16 16 16
50993922_de5e8d61e501a71b_MG_R_ML_ANON.jpg 2 7 5 14 10 14 12 17 18 16 19 15 16 21 17 17 16 14 16 13 16 16 32 16 16 16 16 16 32 16 16 16 16 16
50993949_de5e8d61e501a71b_MG_L_CC_ANON.jpg 2 4 25 14 8 14 19 14 16 9 17 15 16 16 16 14 16 16 19 14 14 16 32 16 16 16 16 16 32 16 16 16 16 16
50993976_de5e8d61e501a71b_MG_R_CC_ANON.jpg 2 5 5 16 8 15 14 19 15 19 15 13 16 20 16 16 15 15 13 16 18 15 32 16 16 16 16 16 32 16 16 16 16 16
50994110_cc9e66c5b31baab8_MG_L_ML_ANON.jpg 2 6 29 22 8 23 25 17 21 8 17 17 18 13 17 13 13 15 18 18 17 14 32 16 16 16 16 16 32 16 16 16 16 16
50994137_cc9e66c5b31baab8_MG_R_ML_ANON.jpg 1 3 7 17 11 13 21 13 17 20 15 16 16 13 15 16 16 16 15 16 15 15 32 16 16 16 16 16 32 16 16 16 16 16
50994164_cc9e66c5b31baab8_MG_L_CC_ANON.jpg 2 4 26 15 7 15 24 19 15 6 16 16 16 9 15 16 14 16 14 16 16 16 32 16 16 16 16 16 32 16 16 16 16 16
50994191_cc9e66c5b31baab8_MG_R_CC_ANON.jpg 1 4 6 17 8 13 24 11 17 24 14 17 18 9 15 17 16 16 19 14 14 16 32 16 16 16 16 16 32 16 16 16 16 16
50994273_cc9e66c5b31baab8_MG_R_CC_ANON.jpg 4 5 4 23 11 7 25 11 22 21 13 17 18 13 13 16 17 16 16 15 14 16 32 16 16 16 16 16 32 16 16 16 16 16
50994300_cc9e66c5b31baab8_MG_R_FB_ANON.jpg 2 4 6 16 7 15 24 11 16 25 15 17 16 8 15 17 16 16 19 15 14 15 32 16 16 16 16 16 32 16 16 16 16 16
50994327_cc9e66c5b31baab8_MG_L_ML_ANON.jpg 2 6 29 22 10 24 25 18 20 9 18 17 18 13 17 13 12 14 16 17 17 14 32 16 16 16 16 16 32 16 16 16 16 16
50994354_cc9e66c5b31baab8_MG_R_ML_ANON.jpg 4 5 3 22 12 8 25 13 19 20 18 17 12 13 16 13 18 14 16 17 15 15 32 16 16 16 16 16 32 16 16 16 16 16
50994381_cc9e66c5b31baab8_MG_L_CC_ANON.jpg 2 4 26 15 7 14 24 20 15 6 16 17 17 9 15 16 14 15 13 16 16 16 32 16 16 16 16 16 32 16 16 16 16 16
50994408_cc9e66c5b31baab8_MG_R_CC_ANON.jpg 2 4 6 15 8 16 23 11 15 25 16 17 15 9 16 16 16 16 18 16 14 16 32 16 16 16 16 16 32 16 16 16 16 16
50994535_de4c34099d6ef8de_MG_R_ML_ANON.jpg 2 8 2 23 7 8 20 20 19 22 18 16 13 20 15 14 14 15 10 17 16 14 32 16 16 16 16 16 32 16 16 16 16 16
50994562_de4c34099d6ef8de_MG_R_CC_ANON.jpg 2 5 4 18 7 13 22 16 17 24 14 14 17 14 16 13 16 15 12 16 18 14 32 16 16 16 16 16 32 16 16 16 16 16
50994589_de4c34099d6ef8de_MG_R_ML_ANON.jpg 2 7 2 19 8 11 22 18 20 21 20 14 12 18 13 14 14 15 11 16 17 16 32 16 16 16 16 16 32 16 16 16 16 16
50994616_de4c34099d6ef8de_MG_R_CC_ANON.jpg 2 6 3 18 6 13 23 17 17 25 15 14 16 15 15 13 16 15 11 16 19 15 32 16 16 16 16 16 32 16 16 16 16 16
50994706_069212ec65a94339_MG_R_CC_ANON.jpg 1 3 7 16 10 15 21 14 16 22 15 15 16 13 15 15 17 16 15 15 17 15 32 16 16 16 16 16 32 16 16 16 16 16
50994733_069212ec65a94339_MG_L_ML_ANON.jpg 1 7 29 17 7 17 24 14 17 8 18 14 18 16 17 12 14 16 21 16 13 16 32 16 16 16 16 16 32 16 16 16 16 16
50994760_069212ec65a94339_MG_R_ML_ANON.jpg 1 4 5 17 12 14 22 15 17 20 16 15 15 15 15 14 17 16 13 16 17 16 32 16 16 16 16 16 32 16 16 16 16 16
50994787_069212ec65a94339_MG_L_CC_ANON.jpg 1 4 26 15 8 15 22 16 15 7 16 14 16 12 16 13 14 16 17 15 13 16 32 16 16 16 16 16 32 16 16 16 16 16
50994814_069212ec65a94339_MG_L_ML_ANON.jpg 1 6 29 19 7 19 24 15 18 7 17 14 17 15 17 12 13 16 20 17 13 16 32 16 16 16 16 16 32 16 16 16 16 16
50994841_069212ec65a94339_MG_R_ML_ANON.jpg 4 5 4 18 11 12 23 15 18 20 17 15 14 15 15 13 17 15 13 17 16 16 32 16 16 16 16 16 32 16 16 16 16 16
50994868_069212ec65a94339_MG_L_CC_ANON.jpg 1 5 27 12 7 12 23 16 14 7 17 15 17 12 16 13 14 17 17 14 14 17 32 16 16 16 16 16 32 16 16 16 16 16
50994895_069212ec65a94339_MG_R_CC_ANON.jpg 4 4 5 18 8 12 23 14 18 24 15 15 17 13 15 14 17 16 14 16 17 15 32 16 16 16 16 16 32 16 16 16 16 16
50995762_0c735e8768d276b4_MG_R_ML_ANON.jpg 2 7 2 22 8 9 24 18 18 22 18 15 12 17 17 12 16 14 12 18 17 16 32 16 16 16 16 16 32 16 16 16 16 16
50995789_0c735e8768d276b4_MG_R_CC_ANON.jpg 2 5 3 17 7 14 24 14 16 24 15 14 16 13 15 14 17 16 13 16 18 16 32 16 16 16 16 16 32 16 16 16 16 16
50995872_c94d8a1ebd452afe_MG_L_ML_ANON.jpg 1 9 30 19 7 19 18 10 17 10 18 14 18 21 15 15 17 15 20 16 13 16 32 16 16 16 16 16 32 16 16 16 16 16
50995899_c94d8a1ebd452afe_MG_L_CC_ANON.jpg 1 7 30 14 6 14 24 13 15 7 15 13 14 18 15 13 17 15 23 15 12 16 32 16 16 16 16 16 32 16 16 16 16 16
50995963_d742ec2f9b90aa62_MG_L_ML_ANON.jpg 2 7 30 21 8 21 21 11 17 10 18 15 19 18 14 13 17 15 20 18 14 16 32 16 16 16 16 16 32 16 16 16 16 16
50995990_d742ec2f9b90aa62_MG_L_CC_ANON.jpg 2 6 29 13 7 13 24 15 15 7 16 14 15 15 16 13 15 17 20 14 13 16 32 16 16 16 16 16 32 16 16 16 16 16
50996056_71c1a60d57c5322f_MG_L_ML_ANON.jpg 2 6 29 16 9 17 24 16 18 10 18 14 18 16 17 13 14 16 20 16 14 16 32 16 16 16 16 16 32 16 16 16 16 16
50996083_71c1a60d57c5322f_MG_R_ML_ANON.jpg 2 7 1 17 7 13 25 16 18 23 18 14 13 17 14 13 16 16 9 16 18 16 32 16 16 16 16 16 32 16 16 16 16 16
50996110_71c1a60d57c5322f_MG_L_CC_ANON.jpg 2 6 28 15 6 15 25 18 15 6 16 14 16 12 16 14 14 16 18 16 12 16 32 16 16 16 16 16 32 16 16 16 16 16
50996137_71c1a60d57c5322f_MG_R_CC_ANON.jpg 2 6 3 17 6 14 25 14 16 25 15 13 16 13 16 13 17 15 12 16 19 15 32 16 16 16 16 16 32 16 16 16 16 16
50996201_8c1b2bd64ca4d778_MG_L_ML_ANON.jpg 2 7 29 19 7 20 24 13 17 8 17 15 18 17 15 12 15 14 21 18 15 16 32 16 16 16 16 16 32 16 16 16 16 16
50996228_8c1b2bd64ca4d778_MG_L_CC_ANON.jpg 2 5 28 15 6 15 24 18 16 6 16 15 15 11 16 14 14 16 17 15 14 16 32 16 16 16 16 16 32 16 16 16 16 16
50996325_6aba0b402889a16f_MG_L_ML_ANON.jpg 1 7 29 21 8 22 24 13 19 9 19 15 19 16 16 12 15 15 19 17 14 15 32 16 16 16 16 16 32 16 16 16 16 16
50996352_6aba0b402889a16f_MG_R_ML_ANON.jpg 4 7 2 22 9 8 24 18 19 21 19 16 12 16 16 13 15 14 12 16 16 16 32 16 16 16 16 16 32 16 16 16 16 16
50996379_6aba0b402889a16f_MG_L_CC_ANON.jpg 1 5 28 13 6 12 24 17 14 6 17 15 17 12 16 14 14 16 17 15 14 17 32 16 16 16 16 16 32 16 16 16 16 16
50996406_6aba0b402889a16f_MG_R_CC_ANON.jpg 4 5 3 15 6 16 24 14 16 26 15 15 16 11 15 14 16 16 14 15 17 16 32 16 16 16 16 16 32 16 16 16 16 16
50996709_330e5fe16929eed4_MG_R_ML_ANON.jpg 2 5 4 17 7 13 20 17 18 23 17 16 14 17 13 15 14 17 11 16 17 15 32 16 16 16 16 16 32 16 16 16 16 16
50996736_330e5fe16929eed4_MG_R_CC_ANON.jpg 2 4 6 16 7 15 18 18 16 24 15 15 16 15 16 14 15 15 12 15 17 15 32 16 16 16 16 16 32 16 16 16 16 16
50996800_fdf4a1516f88b280_MG_L_ML_ANON.jpg 2 8 28 15 8 19 12 14 20 14 19 13 17 21 16 17 15 15 14 15 13 17 32 16 16 16 16 16 32 16 16 16 16 16
50996827_fdf4a1516f88b280_MG_R_ML_ANON.jpg 2 6 3 11 7 17 17 18 21 22 20 13 13 17 11 16 14 16 13 14 18 17 32 16 16 16 16 16 32 16 16 16 16 16
50996854_fdf4a1516f88b280_MG_L_CC_ANON.jpg 2 7 28 13 7 14 13 13 16 12 15 12 14 21 16 17 15 15 17 14 12 16 32 16 16 16 16 16 32 16 16 16 16 16
50996881_fdf4a1516f88b280_MG_R_CC_ANON.jpg 2 6 4 17 6 14 16 19 16 23 16 13 15 19 15 16 14 16 12 16 19 15 32 16 16 16 16 16 32 16 16 16 16 16
50996945_ce5e5e18a261cd29_MG_L_ML_ANON.jpg 2 6 28 20 8 21 21 13 19 9 17 16 18 17 16 13 16 15 20 17 15 15 32 16 16 16 16 16 32 16 16 16 16 16
50996972_ce5e5e18a261cd29_MG_R_ML_ANON.jpg 2 6 2 20 9 10 23 17 18 21 18 14 13 17 15 13 16 15 12 17 17 16 32 16 16 16 16 16 32 16 16 16 16 16
50996999_ce5e5e18a261cd29_MG_L_CC_ANON.jpg 2 6 28 14 7 14 23 15 15 7 16 14 16 14 16 14 15 16 19 15 13 16 32 16 16 16 16 16 32 16 16 16 16 16
50997026_ce5e5e18a261cd29_MG_R_CC_ANON.jpg 2 5 4 15 7 16 23 15 16 24 16 14 15 13 15 14 16 16 13 15 18 16 32 16 16 16 16 16 32 16 16 16 16 16
50997053_ce5e5e18a261cd29_MG_L_CC_ANON.jpg 1 11 30 13 6 14 15 11 18 11 16 13 15 24 17 17 16 15 19 14 12 16 32 16 16 16 16 16 32 16 16 16 16 16
50997080_ce5e5e18a261cd29_MG_L_ML_ANON.jpg 1 12 30 20 6 20 12 12 16 12 19 13 19 23 14 18 16 15 16 16 12 17 32 16 16 16 16 16 32 16 16 16 16 16
50997107_ce5e5e18a261cd29_MG_R_ML_ANON.jpg 2 10 2 19 8 12 14 20 16 18 18 14 13 22 16 18 14 16 14 15 17 17 32 16 16 16 16 16 32 16 16 16 16 16
50997134_ce5e5e18a261cd29_MG_R_CC_ANON.jpg 2 7 3 16 7 15 18 19 16 21 16 13 16 21 16 16 14 15 11 15 19 16 32 16 16 16 16 16 32 16 16 16 16 16
50997223_9054942f7be52dd9_MG_L_ML_ANON.jpg 2 6 28 14 11 15 23 14 18 12 18 15 17 17 19 13 15 17 20 15 14 16 32 16 16 16 16 16 32 16 16 16 16 16
50997250_9054942f7be52dd9_MG_R_ML_ANON.jpg 2 9 1 16 7 13 20 20 20 21 19 14 13 21 13 14 14 16 9 15 17 17 32 16 16 16 16 16 32 16 16 16 16 16
50997277_9054942f7be52dd9_MG_L_CC_ANON.jpg 2 6 28 13 6 13 23 14 15 6 16 14 16 14 16 13 15 16 20 14 13 17 32 16 16 16 16 16 32 16 16 16 16 16
50997304_9054942f7be52dd9_MG_R_CC_ANON.jpg 2 6 3 16 5 14 20 19 17 25 16 14 16 17 14 13 15 16 9 15 19 15 32 16 16 16 16 16 32 16 16 16 16 16
50997434_97ec8cadfca70d32_MG_L_ML_ANON.jpg 2 7 28 17 8 19 16 12 20 11 17 13 16 19 17 15 16 15 19 16 13 17 32 16 16 16 16 16 32 16 16 16 16 16
50997461_97ec8cadfca70d32_MG_R_ML_ANON.jpg 4 9 2 16 6 12 17 20 22 22 19 14 14 21 12 16 15 15 12 15 18 18 32 16 16 16 16 16 32 16 16 16 16 16
50997488_97ec8cadfca70d32_MG_L_CC_ANON.jpg 2 7 28 13 4 14 17 12 17 6 16 13 15 17 17 15 16 16 18 13 12 19 32 16 16 16 16 16 32 16 16 16 16 16
50997515_97ec8cadfca70d32_MG_R_CC_ANON.jpg 4 7 2 16 5 15 18 21 16 25 15 12 16 17 16 13 15 15 11 15 21 15 32 16 16 16 16 16 32 16 16 16 16 16
50997597_67cc8c9939d74a9a_MG_L_ML_ANON.jpg 2 7 29 22 8 23 21 12 18 10 17 16 18 18 15 14 17 14 20 17 15 15 32 16 16 16 16 16 32 16 16 16 16 16
50997624_67cc8c9939d74a9a_MG_R_ML_ANON.jpg 2 4 5 21 12 10 23 14 19 19 17 16 14 14 15 14 17 15 15 17 15 15 32 16 16 16 16 16 32 16 16 16 16 16
50997651_67cc8c9939d74a9a_MG_L_CC_ANON.jpg 2 6 28 15 6 15 21 13 16 7 16 13 16 15 16 14 16 16 20 15 12 16 32 16 16 16 16 16 32 16 16 16 16 16
50997678_67cc8c9939d74a9a_MG_R_CC_ANON.jpg 2 4 6 15 9 16 21 15 16 23 16 15 15 13 15 14 16 16 14 15 17 16 32 16 16 16 16 16 32 16 16 16 16 16
50997742_cbb6c98a81e69eeb_MG_L_ML_ANON.jpg 3 7 29 17 8 19 21 13 21 10 20 13 19 19 19 14 17 15 20 15 13 17 32 16 16 16 16 16 32 16 16 16 16 16
50997769_cbb6c98a81e69eeb_MG_R_ML_ANON.jpg 3 8 1 18 7 11 22 19 21 21 21 13 11 19 12 14 15 15 11 15 19 17 32 16 16 16 16 16 32 16 16 16 16 16
50997796_cbb6c98a81e69eeb_MG_L_CC_ANON.jpg 3 6 29 12 5 12 23 14 14 6 17 14 16 15 16 14 16 16 20 14 12 17 32 16 16 16 16 16 32 16 16 16 16 16
50997823_cbb6c98a81e69eeb_MG_R_CC_ANON.jpg 3 6 3 16 6 15 24 16 16 25 16 13 16 14 15 13 16 16 12 15 19 15 32 16 16 16 16 16 32 16 16 16 16 16
50998032_66adfbb4f19c76d2_MG_R_CC_ANON.jpg 2 5 4 15 7 16 18 19 16 24 16 14 16 17 15 14 14 16 12 15 19 17 32 16 16 16 16 16 32 16 16 16 16 16
50998059_66adfbb4f19c76d2_MG_L_ML_ANON.jpg 5 7 29 17 7 19 17 10 19 9 18 14 18 20 17 14 17 15 20 15 13 17 32 16 16 16 16 16 32 16 16 16 16 16
50998086_66adfbb4f19c76d2_MG_R_ML_ANON.jpg 2 6 3 16 7 14 17 19 19 21 17 14 15 20 14 16 14 15 12 15 18 17 32 16 16 16 16 16 32 16 16 16 16 16
50998113_66adfbb4f19c76d2_MG_L_CC_ANON.jpg 5 6 28 12 6 13 17 11 17 7 17 13 15 18 17 15 17 15 20 13 12 17 32 16 16 16 16 16 32 16 16 16 16 16
50998177_f34ee0ab6591b792_MG_L_ML_ANON.jpg 2 6 28 20 8 22 19 12 20 10 18 15 18 18 17 14 17 15 19 16 15 15 32 16 16 16 16 16 32 16 16 16 16 16
50998204_f34ee0ab6591b792_MG_R_ML_ANON.jpg 2 7 2 21 7 8 20 19 22 22 19 15 13 18 13 14 14 15 12 15 16 15 32 16 16 16 16 16 32 16 16 16 16 16
50998231_f34ee0ab6591b792_MG_L_CC_ANON.jpg 2 5 26 13 7 13 19 14 15 8 17 15 16 16 16 15 17 16 19 14 14 16 32 16 16 16 16 16 32 16 16 16 16 16
50998258_f34ee0ab6591b792_MG_R_CC_ANON.jpg 2 6 3 18 5 13 19 18 17 25 15 15 16 18 15 16 14 16 10 16 18 14 32 16 16 16 16 16 32 16 16 16 16 16
50998322_1e4b534393d18753_MG_R_ML_ANON.jpg 1 10 1 24 11 9 20 21 14 20 20 14 11 16 18 15 13 16 13 16 18 17 32 16 16 16 16 16 32 16 16 16 16 16
50998349_1e4b534393d18753_MG_R_CC_ANON.jpg 1 5 3 16 7 15 26 11 16 25 15 14 16 10 15 16 17 16 16 16 18 15 32 16 16 16 16 16 32 16 16 16 16 16
50998413_1f139436acfc5467_MG_L_ML_ANON.jpg 2 5 28 17 11 18 23 15 18 11 18 15 18 16 17 13 15 16 19 16 14 16 32 16 16 16 16 16 32 16 16 16 16 16
50998440_1f139436acfc5467_MG_R_ML_ANON.jpg 2 6 3 18 11 12 24 16 18 19 18 15 13 17 15 13 16 15 12 16 17 16 32 16 16 16 16 16 32 16 16 16 16 16
50998467_1f139436acfc5467_MG_L_CC_ANON.jpg 2 5 27 13 7 13 23 16 14 7 16 15 16 13 15 14 15 16 18 14 14 16 32 16 16 16 16 16 32 16 16 16 16 16
50998494_1f139436acfc5467_MG_R_CC_ANON.jpg 2 4 5 16 9 15 21 15 16 22 16 14 16 14 15 14 16 16 13 15 17 15 32 16 16 16 16 16 32 16 16 16 16 16
50998580_cd12bc20b3d27d0b_MG_L_ML_ANON.jpg 2 6 28 22 8 23 23 14 20 9 17 16 17 17 16 13 16 15 20 18 16 15 32 16 16 16 16 16 32 16 16 16 16 16
50998607_cd12bc20b3d27d0b_MG_R_ML_ANON.jpg 1 7 2 21 7 8 24 16 20 23 18 16 13 17 14 13 16 15 10 17 16 15 32 16 16 16 16 16 32 16 16 16 16 16
50998634_cd12bc20b3d27d0b_MG_L_CC_ANON.jpg 2 5 28 14 6 14 24 16 15 5 16 15 16 11 16 13 14 16 18 15 14 17 32 16 16 16 16 16 32 16 16 16 16 16
50998661_cd12bc20b3d27d0b_MG_R_CC_ANON.jpg 1 5 3 18 6 13 24 15 17 25 14 15 17 12 15 13 17 16 13 16 17 15 32 16 16 16 16 16 32 16 16 16 16 16
50998981_a78eba834ef6ee88_MG_R_ML_ANON.jpg 5 5 4 24 14 7 25 10 22 18 16 17 15 13 13 17 17 15 18 15 14 15 32 16 16 16 16 16 32 16 16 16 16 16
50999008_a78eba834ef6ee88_MG_R_CC_ANON.jpg 5 3 7 16 9 15 22 11 16 24 15 17 17 9 15 18 15 16 19 15 14 16 32 16 16 16 16 16 32 16 16 16 16 16
50999094_cb65e8dac169f596_MG_L_ML_ANON.jpg 2 5 27 19 9 20 24 17 18 8 15 16 16 14 16 14 14 15 18 17 15 15 32 16 16 16 16 16 32 16 16 16 16 16
50999121_cb65e8dac169f596_MG_R_ML_ANON.jpg 1 8 1 24 7 7 22 20 18 24 18 16 13 17 17 12 15 14 11 18 16 15 32 16 16 16 16 16 32 16 16 16 16 16
50999148_cb65e8dac169f596_MG_L_CC_ANON.jpg 2 5 28 14 6 14 24 18 15 6 16 15 16 11 16 14 14 16 17 15 14 17 32 16 16 16 16 16 32 16 16 16 16 16
50999175_cb65e8dac169f596_MG_R_CC_ANON.jpg 1 6 3 16 6 15 24 16 16 25 16 14 15 14 15 13 17 16 12 15 18 16 32 16 16 16 16 16 32 16 16 16 16 16
50999246_cb65e8dac169f596_MG_L_ML_ANON.jpg 2 7 29 21 7 22 24 14 18 8 17 16 18 15 15 12 14 14 19 18 15 15 32 16 16 16 16 16 32 16 16 16 16 16
50999273_cb65e8dac169f596_MG_R_ML_ANON.jpg 1 9 0 19 8 11 24 20 18 21 20 14 11 18 16 10 16 14 11 16 18 16 32 16 16 16 16 16 32 16 16 16 16 16
50999300_cb65e8dac169f596_MG_L_CC_ANON.jpg 2 6 28 12 6 12 24 16 14 6 17 14 16 12 16 13 14 17 18 14 13 17 32 16 16 16 16 16 32 16 16 16 16 16
50999327_cb65e8dac169f596_MG_R_CC_ANON.jpg 1 6 2 20 6 11 24 16 18 25 14 15 16 14 15 13 17 15 11 17 18 15 32 16 16 16 16 16 32 16 16 16 16 16
50999432_f62fbf38fb208316_MG_L_ML_ANON.jpg 5 5 27 21 11 21 20 14 17 11 16 16 17 16 14 14 16 15 18 18 15 15 32 16 16 16 16 16 32 16 16 16 16 16
50999459_f62fbf38fb208316_MG_L_CC_ANON.jpg 5 6 28 14 6 14 23 14 15 7 16 14 16 15 16 13 15 16 20 15 12 16 32 16 16 16 16 16 32 16 16 16 16 16
51048738_3f22cdda8da215e3_MG_R_ML_ANON.jpg 3 11 1 21 6 10 16 22 17 21 18 13 13 22 16 16 14 14 12 17 19 17 32 16 16 16 16 16 32 16 16 16 16 16
51048765_3f22cdda8da215e3_MG_R_CC_ANON.jpg 3 7 3 17 6 13 20 19 17 25 15 13 16 17 15 14 14 16 10 16 20 15 32 16 16 16 16 16 32 16 16 16 16 16
51048891_f3e93e889a7746f0_MG_L_ML_ANON.jpg 2 7 29 22 6 23 18 12 19 9 18 16 18 21 16 16 17 15 20 17 15 15 32 16 16 16 16 16 32 16 16 16 16 16
51048918_f3e93e889a7746f0_MG_R_ML_ANON.jpg 2 8 2 23 5 7 16 19 20 22 19 16 13 23 15 17 15 15 11 17 16 14 32 16 16 16 16 16 32 16 16 16 16 16
51048945_f3e93e889a7746f0_MG_L_CC_ANON.jpg 2 6 28 12 6 13 18 13 16 7 17 14 15 18 17 15 17 16 20 13 13 17 32 16 16 16 16 16 32 16 16 16 16 16
51048972_f3e93e889a7746f0_MG_R_CC_ANON.jpg 2 6 3 18 5 13 18 19 16 25 14 14 16 18 16 15 14 15 10 17 19 15 32 16 16 16 16 16 32 16 16 16 16 16
51049053_8c105bb715bf1c3c_MG_L_ML_ANON.jpg 2 6 28 17 8 18 19 13 19 11 18 14 18 20 18 16 17 16 20 16 13 17 32 16 16 16 16 16 32 16 16 16 16 16
51049080_8c105bb715bf1c3c_MG_R_ML_ANON.jpg 2 7 2 20 6 10 16 18 19 21 18 14 13 22 14 17 14 15 12 17 17 16 32 16 16 16 16 16 32 16 16 16 16 16
51049107_8c105bb715bf1c3c_MG_L_CC_ANON.jpg 2 5 27 13 7 14 19 13 15 8 16 14 16 16 16 14 16 16 19 14 13 16 32 16 16 16 16 16 32 16 16 16 16 16
51049134_8c105bb715bf1c3c_MG_R_CC_ANON.jpg 2 6 3 17 6 14 17 19 16 24 16 13 15 19 15 15 14 15 11 16 19 15 32 16 16 16 16 16 32 16 16 16 16 16
51049249_832ebce700241036_MG_L_CC_ANON.jpg 2 5 27 19 7 19 21 14 17 7 14 15 14 14 15 13 15 15 19 16 14 14 32 16 16 16 16 16 32 16 16 16 16 16
51049276_832ebce700241036_MG_L_ML_ANON.jpg 2 6 28 18 8 19 22 14 20 9 19 15 19 17 19 13 16 17 20 16 14 15 32 16 16 16 16 16 32 16 16 16 16 16
51049462_6f64793857feb5d0_MG_L_ML_ANON.jpg 2 9 30 17 7 18 19 10 19 11 19 14 18 22 16 15 17 14 21 15 13 17 32 16 16 16 16 16 32 16 16 16 16 16
51049489_6f64793857feb5d0_MG_R_ML_ANON.jpg 2 5 5 18 11 13 19 18 17 19 18 15 13 17 15 14 15 15 12 16 17 16 32 16 16 16 16 16 32 16 16 16 16 16
51049516_6f64793857feb5d0_MG_L_CC_ANON.jpg 2 6 29 12 6 12 21 13 16 7 17 14 16 16 17 13 16 16 20 13 12 16 32 16 16 16 16 16 32 16 16 16 16 16
51049543_6f64793857feb5d0_MG_R_CC_ANON.jpg 2 4 6 17 9 14 20 16 16 21 15 15 16 15 15 14 16 15 13 16 17 15 32 16 16 16 16 16 32 16 16 16 16 16
51049628_6f64793857feb5d0_MG_L_ML_ANON.jpg 2 7 29 17 9 18 19 11 18 12 19 14 18 20 16 14 17 15 20 15 14 16 32 16 16 16 16 16 32 16 16 16 16 16
51049655_6f64793857feb5d0_MG_R_ML_ANON.jpg 2 6 3 17 13 13 19 19 17 17 18 14 14 18 15 14 14 15 13 15 16 16 32 16 16 16 16 16 32 16 16 16 16 16
51049682_6f64793857feb5d0_MG_L_CC_ANON.jpg 2 6 29 13 6 14 22 13 16 6 17 13 16 16 17 13 16 16 21 14 12 16 32 16 16 16 16 16 32 16 16 16 16 16
51070197_6f64793857feb5d0_MG_R_CC_ANON.jpg 2 4 6 15 9 16 20 16 16 22 16 15 15 15 15 14 16 16 13 15 17 15 32 16 16 16 16 16 32 16 16 16 16 16
53580611_40e22f2e3215b954_MG_L_ML_ANON.jpg 2 6 28 14 10 15 21 13 20 12 18 14 17 18 19 14 16 16 19 14 14 17 32 16 16 16 16 16 32 16 16 16 16 16
53580638_40e22f2e3215b954_MG_R_ML_ANON.jpg 3 9 1 16 9 13 21 19 21 20 19 13 13 19 12 14 14 16 12 15 18 17 32 16 16 16 16 16 32 16 16 16 16 16
53580665_40e22f2e3215b954_MG_L_CC_ANON.jpg 2 7 29 14 5 14 20 12 16 6 16 12 15 17 16 14 17 16 21 14 11 16 32 16 16 16 16 16 32 16 16 16 16 16
53580692_40e22f2e3215b954_MG_R_CC_ANON.jpg 3 7 2 17 5 14 21 19 17 26 15 13 16 16 15 14 14 16 10 15 20 15 32 16 16 16 16 16 32 16 16 16 16 16
53580804_51bec6477a7898b9_MG_L_ML_ANON.jpg 5 7 29 20 9 21 23 13 18 10 19 15 19 17 16 13 16 14 19 16 14 15 32 16 16 16 16 16 32 16 16 16 16 16
53580831_51bec6477a7898b9_MG_R_ML_ANON.jpg 2 6 2 20 10 10 23 18 18 20 19 14 12 16 15 12 16 15 13 17 18 16 32 16 16 16 16 16 32 16 16 16 16 16
53580858_51bec6477a7898b9_MG_L_CC_ANON.jpg 5 6 29 13 6 13 24 15 15 6 17 14 16 14 16 14 15 16 19 14 12 16 32 16 16 16 16 16 32 16 16 16 16 16
53580885_51bec6477a7898b9_MG_R_CC_ANON.jpg 2 5 3 16 7 14 23 15 16 24 15 14 15 14 15 14 16 16 12 16 18 15 32 16 16 16 16 16 32 16 16 16 16 16
53580979_4c341dad22471922_MG_L_ML_ANON.jpg 1 7 30 15 7 16 24 15 18 8 19 15 18 18 18 13 15 17 22 15 14 17 32 16 16 16 16 16 32 16 16 16 16 16
53581006_4c341dad22471922_MG_R_ML_ANON.jpg 1 7 2 13 8 17 25 15 17 23 19 15 13 17 12 14 16 18 10 14 17 17 32 16 16 16 16 16 32 16 16 16 16 16
53581033_4c341dad22471922_MG_L_CC_ANON.jpg 1 6 29 12 6 12 23 14 15 6 17 14 16 15 16 12 15 16 20 14 12 16 32 16 16 16 16 16 32 16 16 16 16 16
53581060_4c341dad22471922_MG_R_CC_ANON.jpg 1 6 3 13 6 18 24 16 15 25 17 14 15 14 15 13 17 16 11 14 19 16 32 16 16 16 16 16 32 16 16 16 16 16
53581124_3be876aecfaad4ca_MG_L_ML_ANON.jpg 1 6 29 20 8 21 25 16 18 8 18 15 18 15 15 12 14 14 19 18 14 16 32 16 16 16 16 16 32 16 16 16 16 16
53581151_3be876aecfaad4ca_MG_L_CC_ANON.jpg 1 4 27 15 8 15 24 19 15 7 16 15 15 11 16 16 15 16 15 15 14 16 32 16 16 16 16 16 32 16 16 16 16 16
53581237_80123a24997098dc_MG_R_ML_ANON.jpg 1 9 1 23 8 9 16 21 16 20 20 15 12 20 17 16 13 15 13 16 18 16 32 16 16 16 16 16 32 16 16 16 16 16
53581264_80123a24997098dc_MG_R_CC_ANON.jpg 1 6 2 18 7 13 21 18 17 23 16 14 15 18 15 13 15 16 9 17 19 16 32 16 16 16 16 16 32 16 16 16 16 16
53581379_b231a8ba4dd4214f_MG_L_ML_ANON.jpg 1 12 31 21 9 21 18 9 16 12 19 13 18 19 14 15 18 16 17 15 13 17 32 16 16 16 16 16 32 16 16 16 16 16
53581406_b231a8ba4dd4214f_MG_R_ML_ANON.jpg 6 11 1 24 8 8 19 21 16 20 19 14 12 19 17 15 13 16 13 17 18 17 32 16 16 16 16 16 32 16 16 16 16 16
53581433_b231a8ba4dd4214f_MG_L_CC_ANON.jpg 1 7 30 14 6 14 22 12 16 7 16 12 15 18 17 13 17 16 22 14 11 16 32 16 16 16 16 16 32 16 16 16 16 16
53581460_b231a8ba4dd4214f_MG_R_CC_ANON.jpg 6 6 2 17 7 14 24 17 16 24 16 13 15 16 15 13 16 16 10 16 19 16 32 16 16 16 16 16 32 16 16 16 16 16
53581769_573747ee33ef6e5a_MG_L_ML_ANON.jpg 1 8 30 22 8 23 24 14 19 9 19 16 20 16 15 12 15 14 19 17 14 16 32 16 16 16 16 16 32 16 16 16 16 16
53581796_573747ee33ef6e5a_MG_L_CC_ANON.jpg 1 5 27 16 7 16 24 17 16 7 16 14 16 12 16 14 14 16 18 16 13 15 32 16 16 16 16 16 32 16 16 16 16 16
53581860_21e6cc12630e5e9f_MG_L_ML_ANON.jpg 1 4 25 16 12 17 22 17 17 11 18 15 18 14 17 15 14 16 17 16 15 16 32 16 16 16 16 16 32 16 16 16 16 16
53581887_21e6cc12630e5e9f_MG_R_ML_ANON.jpg 2 5 4 16 9 14 22 15 17 21 17 15 14 16 14 14 16 16 12 16 16 16 32 16 16 16 16 16 32 16 16 16 16 16
53581914_21e6cc12630e5e9f_MG_L_CC_ANON.jpg 1 4 27 15 7 15 24 18 15 6 16 16 16 10 16 15 14 16 16 15 15 16 32 16 16 16 16 16 32 16 16 16 16 16
53581941_21e6cc12630e5e9f_MG_R_CC_ANON.jpg 2 5 3 17 6 14 24 15 17 26 15 15 16 12 15 13 17 16 13 15 17 15 32 16 16 16 16 16 32 16 16 16 16 16
53582304_8913a7e0cf3bd74e_MG_R_ML_ANON.jpg 1 10 1 20 7 9 18 21 21 21 22 13 11 20 16 15 14 12 14 13 19 17 32 16 16 16 16 16 32 16 16 16 16 16
53582331_8913a7e0cf3bd74e_MG_R_CC_ANON.jpg 1 7 2 18 4 14 18 20 16 25 15 14 16 20 16 15 14 15 9 17 20 15 32 16 16 16 16 16 32 16 16 16 16 16
53582395_3f0db31711fc9795_MG_L_ML_ANON.jpg 1 10 31 17 11 18 23 10 17 13 18 14 17 19 16 12 17 14 19 14 14 16 32 16 16 16 16 16 32 16 16 16 16 16
53582422_3f0db31711fc9795_MG_R_ML_ANON.jpg 2 7 2 18 9 12 24 18 18 21 19 14 13 17 14 12 15 15 11 16 18 17 32 16 16 16 16 16 32 16 16 16 16 16
53582449_3f0db31711fc9795_MG_L_CC_ANON.jpg 1 6 29 12 7 12 25 16 15 7 16 14 15 14 17 13 14 17 20 14 13 16 32 16 16 16 16 16 32 16 16 16 16 16
53582476_3f0db31711fc9795_MG_R_CC_ANON.jpg 2 5 3 16 7 15 24 15 17 25 16 14 15 13 14 13 16 16 12 15 18 15 32 16 16 16 16 16 32 16 16 16 16 16
53582540_3e73f1c0670cfb0a_MG_R_ML_ANON.jpg 1 7 1 19 11 11 25 16 18 19 21 15 11 16 15 11 17 14 13 16 17 17 32 16 16 16 16 16 32 16 16 16 16 16
53582567_3e73f1c0670cfb0a_MG_R_CC_ANON.jpg 1 5 3 15 7 17 24 15 15 25 17 15 15 12 15 13 17 16 13 15 18 16 32 16 16 16 16 16 32 16 16 16 16 16
53582656_465aa5ec1b59efc6_MG_L_ML_ANON.jpg 5 4 26 16 11 16 23 17 16 10 17 16 17 14 16 14 14 15 17 16 16 16 32 16 16 16 16 16 32 16 16 16 16 16
53582683_465aa5ec1b59efc6_MG_L_CC_ANON.jpg 5 4 26 11 10 11 22 17 13 9 17 15 17 13 16 14 14 17 17 15 15 16 32 16 16 16 16 16 32 16 16 16 16 16
53582710_465aa5ec1b59efc6_MG_R_ML_ANON.jpg 2 9 2 18 8 13 14 20 17 18 19 14 13 21 16 17 15 16 15 15 17 17 32 16 16 16 16 16 32 16 16 16 16 16
53582737_465aa5ec1b59efc6_MG_L_ML_ANON.jpg 2 5 26 18 10 18 20 14 17 11 16 15 17 16 16 14 15 16 19 16 14 16 32 16 16 16 16 16 32 16 16 16 16 16
53582764_465aa5ec1b59efc6_MG_R_ML_ANON.jpg 2 7 3 20 7 11 14 19 16 20 18 14 13 20 16 17 15 15 14 17 18 16 32 16 16 16 16 16 32 16 16 16 16 16
53582791_465aa5ec1b59efc6_MG_L_CC_ANON.jpg 2 4 26 12 11 12 20 15 15 11 16 15 15 15 17 14 15 17 17 13 15 16 32 16 16 16 16 16 32 16 16 16 16 16
53582818_465aa5ec1b59efc6_MG_R_CC_ANON.jpg 2 6 3 17 9 14 18 19 16 20 16 13 15 19 15 15 14 16 12 16 18 16 32 16 16 16 16 16 32 16 16 16 16 16
53586361_dda3c6969a34ff8e_MG_L_ML_ANON.jpg 1 6 29 16 9 17 25 17 18 9 19 15 19 15 17 13 14 16 19 17 14 16 32 16 16 16 16 16 32 16 16 16 16 16
53586388_dda3c6969a34ff8e_MG_R_ML_ANON.jpg 1 9 1 24 7 7 18 21 16 22 17 15 13 19 18 15 14 15 12 18 17 15 32 16 16 16 16 16 32 16 16 16 16 16
53586415_dda3c6969a34ff8e_MG_L_CC_ANON.jpg 1 5 27 11 8 10 24 18 13 7 18 14 18 12 16 14 14 17 16 15 14 17 32 16 16 16 16 16 32 16 16 16 16 16
53586442_dda3c6969a34ff8e_MG_R_CC_ANON.jpg 1 7 2 15 7 16 21 19 16 23 16 13 15 19 15 14 14 16 9 15 19 16 32 16 16 16 16 16 32 16 16 16 16 16
53586724_e5f3f68b9ce31228_MG_L_ML_ANON.jpg 2 9 29 17 7 20 17 11 21 11 20 13 18 20 18 16 16 14 17 15 13 17 32 16 16 16 16 16 32 16 16 16 16 16
53586751_e5f3f68b9ce31228_MG_R_ML_ANON.jpg 2 5 4 14 12 16 19 18 19 18 18 15 14 17 12 15 15 16 13 15 16 17 32 16 16 16 16 16 32 16 16 16 16 16
53586778_e5f3f68b9ce31228_MG_L_CC_ANON.jpg 2 8 29 12 4 13 18 12 16 6 17 12 16 19 16 16 17 15 20 13 10 17 32 16 16 16 16 16 32 16 16 16 16 16
53586805_e5f3f68b9ce31228_MG_R_CC_ANON.jpg 2 5 5 16 8 15 17 18 16 22 16 14 15 17 15 15 14 16 13 15 18 15 32 16 16 16 16 16 32 16 16 16 16 16
53586869_6ac23356b912ee9b_MG_L_ML_ANON.jpg 2 11 30 11 7 17 15 14 23 13 20 14 16 22 18 17 15 14 17 13 15 17 32 16 16 16 16 16 32 16 16 16 16 16
53586896_6ac23356b912ee9b_MG_L_CC_ANON.jpg 2 10 29 12 4 12 13 12 15 8 15 12 14 23 15 18 16 15 18 13 10 17 32 16 16 16 16 16 32 16 16 16 16 16
53586960_809e3f43339f93c6_MG_L_ML_ANON.jpg 2 6 28 16 8 17 22 14 19 9 18 14 18 17 18 14 16 16 20 16 13 17 32 16 16 16 16 16 32 16 16 16 16 16
53586987_809e3f43339f93c6_MG_R_ML_ANON.jpg 2 10 1 17 6 12 19 21 20 22 19 12 13 21 13 15 14 15 11 16 19 17 32 16 16 16 16 16 32 16 16 16 16 16
53587014_809e3f43339f93c6_MG_L_CC_ANON.jpg 2 6 28 12 7 12 20 13 15 7 16 13 15 16 17 14 17 16 19 14 12 17 32 16 16 16 16 16 32 16 16 16 16 16
53587041_809e3f43339f93c6_MG_R_CC_ANON.jpg 2 12 1 14 4 16 16 20 18 24 17 10 15 22 14 17 14 15 11 14 22 16 32 16 16 16 16 16 32 16 16 16 16 16
53587104_7b71aa9928e6975e_MG_L_ML_ANON.jpg 2 7 29 15 7 16 24 14 18 7 18 14 18 17 18 13 16 17 21 16 13 17 32 16 16 16 16 16 32 16 16 16 16 16
53587131_7b71aa9928e6975e_MG_L_CC_ANON.jpg 2 7 29 12 6 12 24 14 15 6 16 13 16 15 16 13 16 16 20 14 12 17 32 16 16 16 16 16 32 16 16 16 16 16
53587427_d2befe622e188943_MG_L_ML_ANON.jpg 2 9 30 9 8 12 18 11 20 10 17 15 15 19 20 15 17 15 20 13 15 16 32 16 16 16 16 16 32 16 16 16 16 16
53587454_d2befe622e188943_MG_R_ML_ANON.jpg 2 12 1 15 6 13 12 20 20 19 18 13 15 23 16 18 16 13 14 15 18 17 32 16 16 16 16 16 32 16 16 16 16 16
53587481_d2befe622e188943_MG_L_CC_ANON.jpg 2 7 28 13 5 14 19 12 16 6 17 14 16 17 16 14 17 16 20 14 12 16 32 16 16 16 16 16 32 16 16 16 16 16
53587508_d2befe622e188943_MG_R_CC_ANON.jpg 2 10 2 17 5 13 15 20 18 24 17 11 15 22 15 17 15 15 11 16 21 17 32 16 16 16 16 16 32 16 16 16 16 16
53587572_11e6732579acf692_MG_L_ML_ANON.jpg 2 7 28 12 9 14 19 13 20 12 19 14 17 19 19 15 16 16 19 13 14 17 32 16 16 16 16 16 32 16 16 16 16 16
53587599_11e6732579acf692_MG_L_CC_ANON.jpg 2 7 28 12 7 13 18 12 16 9 15 14 14 19 16 15 17 15 20 13 13 16 32 16 16 16 16 16 32 16 16 16 16 16
53587663_5fb370d4c1c71974_MG_R_CC_ANON.jpg 2 4 6 15 8 16 19 17 16 23 16 14 15 15 15 14 15 16 13 15 17 16 32 16 16 16 16 16 32 16 16 16 16 16
53587690_5fb370d4c1c71974_MG_L_ML_ANON.jpg 1 7 29 16 7 18 19 13 20 9 20 14 19 20 19 16 16 16 20 15 13 18 32 16 16 16 16 16 32 16 16 16 16 16
53587717_5fb370d4c1c71974_MG_R_ML_ANON.jpg 2 4 5 19 10 11 20 16 19 20 17 16 14 16 14 14 16 16 12 17 15 15 32 16 16 16 16 16 32 16 16 16 16 16
53587744_5fb370d4c1c71974_MG_L_CC_ANON.jpg 1 7 29 13 4 13 19 11 16 6 17 12 16 18 17 14 17 16 21 14 10 17 32 16 16 16 16 16 32 16 16 16 16 16
