Precisão média por imagem
0.388
0.442
0.522
0.577
0.638
0.679
0.704
0.723
0.740
0.747
0.753
0.762
0.766
0.767
0.776
0.773
0.777
0.782
0.785
0.789
0.790
0.790
0.780
0.778
0.770
0.762
0.756
0.745
0.733
0.729
0.721
0.716
0.712
0.706
0.700
0.700
0.697
0.700
0.697
0.695
0.689
0.683
0.689
0.686
0.692
0.689
0.687
0.684
0.678
0.673
0.670
0.666
0.661
0.656
0.651
0.646
0.641
0.636
0.641
0.646
0.650
0.652
0.649
0.647
0.649
0.652
0.655
0.656
0.653
0.650
0.652
0.653
0.649
0.646
0.648
0.646
0.644
0.643
0.642
0.638
0.634
0.635
0.636
0.636
0.638
0.639
0.641
0.641
0.641
0.641
0.641
0.641
0.642
0.645
0.648
0.651
0.653
0.657
0.660
0.661
0.664
0.666
0.669
0.672
0.674
0.676
0.679
0.681
0.684
0.686
0.688
0.690
0.692
0.692
0.695
0.697
0.697
0.699
0.697
0.695
0.697
0.698
0.699
0.699
0.697
0.695
0.693
0.691
0.689
0.686
0.684
0.682
0.679
0.681
0.682
0.682
0.680
0.678
0.678
0.677
0.678
0.678
0.677
0.678
0.680
0.680
0.681
0.679
0.678
0.677
0.677
0.678
0.678
0.677
0.677
0.676
0.675
0.675
0.673
0.673
0.673
0.674
0.675
0.673
0.672
0.672
0.671
0.670
0.670
0.669
0.667
0.667
0.666
0.668
0.669
0.670
0.670
0.669
0.668
0.668
0.667
0.667
0.667
0.667
0.667
0.666
0.665
0.664
0.664
0.663
0.662
0.663
0.663
0.662
0.662
0.661
0.661
0.661
0.662
0.663
0.663
0.662
0.660
0.661
0.662
0.663
0.663
0.664
0.664
0.665
0.664
0.662
0.664
0.665
0.666
0.666
0.667
0.667
0.667
0.667
0.666
0.665
0.666
0.666
0.666
0.667
0.666
0.665
0.666
0.665
0.664
0.663
0.663
0.663
0.664
0.665
0.665
0.665
0.665
0.664
0.665
0.666
0.666
0.667
0.667
0.667
0.667
0.667
0.667
0.667
0.668
0.669
0.668
0.669
0.669
0.669
0.669
0.670
0.670
0.670
0.671
0.672
0.672
0.672
0.673
0.674
0.675
0.675
0.675
0.676
0.676
0.676
0.675
0.674
0.674
0.674
0.675
0.675
0.676
0.676
0.676
0.677
0.677
0.677
0.678
0.677
0.678
0.677
0.676
0.675
0.674
0.673
0.673
0.673
0.672
0.671
0.672
0.671
0.672
0.673
0.674
0.674
0.674
0.673
0.673
0.672
0.672
0.671
0.671
0.672
0.672
0.671
0.671
0.671
0.671
0.670
0.670
0.669
0.670
0.671
0.672
0.672
0.673
0.673
0.674
0.674
0.674
0.674
0.675
0.675
0.675
0.675
0.674
0.674
0.674
0.675
0.675
0.676
0.676
0.677
0.677
0.677
0.677
0.676
0.676
0.676
0.677
0.677
0.677
0.678
0.678
0.678
0.679
0.678
0.677
0.677
0.677
0.677
0.678
0.678
0.677
0.677
0.677
0.676
0.676
0.676
0.675
0.674
0.675
0.675
0.676
0.677
0.677
0.678
0.678
0.679
0.679
0.680
0.681
0.680
0.680
0.681
0.681
0.682
0.681
0.682
0.682
0.683
0.684
0.684
0.684
0.685
0.684
0.685
0.686
0.686
0.686
0.686
0.686
0.686
0.685
0.685
0.685
0.685
0.686
0.686
0.686
0.686
0.686
0.686
0.686
0.686
0.685
0.686
0.686
0.686
0.687
0.686
0.686
0.685
0.684
0.684
0.683
0.683
0.683
0.683
0.684
0.684
0.684
0.685
0.684
0.684
0.683
0.684
0.684
0.685
0.685
0.685
0.686
0.686
0.687
0.687
0.688
0.688
0.689
0.689
0.689
0.689
0.690
0.690
0.690
0.689
0.688
0.688
0.687
0.687
0.687
0.687
0.686
0.686
0.686
0.685
0.685
0.685
0.685
0.685
0.685
0.684
0.685
0.685
0.685
0.685
0.684
0.684
0.684
0.685
0.685
0.684
0.684
0.684
0.684
0.684
0.684
0.684
0.684
0.684
0.683
0.683
0.683
0.683
0.682
0.682
0.682
0.682
0.683
0.683
0.683
0.683
0.683
0.683
0.683
0.683
0.682
0.682
0.682
0.683
0.683
0.683
0.684
0.684
0.684
0.684
0.684
0.683
0.683
0.683
0.683
0.683
0.683
0.683
0.683
0.682
0.682
0.681
0.681
0.680
0.680
0.680
0.680
0.680
0.680
0.679
0.680
0.680
0.680
0.680
0.681
0.681
0.680
0.680
0.680
0.680
0.680
0.680
0.681
0.681
0.681
0.680
0.680
0.680
0.680
0.680
0.680
0.680
0.679
0.679
0.678
0.678
0.678
0.677
0.678
0.677
0.678
0.678
0.678
0.679
0.679
0.679
0.680
0.680
0.680
0.679
0.679
0.679
0.679
0.679
0.679
0.679
0.678
0.678
0.678
0.678
0.677
0.677
0.677
0.677
0.677
0.677
0.677
0.678
0.678
0.678
0.678
0.679
0.679
0.679
0.679
0.679
0.678
0.678
0.677
0.677
0.678
0.677
0.677
0.677
0.677
0.677
0.677
0.677
0.677
0.677
0.676
0.676
0.676
0.676
0.676
0.676
0.676
0.676
0.676
0.676
0.676
0.677
0.677
0.677
0.677
0.677
0.677
0.677
0.677
0.677
0.676
0.677
0.677
0.677
0.677
0.677
0.677
0.677
0.677
0.677
0.677
0.677
0.677
0.677
0.677
0.676
0.676
0.676
0.676
0.676
0.676
0.676
0.676
0.677
0.677
0.677
0.676
0.676
0.676
0.677
0.677
0.677
0.677
0.677
0.677
0.677
0.677
0.677
0.677
0.677
0.677
0.677
0.676
0.676
0.677
0.676
0.676
0.676
0.676
0.676
0.677
0.677
0.677
0.677
0.676
0.676
0.676
0.675
0.675
0.676
0.676
0.676
0.676
0.676
0.677
0.677
0.677
0.677
0.678
0.677
0.677
0.677
0.677
0.677
0.677
0.677
0.678
0.678
0.677
0.678
0.678
0.678
0.678
0.678
0.678
0.678
0.678
0.678
0.678
0.679
0.679
0.679
0.679
0.679
0.679
0.679
0.679
0.679
0.679
0.679
0.679
0.678
0.678
0.678
0.678
0.677
0.678
0.677
0.677
0.678
0.678
0.677
0.677
0.677
0.677
0.677
0.677
0.677
0.677
0.677
0.678
0.678
0.678
0.678
0.678
0.678
0.677
0.677
0.677
0.676
0.676
0.676
0.676
0.676
0.676
0.676
0.675
0.675
0.675
0.675
0.674
0.674
0.674
0.674
0.674
0.675
0.674
0.674
0.674
0.674
0.673
0.673
0.673
0.673
0.674
0.673
0.673
0.673
0.673
0.673
0.672
0.673
0.673
0.673
0.673
0.674
0.674
0.674
0.674
0.674
0.675
0.675
0.675
0.675
0.676
0.676
0.676
0.676
0.676
0.676
0.676
0.676
0.676
0.675
0.675
0.675
0.675
0.675
0.675
0.675
0.675
0.676
0.676
0.676
0.676
0.676
0.675
0.675
0.675
0.675
0.675
0.675
0.675
0.675
0.675
0.676
0.676
0.676
0.676
0.676
0.676
0.676
0.676
0.676
0.675
0.675
0.675
0.675
0.674
0.675
0.675
0.675
0.675
0.675
0.675
0.675
0.675
0.675
0.675
0.676
0.676
0.676
0.676
0.676
0.676
0.676
0.676
0.675
0.675
0.675
0.675
0.675
0.675
0.675
0.675
0.675
0.675
0.675
0.675
0.675
0.674
0.674
0.674
0.674
0.673
0.673
0.673
0.672
0.672
0.672
0.672
0.672
0.672
0.672
0.672
0.672
0.672
0.672
0.672
0.672
0.672
0.672
0.672
0.672
0.671
0.672
0.671
0.671
0.671
0.671
0.670
0.670
0.670
0.671
0.671
0.671
0.671
0.672
0.672
0.672
0.672
0.672
0.672
0.672
0.672
0.672
0.672
0.672
0.672
0.672
0.672
0.672
0.671
0.671
0.671
0.671
0.671
0.671
0.672
0.671
0.671
0.672
0.672
0.671
0.671
0.671
0.671
0.671
0.671
0.670
0.670
0.670
0.670
0.670
0.670
0.669
0.669
0.669
0.669
0.669
0.669
0.670
0.670
0.669
0.669
0.669
0.669
0.669
0.668
0.668
0.668
0.668
0.668
0.668
0.668
0.669
0.669
0.669
0.669
0.669
0.669
0.669
0.669
0.669
0.669
0.669
0.669
0.669
0.669
0.668
0.668
0.668
0.668
0.668
0.668
0.669
0.669
0.669
0.669
0.669
0.669
0.669
0.669
0.668
0.668
0.668
0.668
0.668
0.667
0.667
0.667
0.668
0.667
0.667
0.668
0.667
0.667
0.667
0.667
0.667
0.666
0.667
0.667
0.667
0.666
0.666
0.666
0.666
0.666
0.666
0.665
0.665
0.665
0.665
0.666
0.666
0.666
0.666
0.667
0.667
0.667
0.667
0.668
0.668
0.668
0.668
0.668
0.668
0.668
0.668
0.668
0.667
0.667
0.667
0.667
0.667
0.666
0.666
0.666
0.666
0.666
0.666
0.666
0.666
0.666
0.666
0.666
0.666
0.666
0.666
0.665
0.665
0.665
0.665
0.666
0.666
0.666
0.666
0.666
0.666
0.666
0.666
0.665
0.665
0.665
0.665
0.665
0.666
0.666
0.666
0.666
0.666
0.666
0.667
0.667
0.667
0.667
0.667
0.667
0.668
0.668
0.668
0.668
0.668
0.668
0.668
0.668
0.668
0.668
0.668
0.668
0.668
0.668
0.668
0.668
0.668
0.668
0.669
0.669
0.669
0.669
0.669
0.670
0.670
0.670
0.671
0.671
0.671
0.671
0.672
0.672
0.672
0.672
0.672
0.673
0.673
0.673
0.673
0.674
0.674
0.674
0.674
0.674
0.674
0.675
0.675
0.675
0.675
0.675
0.675
0.675
0.674
0.674
0.674
0.674
0.674
0.674
0.674
0.674
0.673
0.673
0.673
0.673
0.673
0.674
0.674
0.674
0.674
0.674
0.674
0.674
0.674
0.674
0.675
0.674
0.674
0.674
0.674
0.674
0.674
0.675
0.674
0.674
0.674
0.674
0.674
0.674
0.674
0.674
0.674
0.674
0.674
0.674
0.674
0.674
0.674
0.674
0.673
0.673
0.673
0.673
0.673
0.673
0.672
0.672
0.672
0.672
0.672
0.673
0.673
0.673
0.673
0.673
0.673
0.673
0.673
0.674
0.674
0.674
0.674
0.674
0.674
0.674
0.674
0.674
0.674
0.673
0.673
0.673
0.673
0.673
0.673
0.673
0.672
0.672
0.672
0.672
0.672
0.672
0.673
0.672
0.672
0.672
0.672
0.672
0.672
0.671
0.671
0.671
0.671
0.671
0.671
0.671
0.670
0.670
0.670
0.670
0.670
0.670
0.670
0.670
0.670
0.670
0.671
0.671
0.671
0.671
0.671
0.671
0.671
0.672
0.672
0.672
0.672
0.672
0.672
0.672
0.672
0.672
0.672
0.671
0.671
0.672
0.672
0.672
0.672
0.672
0.672
0.672
0.672
0.672
0.672
0.672
0.672
0.672
0.672
0.672
0.673
0.673
0.673
0.673
0.673
0.674
0.674
0.674
0.674
0.674
0.674
0.674
0.673
0.673
0.673
0.673
0.673
0.673
0.673
0.673
0.673
0.673
0.673
0.673
0.673
0.673
0.673
0.673
0.673
0.673
0.673
0.673
0.673
0.673
0.673
0.674
0.674
0.674
0.674
0.674
0.674
0.673
0.673
0.673
0.673
0.673
0.673
0.674
0.674
0.673
0.674
0.674
0.674
0.674
0.674
0.674
0.674
0.675
0.675
0.675
0.675
0.675
0.675
0.675
0.675
0.675
0.675
0.676
0.675
0.676
0.676
0.676
0.675
0.676
0.676
0.675
0.675
0.675
0.675
0.675
0.675
0.675
0.675
0.675
0.675
0.675
0.674
0.674
0.675
0.675
0.675
0.675
0.675
0.675
0.676
0.676
0.676
0.676
0.676
0.676
0.676
0.676
0.676
0.677
0.677
0.677
0.677
0.677
0.677
0.677
0.677
0.678
0.678
0.678
0.678
0.678
0.678
0.678
0.678
0.678
0.679
0.679
0.679
0.679
0.679
0.679
0.679
0.679
0.679
0.678
0.678
0.678
0.678
0.678
0.678
0.678
0.679
0.679
0.679
0.679
0.679
0.679
0.679
0.679
0.679
0.679
0.679
0.679
0.679
0.679
0.679
0.679
0.679
0.679
0.679
0.679
0.679
0.680
0.679
0.679
0.679
0.679
0.679
0.679
0.679
0.679
0.679
0.679
0.678
0.678
0.678
0.678
0.678
0.678
0.678
0.677
0.677
0.677
0.677
0.677
0.677
0.677
0.677
0.677
0.677
0.677
0.677
0.677
0.677
0.677
0.677
0.677
0.676
0.676
0.676
0.676
0.676
0.676
0.676
0.675
0.675
0.675
0.675
0.675
0.675
0.675
0.675
0.675
0.674
0.674
0.674
0.674
0.674
0.674
0.674
0.674
0.674
0.674
0.673
0.673
0.673
0.673
0.673
0.673
0.673
0.673
0.673
0.673
0.672
0.672
0.672
0.672
0.672
0.672
0.672
0.672
0.672
0.672
0.672
0.672
0.672
0.671
0.671
0.671
0.671
0.671
0.671