Precisão média por imagem
0.432
0.460
0.443
0.455
0.450
0.444
0.441
0.441
0.449
0.449
0.444
0.434
0.427
0.420
0.413
0.406
0.402
0.400
0.398
0.402
0.399
0.394
0.390
0.388
0.387
0.387
0.382
0.378
0.375
0.373
0.371
0.368
0.372
0.377
0.373
0.372
0.370
0.372
0.370
0.367
0.364
0.366
0.363
0.360
0.359
0.358
0.357
0.356
0.355
0.358
0.360
0.358
0.360
0.360
0.362
0.363
0.363
0.361
0.361
0.360
0.362
0.364
0.366
0.367
0.365
0.367
0.370
0.368
0.370
0.371
0.372
0.373
0.371
0.369
0.370
0.371
0.369
0.368
0.368
0.367
0.368
0.368
0.368
0.369
0.369
0.369
0.369
0.369
0.369
0.368
0.369
0.368
0.366
0.366
0.365
0.367
0.366
0.366
0.368
0.368
0.367
0.367
0.367
0.368
0.366
0.367
0.366
0.365
0.367
0.367
0.367
0.366
0.365
0.364
0.364
0.366
0.364
0.363
0.364
0.365
0.364
0.364
0.364
0.366
0.367
0.366
0.366
0.366
0.366
0.367
0.368
0.369
0.369
0.369
0.368
0.367
0.368
0.370
0.369
0.370
0.370
0.371
0.372
0.372
0.373
0.373
0.372
0.371
0.372
0.372
0.373
0.373
0.371
0.371
0.370
0.369
0.371
0.371
0.371
0.370
0.369
0.369
0.368
0.368
0.367
0.366
0.366
0.366
0.367
0.367
0.367
0.368
0.368
0.369
0.370
0.371
0.371
0.372
0.371
0.372
0.372
0.371
0.371
0.370
0.370
0.370
0.370
0.371
0.371
0.371
0.372
0.372
0.372
0.372
0.371
0.371
0.371
0.372
0.372
0.372
0.372
0.371
0.371
0.371
0.370
0.370
0.369
0.369
0.368
0.369
0.369
0.370
0.370
0.369
0.369
0.369
0.368
0.368
0.368
0.369
0.369
0.370
0.370
0.371
0.372
0.372
0.372
0.373
0.373
0.373
0.372
0.372
0.371
0.371
0.370
0.370
0.370
0.370
0.370
0.370
0.370
0.370
0.370
0.371
0.370
0.370
0.370
0.370
0.369
0.370
0.370
0.370
0.370
0.370
0.370
0.370
0.370
0.369
0.369
0.369
0.369
0.368
0.368
0.368
0.368
0.367
0.367
0.367
0.366
0.366
0.366
0.365
0.365
0.366
0.365
0.365
0.365
0.366
0.367
0.367
0.367
0.367
0.367
0.368
0.368
0.368
0.368
0.367
0.367
0.367
0.367
0.366
0.367
0.367
0.367
0.367
0.367
0.367
0.367
0.367
0.368
0.368
0.369
0.369
0.369
0.370
0.370
0.370
0.370
0.371
0.371
0.371
0.371
0.371
0.371
0.370
0.371
0.371
0.371
0.371
0.371
0.372
0.372
0.372
0.373
0.373
0.372
0.372
0.372
0.372
0.372
0.372
0.372
0.372
0.371
0.371
0.371
0.371
0.371
0.372
0.371
0.371
0.371
0.371
0.372
0.372
0.372
0.373
0.372
0.372
0.372
0.372
0.372
0.372
0.373
0.372
0.373
0.373
0.373
0.373
0.373
0.373
0.373
0.373
0.373
0.373
0.373
0.373
0.373
0.372
0.373
0.373
0.373
0.372
0.372
0.372
0.372
0.371
0.371
0.371
0.371
0.371
0.371
0.371
0.371
0.371
0.370
0.370
0.370
0.370
0.370
0.370
0.370
0.371
0.370
0.370
0.370
0.370
0.370
0.370
0.370
0.371
0.371
0.371
0.372
0.372
0.372
0.372
0.372
0.373
0.373
0.373
0.373
0.372
0.372
0.372
0.372
0.371
0.372
0.372
0.372
0.372
0.372
0.372
0.372
0.372
0.372
0.372
0.372
0.372
0.371
0.371
0.371
0.371
0.371
0.371
0.371
0.371
0.370
0.370
0.370
0.370
0.370
0.370
0.371
0.371
0.371
0.371
0.371
0.371
0.371
0.372
0.372
0.372
0.372
0.372
0.372
0.371
0.371
0.371
0.371
0.372
0.371
0.371
0.371
0.371
0.371
0.371
0.371
0.370
0.370
0.370
0.370
0.370
0.370
0.370
0.370
0.369
0.369
0.369
0.370
0.370
0.370
0.370
0.370
0.370
0.370
0.370
0.370
0.370
0.370
0.370
0.370
0.370
0.370
0.370
0.370
0.370
0.370
0.370
0.370
0.370
0.370
0.370
0.370
0.370
0.370
0.370
0.370
0.370
0.370
0.371
0.371
0.371
0.371
0.371
0.371
0.371
0.371
0.371
0.371
0.371
0.370
0.370
0.370
0.370
0.370
0.370
0.370
0.370
0.369
0.369
0.370
0.369
0.369
0.369
0.369
0.369
0.369
0.369
0.369
0.369
0.369
0.369
0.369
0.369
0.369
0.369
0.368
0.368
0.368
0.368
0.368
0.368
0.368
0.368
0.368
0.368
0.368
0.367
0.367
0.367
0.367
0.367
0.367
0.367
0.366
0.367
0.367
0.367
0.367
0.367
0.367
0.367
0.367
0.367
0.367
0.367
0.367
0.367
0.367
0.367
0.366
0.366
0.366
0.366
0.366
0.366
0.365
0.365
0.366
0.366
0.366
0.366
0.366
0.366
0.366
0.366
0.367
0.367
0.367
0.367
0.367
0.367
0.367
0.367
0.367
0.367
0.367
0.367
0.368
0.368
0.368
0.368
0.368
0.368
0.368
0.368
0.368
0.368
0.368
0.368
0.368
0.368
0.368
0.368
0.369
0.369
0.369
0.369
0.369
0.369
0.369
0.369
0.369
0.369
0.369
0.369
0.369
0.369
0.368
0.368
0.368
0.368
0.368
0.368
0.369
0.369
0.369
0.369
0.368
0.368
0.368
0.368
0.368
0.368
0.368
0.368
0.368
0.368
0.368
0.368
0.367
0.367
0.367
0.367
0.367
0.367
0.367
0.366
0.366
0.366
0.367
0.367
0.367
0.367
0.367
0.366
0.366
0.366
0.366
0.366
0.366
0.366
0.366
0.365
0.365
0.365
0.365
0.365
0.365
0.365
0.365
0.365
0.365
0.365
0.365
0.365
0.364
0.364
0.364
0.365
0.364
0.364
0.364
0.364
0.364
0.364
0.364
0.364
0.364
0.364
0.364
0.364
0.364
0.364
0.364
0.364
0.364
0.364
0.364
0.364
0.364
0.364
0.364
0.364
0.364
0.364
0.364
0.364
0.364
0.364
0.364
0.364
0.365
0.365
0.365
0.365
0.364
0.364
0.364
0.364
0.364
0.364
0.364
0.364
0.364
0.365
0.365
0.365
0.365
0.365
0.365
0.365
0.365
0.365
0.365
0.365
0.365
0.365
0.366
0.366
0.366
0.366
0.366
0.366
0.366
0.366
0.366
0.366
0.366
0.366
0.366
0.366
0.366
0.366
0.366
0.366
0.366
0.366
0.366
0.366
0.366
0.366
0.366
0.366
0.366
0.366
0.366
0.366
0.366
0.366
0.366
0.366
0.366
0.366
0.366
0.366
0.366
0.366
0.366
0.366
0.366
0.366
0.366
0.367
0.367
0.367
0.367
0.367
0.367
0.367
0.367
0.367
0.367
0.367
0.367
0.367
0.367
0.366
0.367
0.367
0.367
0.367
0.367
0.367
0.367
0.367
0.367
0.367
0.367
0.367
0.366
0.366
0.366
0.366
0.366
0.367
0.366
0.366
0.367
0.367
0.367
0.367
0.367
0.367
0.367
0.367
0.367
0.367
0.367
0.367
0.367
0.367
0.367
0.367
0.367
0.367
0.367
0.367
0.367
0.367
0.367
0.366
0.366
0.366
0.366
0.366
0.366
0.366
0.366
0.366
0.366
0.366
0.366
0.366
0.366
0.366
0.366
0.366
0.365
0.365
0.365
0.365
0.365
0.365
0.365
0.365
0.365
0.365
0.365
0.365
0.365
0.365
0.365
0.365
0.365
0.365
0.365
0.365
0.365
0.365
0.365
0.365
0.365
0.365
0.365
0.365
0.365
0.365
0.365
0.365
0.365
0.365
0.365
0.365
0.365
0.365
0.365
0.365
0.365
0.365
0.365
0.365
0.365
0.365
0.365
0.365
0.365
0.365
0.365
0.365
0.365
0.365
0.365
0.366
0.365
0.366
0.366
0.366
0.366
0.366
0.366
0.366
0.366
0.366
0.366
0.366
0.366
0.366
0.366
0.366
0.366
0.366
0.366
0.366
0.366
0.366
0.366
0.366
0.366
0.366
0.366
0.367
0.366
0.366
0.366
0.367
0.366
0.366
0.366
0.366
0.366
0.366
0.366
0.366
0.366
0.366
0.366
0.366
0.366
0.366
0.366
0.366
0.366
0.366
0.366
0.366
0.365
0.365
0.365
0.366
0.366
0.366
0.366
0.366
0.366
0.366
0.366
0.366
0.365
0.366
0.366
0.366
0.366
0.365
0.366
0.366
0.366
0.366
0.366
0.366
0.366
0.366
0.366
0.366
0.366
0.366
0.366
0.367
0.366
0.366
0.366
0.366
0.366
0.366
0.366
0.366
0.366
0.366
0.366
0.366
0.366
0.366
0.366
0.366
0.365
0.366
0.366
0.366
0.365
0.366
0.366
0.365
0.365
0.365
0.365
0.366
0.366
0.366
0.366
0.366
0.366
0.366
0.366
0.366
0.366
0.366
0.366
0.365
0.366
0.366
0.366
0.366
0.366
0.366
0.366
0.366
0.365
0.365
0.366
0.366
0.366
0.366
0.366
0.366
0.365
0.366
0.366
0.365
0.366
0.366
0.366
0.366
0.366
0.366
0.366
0.366
0.366
0.366
0.366
0.366
0.366
0.366
0.367
0.366
0.366
0.366
0.366
0.366
0.366
0.366
0.366
0.366
0.366
0.367
0.367
0.367
0.367
0.367
0.367
0.367
0.367
0.367
0.367
0.367
0.367
0.367
0.367
0.367
0.367
0.367
0.367
0.367
0.367
0.367
0.367
0.367
0.367
0.367
0.367
0.367
0.367
0.367
0.367
0.367
0.367
0.367
0.367
0.367
0.367
0.367
0.367
0.366
0.366
0.366
0.366
0.366
0.366
0.366
0.366
0.366
0.366
0.366
0.366
0.366
0.366
0.366
0.366
0.366
0.366
0.366
0.366
0.366
0.366
0.366
0.366
0.366
0.366
0.366
0.366
0.366
0.366
0.366
0.366
0.366
0.366
0.366
0.366
0.366
0.366
0.366
0.366
0.366
0.366
0.366
0.366
0.366
0.366
0.366
0.366
0.366
0.366
0.366
0.366
0.366
0.366
0.366
0.366
0.366
0.366
0.366
0.365
0.365
0.365
0.366
0.366
0.366
0.366
0.366
0.366
0.366
0.366
0.366
0.365
0.365
0.365
0.365
0.366
0.365
0.365
0.365
0.366
0.365
0.365
0.365
0.365
0.365
0.365
0.365
0.365
0.365
0.365
0.365
0.365
0.365
0.365
0.365
0.365
0.365
0.365
0.366
0.366
0.366
0.366
0.366
0.366
0.366
0.366
0.366
0.366
0.366
0.366
0.366
0.366
0.366
0.366
0.366
0.366
0.365
0.365
0.365
0.365
0.365
0.366
0.366
0.366
0.366
0.365
0.365
0.365
0.366
0.366
0.366
0.366
0.365
0.366
0.366
0.366
0.365
0.366
0.366
0.365
0.366
0.366
0.366
0.366
0.366
0.366
0.366
0.366
0.366
0.365
0.365
0.365
0.365
0.365
0.366
0.366
0.366
0.365
0.365
0.365
0.365
0.365
0.365
0.365
0.365
0.365
0.365
0.365
0.365
0.364
0.364
0.364
0.364
0.364
0.364