
0.158
0.133
0.184
0.222
0.204
0.222
0.208
0.235
0.221
0.247
0.245
0.243
0.282
0.315
0.343
0.368
0.393
0.383
0.378
0.365
0.353
0.372
0.369
0.365
0.359
0.351
0.346
0.341
0.345
0.350
0.360
0.368
0.369
0.366
0.381
0.376
0.370
0.376
0.370
0.365
0.364
0.358
0.352
0.351
0.361
0.363
0.369
0.363
0.358
0.354
0.356
0.355
0.358
0.355
0.354
0.350
0.346
0.352
0.351
0.349
0.345
0.342
0.340
0.336
0.340
0.341
0.337
0.334
0.335
0.336
0.332
0.335
0.343
0.343
0.346
0.350
0.351
0.348
0.348
0.346
0.346
0.343
0.340
0.337
0.336
0.336
0.336
0.334
0.331
0.332
0.331
0.333
0.332
0.332
0.330
0.328
0.325
0.325
0.324
0.330
0.330
0.336
0.341
0.341
0.339
0.341
0.340
0.339
0.338
0.335
0.336
0.335
0.333
0.331
0.333
0.334
0.333
0.331
0.333
0.331
0.331
0.333
0.335
0.336
0.336
0.335
0.334
0.334
0.337
0.336
0.335
0.333
0.333
0.331
0.330
0.332
0.334
0.333
0.334
0.333
0.333
0.332
0.333
0.335
0.333
0.331
0.333
0.334
0.333
0.333
0.332
0.330
0.330
0.329
0.328
0.328
0.328
0.331
0.330
0.329
0.329
0.328
0.331
0.329
0.329
0.330
0.329
0.328
0.327
0.328
0.327
0.326
0.327
0.326
0.328
0.328
0.327
0.326
0.324
0.323
0.323
0.322
0.322
0.320
0.323
0.324
0.326
0.325
0.325
0.324
0.324
0.323
0.322
0.322
0.325
0.325
0.324
0.327
0.326
0.329
0.329
0.331
0.333
0.333
0.333
0.331
0.333
0.331
0.331
0.330
0.329
0.328
0.329
0.330
0.330
0.330
0.330
0.329
0.329
0.329
0.330
0.330
0.330
0.331
0.330
0.330
0.331
0.331
0.333
0.332
0.332
0.332
0.333
0.334
0.333
0.333
0.334
0.335
0.335
0.337
0.336
0.337
0.338
0.337
0.339
0.339
0.338
0.338
0.338
0.338
0.338
0.337
0.339
0.338
0.339
0.339
0.339
0.338
0.338
0.337
0.337
0.338
0.338
0.337
0.337
0.336
0.336
0.336
0.337
0.337
0.338
0.338
0.338
0.337
0.337
0.336
0.336
0.335
0.335
0.334
0.334
0.334
0.335
0.337
0.339
0.338
0.337
0.337
0.337
0.337
0.337
0.336
0.335
0.334
0.336
0.336
0.336
0.335
0.335
0.335
0.335
0.334
0.333
0.333
0.334
0.333
0.332
0.332
0.332
0.332
0.333
0.334
0.335
0.335
0.336
0.336
0.335
0.336
0.336
0.337
0.337
0.338
0.337
0.337
0.337
0.338
0.337
0.339
0.339
0.341
0.340
0.340
0.340
0.339
0.339
0.339
0.339
0.340
0.340
0.341
0.340
0.340
0.339
0.340
0.340
0.340
0.339
0.339
0.339
0.338
0.338
0.338
0.338
0.338
0.338
0.337
0.337
0.336
0.337
0.337
0.338
0.338
0.337
0.337
0.336
0.336
0.335
0.335
0.334
0.334
0.334
0.334
0.333
0.333
0.334
0.334
0.334
0.334
0.333
0.334
0.335
0.336
0.338
0.338
0.337
0.336
0.337
0.336
0.336
0.336
0.336
0.336
0.335
0.335
0.335
0.335
0.335
0.334
0.335
0.334
0.334
0.334
0.334
0.334
0.334
0.334
0.334
0.335
0.335
0.335
0.336
0.335
0.336
0.336
0.336
0.335
0.335
0.335
0.334
0.334
0.334
0.334
0.334
0.335
0.335
0.336
0.336
0.336
0.337
0.337
0.338
0.339
0.339
0.340
0.340
0.340
0.340
0.340
0.340
0.339
0.339
0.339
0.339
0.339
0.338
0.338
0.338
0.338
0.337
0.338
0.338
0.338
0.338
0.338
0.337
0.337
0.337
0.337
0.337
0.337
0.337
0.337
0.336
0.337
0.336
0.337
0.337
0.338
0.338
0.339
0.339
0.340
0.340
0.340
0.340
0.341
0.340
0.340
0.340
0.340
0.340
0.339
0.339
0.338
0.338
0.338
0.339
0.339
0.339
0.339
0.340
0.341
0.341
0.341
0.341
0.340
0.341
0.341
0.342
0.342
0.342
0.341
0.341
0.341
0.341
0.340
0.340
0.340
0.340
0.340
0.340
0.340
0.339
0.339
0.339
0.339
0.339
0.339
0.339
0.339
0.338
0.338
0.338
0.338
0.338
0.338
0.338
0.338
0.339
0.340
0.340
0.340
0.339
0.339
0.339
0.339
0.339
0.339
0.339
0.339
0.338
0.338
0.338
0.338
0.337
0.337
0.337
0.337
0.336
0.336
0.336
0.336
0.336
0.335
0.335
0.336
0.337
0.338
0.339
0.340
0.340
0.341
0.342
0.343
0.344
0.345
0.345
0.346
0.347
0.348
0.349
0.350
0.350
0.350
0.350
0.350
0.350
0.350
0.350
0.350
0.350
0.350
0.350
0.350
0.350
0.349
0.349
0.349
0.349
0.349
0.349
0.350
0.350
0.350
0.351
0.352
0.352
0.352
0.353
0.353
0.354
0.353
0.353
0.353
0.353
0.353
0.353
0.353
0.353
0.353
0.353
0.353
0.353
0.352
0.352
0.352
0.352
0.352
0.352
0.352
0.352
0.352
0.351
0.351
0.351
0.351
0.351
0.351
0.351
0.351
0.351
0.351
0.350
0.351
0.350
0.351
0.351
0.351
0.351
0.351
0.351
0.351
0.351
0.350
0.351
0.351
0.351
0.352
0.352
0.351
0.351
0.351
0.352
0.352
0.352
0.352
0.352
0.352
0.352
0.352
0.352
0.352
0.352
0.352
0.352
0.352
0.353
0.352
0.352
0.353
0.352
0.352
0.352
0.352
0.353
0.353
0.353
0.353
0.353
0.353
0.354
0.354
0.354
0.354
0.354
0.354
0.354
0.354
0.354
0.354
0.354
0.354
0.354
0.354
0.354
0.354
0.354
0.354
0.354
0.354
0.354
0.354
0.355
0.355
0.355
0.355
0.355
0.355
0.355
0.355
0.355
0.355
0.355
0.355
0.355
0.355
0.355
0.355
0.354
0.355
0.355
0.355
0.355
0.355
0.355
0.355
0.355
0.355
0.355
0.355
0.355
0.355
0.355
0.355
0.356
0.356
0.356
0.356
0.356
0.356
0.356
0.356
0.355
0.355
0.355
0.356
0.356
0.356
0.356
0.356
0.356
0.356
0.356
0.356
0.356
0.356
0.356
0.356
0.356
0.356
0.356
0.356
0.356
0.356
0.356
0.356
0.356
0.356
0.356
0.356
0.356
0.356
0.356
0.356
0.356
0.356
0.356
0.356
0.356
0.356
0.356
0.356
0.356
0.356
0.356
0.356
0.356
0.356
0.356
0.356
0.356
0.356
0.356
0.356
0.356
0.356
0.357
0.357
0.356
0.356
0.357
0.357
0.357
0.357
0.357
0.357
0.357
0.357
0.357
0.357
0.357
0.357
0.357
0.357
0.357
0.357
0.357
0.357
0.357
0.357
0.357
0.357
0.357
0.357
0.357
0.357
0.357
0.357
0.358
0.358
0.358
0.358
0.358
0.358
0.358
0.358
0.358
0.358
0.358
0.358
0.358
0.358
0.358
0.358
0.358
0.358
0.358
0.358
0.358
0.358
0.359
0.359
0.359
0.359
0.359
0.359
0.359
0.359
0.359
0.359
0.359
0.359
0.359
0.359
0.359
0.359
0.359
0.359
0.360
0.360
0.360
0.360
0.360
0.360
0.360
0.360
0.360
0.360
0.360
0.360
0.360
0.360
0.360
0.360
0.360
0.360
0.360
0.360
0.360
0.360
0.359
0.359
0.359
0.359
0.359
0.359
0.359
0.359
0.359
0.359
0.359
0.359
0.359
0.359
0.359
0.359
0.359
0.359
0.359
0.359
0.359
0.359
0.359
0.359
0.359
0.359
0.359
0.359
0.359
0.358
0.359
0.359
0.359
0.359
0.359
0.359
0.358
0.358
0.358
0.359
0.359
0.359
0.358
0.358
0.358
0.358
0.358
0.358
0.359
0.359
0.359
0.359
0.359
0.359
0.359
0.359
0.359
0.359
0.359
0.359
0.359
0.359
0.359
0.359
0.359
0.359
0.359
0.359
0.359
0.359
0.359
0.359
0.359
0.359
0.359
0.359
0.359
0.359
0.359
0.359
0.359
0.359
0.359
0.359
0.359
0.359
0.359
0.359
0.359
0.359
0.359
0.359
0.359
0.359
0.359
0.359
0.359
0.359
0.359
0.359
0.359
0.359
0.359
0.359
0.359
0.359
0.359
0.359
0.359
0.359
0.359
0.359
0.359
0.359
0.359
0.359
0.359
0.359
0.359
0.359
0.359
0.359
0.359
0.359
0.359
0.359
0.359
0.359
0.359
0.359
0.359
0.359
0.359
0.359
0.359
0.359
0.359
0.359
0.359
0.359
0.359
0.359
0.359
0.358
0.358
0.358
0.358
0.358
0.359
0.358
0.358
0.358
0.358
0.358
0.358
0.358
0.358
0.358
0.358
0.358
0.358
0.358
0.359
0.358
0.358
0.359
0.358
0.358
0.358
0.358
0.358
0.358
0.358
0.358
0.358
0.358
0.358
0.358
0.358
0.358
0.358
0.358
0.358
0.358
0.358
0.358
0.358
0.358
0.358
0.358
0.358
0.358
0.358
0.358
0.358
0.358
0.358
0.358
0.358
0.358
0.358
0.358
0.358
0.358
0.358
0.358
0.358
0.358
0.358
0.358
0.358
0.358
0.358
0.357
0.357
0.357
0.357
0.357
0.357
0.357
0.357
0.357
0.357
0.357
0.357
0.357
0.357
0.357
0.357
0.357
0.357
0.357
0.357
0.357
0.357
0.357
0.357
0.357
0.357
0.357
0.357
0.357
0.357
0.357
0.357
0.357
0.357
0.357
0.357
0.357
0.357
0.357
0.357
0.357
0.357
0.357
0.358
0.358
0.358
0.358
0.358
0.358
0.358
0.358
0.358
0.358
0.357
0.357
0.357
0.357
0.357
0.357
0.357
0.357
0.357
0.357
0.357
0.357
0.357
0.357
0.357
0.357
0.357
0.357
0.357
0.357
0.357
0.357
0.357
0.358
0.358
0.358
0.358
0.358
0.359
0.359
0.359
0.359
0.359
0.360
0.360
0.360
0.360
0.360
0.359
0.359
0.360
0.360
0.360
0.361
0.361
0.360
0.360
0.361
0.361
0.361
0.361
0.362
0.362
0.362
0.362
0.362
0.362
0.362
0.361
0.362
0.362
0.362
0.362
0.362
0.362
0.362
0.362
0.362
0.362
0.362
0.362
0.362
0.362
0.362
0.362
0.362
0.363
0.363
0.363
0.363
0.364
0.363
0.363
0.363
0.364
0.364
0.364
0.365
0.364
0.364
0.365
0.365
0.365
0.365
0.366
0.366
0.366
0.366
0.366
0.365
0.365
0.366
0.366
0.366
0.367
0.367
0.367
0.367
0.367
0.367
0.367
0.367
0.367
0.367
0.367
0.367
0.367
0.367
0.367
0.368
0.367
0.367
0.368
0.368
0.369
0.369
0.368
0.369
0.369
0.369
0.369
0.369
0.369
0.370
0.370
0.371
0.372
0.372
0.371
0.371
0.371
0.372
0.372
0.372
0.372
0.373
0.373
0.372
0.373
0.374
0.374
0.374
0.375
0.375
0.375
0.375
0.375
0.374
0.375
0.375
0.375
0.375
0.375
0.376
0.376
0.376
0.376
0.377
0.377
0.377
0.377
0.378
0.378
0.378
0.378
0.378
0.378
0.379
0.379
0.380
0.380
0.380
0.381
0.381
0.381
0.381
0.381
0.382
0.382
0.382
0.382
0.382
0.382
0.382
0.382
0.383
0.383
0.383
0.383
0.383
0.383
0.384
0.384
0.383
0.383
0.384
0.384
0.384
0.383
0.383
0.383
0.384
0.384
0.384
0.385
0.385
0.385
0.385
0.385
0.385
0.386
0.386
0.386
0.387
0.387
0.387
0.387
0.387
0.387
0.387
0.387
0.387
0.387
0.387
0.387
0.387
0.388
0.388
0.389
0.389
0.389
0.389
0.389
0.389
0.389
0.389
0.389
0.390
0.390
0.390
0.390
0.390
0.390
0.390
0.391
0.391
0.391
0.391
0.391
0.392
0.392
0.392
0.392
0.392
0.392
0.392
0.392
0.392
0.392
0.393
0.392
0.392
0.393
0.393
0.393
0.393
0.393
0.393
0.393
0.393
0.393
0.393
0.393
0.393
0.393
0.393
0.393
0.393
0.393
0.393
0.394
0.394
0.394
0.394
0.394
0.394
0.395
0.394
0.395
0.395
0.395
0.396
0.396
0.396
0.396
0.396
0.396
0.396
0.396
0.396
0.396
0.396
0.397
0.397
0.397
0.397
0.397
0.397
0.397
0.397
0.397
0.397
0.397
0.397
0.397
0.397
0.397
0.397
0.397
0.397
0.398
0.398
0.398
0.399
0.399
0.399
0.399
0.400
0.399
0.400
0.400
0.400
0.400
0.400
0.400
0.400
0.401
0.401
0.401
0.400
0.400
0.401
0.401
0.401
0.401
0.401
0.401
0.401
0.401
0.401
0.401
0.401
0.401
0.401
0.401
0.401
0.401
0.401
0.401
0.401
0.402
0.402
0.402
0.402
0.402
0.403
0.403
0.403
0.403
0.403
0.403
0.403
0.403
0.403
0.403
0.403
0.403
0.403
0.403
0.403
0.403
0.403
0.403
0.403
0.403
0.403
0.403
0.404
0.404
0.404
0.404
0.404
0.404
0.404
0.404
0.405
0.404
0.404
0.404
0.404
0.405
0.405
0.405
0.405
0.405
0.404
0.405
0.405
0.405
0.405
0.405
0.405
0.405
0.405
0.405
0.405
0.405
0.405
0.405
0.405
0.405
0.405
0.405
0.405
0.405
0.405
0.405
0.405
0.405
0.405
0.405
0.405
0.405
0.405
0.405
0.405
0.405
0.405
0.405
0.405
0.405
0.405
0.405
0.405
0.405
0.405
0.405
0.405
0.405
0.405
0.405
0.405
0.405
0.405
0.405
0.405
0.405
0.405
0.405
0.405
0.405
0.405
0.405
0.405
0.405
0.405
0.405
0.405
0.405
0.405
0.405
0.405
0.405
0.405
0.405
0.405
0.405
0.405
0.405
0.405
0.404
0.404
0.404
0.404
0.404
0.404
0.404
0.404
0.404
0.404
0.404
0.404
0.404
0.404
0.404
0.404
0.404
0.404
0.404
0.404
0.404
0.404
0.404
0.404
0.404
0.404
0.404
0.404
0.404
0.404
0.404
0.404
0.404
0.404
0.404
0.404
0.405
0.405
0.405
0.405
0.405
0.405
0.405
0.405
0.405
0.405
0.405
0.405
0.405
0.405
0.405
0.405
0.405
0.405
0.404
0.404
0.404
0.404
0.404
0.404
0.404
0.404
0.404
0.404
0.404
0.404
0.404
0.404
0.404
0.404
0.404
0.404
0.404
0.404
0.404
0.404
0.404
0.404
0.404
0.404
0.404
0.404
0.404
0.404
0.404
0.404
0.404
0.404
0.403
0.403
0.403
0.403
0.403
0.403
0.403
0.403
0.403
0.403
0.403
0.403
0.403
0.403
0.403
0.403
0.403
0.403
0.403
0.403
0.403
0.403
0.403
0.403
0.403
0.403
0.403
0.403
0.402
0.402
0.403
0.403
0.403
0.403
0.403
0.403
0.403
0.403
0.403
0.404
0.404
0.404
0.404
0.404
0.404
0.404
0.405
0.405
0.405
0.405
0.405
0.405
0.405
0.406
0.406
0.406
0.406
0.406
0.406
0.406
0.406
0.406
0.407
0.407
0.407
0.407
0.407
0.407
0.407
0.407
0.407
0.407
0.407
0.407
0.407
0.407
0.407
0.407
0.408
0.408
0.408
0.408
0.408
0.408
0.408
0.407
0.408
0.408
0.407
0.407
0.408
0.408
0.408
0.408
0.408
0.408
0.408
0.408
0.408
0.409
0.409
0.409
0.409
0.409
0.409
0.409
0.410
0.409
0.410
0.409
0.409
0.409
0.409
0.409
0.409
0.409
0.409
0.409
0.409
0.409
0.409
0.409
0.409
0.409
0.409
0.409
0.409
0.409
0.409
0.409
0.409
0.409
0.409
0.409
0.410
0.410
0.410
0.410
0.410
0.410
0.410
0.410
0.410
0.410
0.410
0.410
0.410
0.411
0.410
0.410
0.410
0.410
0.410
0.410
0.410
0.410
0.410
0.410
0.410
0.410
0.410
0.410
0.410
0.410
0.411
0.410
0.410
0.411
0.410
0.410
0.410
0.410
0.410
0.410
0.410
0.410
0.410
0.410
0.410
0.410
0.410
0.410
0.409
0.410
0.410
0.410
0.410
0.410
0.410
0.410
0.410
0.410
0.410
0.410
0.410
0.410
0.409
0.409
0.409
0.409
0.409
0.409
0.409
0.409
0.409
0.409
0.409
0.409
0.409
0.409
0.409
0.409
0.409
0.409
0.408
0.408
0.408
0.408
0.408
0.408
0.408
0.408
0.408
0.408
0.407
0.407
0.407
0.407
0.407
0.407
0.407
0.407
0.407
0.407
0.407
0.407
0.406
0.406
0.406
0.406
0.406
0.406
0.406
0.406
0.406
0.406
0.406
0.406
0.406
0.405
0.405
0.405
0.405
0.405
0.405
0.405
0.405
0.405
0.405
0.405
0.405
0.405
0.404
0.404
0.404
0.404
0.404
0.404
0.404
0.404
0.404
0.404
0.404
0.404
0.404
0.404
0.404
0.404
0.404
0.404
0.403
0.403
0.403
0.403
0.403
0.403
0.403
0.403
0.403
0.403
0.403
0.403
0.403
0.403
0.402
0.402
0.402
0.402
0.402
0.402
0.402
0.402
0.402
0.402
0.402
0.402
0.402
0.402
0.402
0.402
0.402
0.402
0.402
0.402
0.402
0.402
0.402
0.402
0.401
0.401
0.401
0.401
0.401
0.401
0.401
0.401
0.401
0.401
0.401
0.401
0.400
0.400
0.400
0.400
0.400
0.400
0.400
0.400
0.400
0.400
0.400
0.400
0.400
0.400
0.400
0.400
0.400
0.400
0.400
0.400
0.400
0.400
0.399
0.399
0.399
0.399
0.399
0.399
0.399
0.399
0.399
0.399
0.399
0.399
0.399
0.399
0.399
0.399
0.399
0.399
0.398
0.398
0.398
0.398
0.398
0.398
0.398
0.398
0.398
0.398
0.398
0.398
0.398
0.398
0.398
0.398
0.398
0.398
0.398
0.398
0.398
0.398
0.398
0.398
0.398
0.398
0.397
0.397
0.397
0.397
0.397
0.397
0.397
0.397
0.397
0.397
0.397
0.397
0.397
0.397
0.397
0.397
0.397
0.397
0.397
0.397
0.397
0.397
0.397
0.397
0.397
0.396
0.396
0.396
0.396
0.396
0.396
0.396
0.396
0.396
0.396
0.396
0.396
0.396
0.396
0.396
0.396
0.396
0.396
0.396
0.396
0.396
0.396
0.396
0.396
0.395
0.395
0.395
0.395
0.395
0.395
0.395
0.395
0.395
0.395
0.395
0.395
0.395
0.395
0.395
0.395
0.395
0.395
0.395
0.395
0.395
0.395
0.394
0.394
0.394
0.394
0.394
0.394
0.394
0.394
0.394
0.394
0.394
0.394
0.394
0.394
0.394
0.394
0.394
0.394
0.394
0.394
0.394
0.394
0.393
0.393
0.393
0.393
0.393
0.393
0.393
0.393
0.393
0.393
0.393
0.393
0.393
0.393
0.393
0.393
0.393
0.393
0.393
0.393
0.393
0.393
0.393
0.393
0.393
0.392
0.392
0.392
0.392
0.392
0.392
0.392
0.392
0.392
0.392
0.392
0.392
0.392
0.391
0.392
0.391
0.391
0.391
0.391
0.391
0.391
0.391
0.391
0.391
0.391
0.391
0.391
0.391
0.391
0.391
0.391
0.391
0.391
0.391
0.391
0.391
0.391
0.391
0.390
0.390
0.390
0.390
0.390
0.390
0.390
0.390
0.390
0.390
0.390
0.391
0.391
0.391
0.391
0.391
0.391
0.391
0.391
0.391
0.391
0.391
0.391
0.391
0.391
0.391
0.391
0.391
0.391
0.391
0.391
0.391
0.391
0.390
0.390
0.390
0.390
0.390
0.390
0.390
0.390
0.390
0.390
0.390
0.390
0.390
0.390
0.390
0.389
0.389
0.389
0.389
0.389
0.389
0.389
0.389
0.389
0.389
0.389
0.389
0.389
0.389
0.389
0.389
0.389
0.389
0.389
0.388
0.388
0.388
0.388
0.388
0.388
0.388
0.388
0.388
0.388
0.388
0.388
0.388
0.388
0.388
0.388
0.388
0.388
0.387
0.387
0.387
0.387
0.387
0.387
0.387
0.387
0.387
0.387
0.387
0.387
0.387
0.387
0.387
0.387
0.387
0.387
0.387
0.387
0.386
0.386
0.386
0.387
0.387
0.387
0.387
0.386
0.386
0.386
0.387
0.387
0.387
0.387
0.387
0.387
0.387
0.387
0.387
0.387
0.387
0.387
0.387
0.387
0.387
0.388
0.387
0.388
0.388
0.388
0.388
0.388
0.388
0.388
0.388
0.389
0.389
0.389
0.389
0.389
0.389
0.389
0.389
0.389
0.389
0.389
0.389
0.390
0.390
0.390
0.390
0.390
0.390
0.390
0.390
0.390
0.390
0.390
0.390
0.390
0.390
0.390
0.391
0.391
0.391
0.391
0.391
0.391
0.391
0.391
0.391
0.391
0.391
0.391
0.391
0.391
0.391
0.392
0.392
0.392
0.392
0.392
0.392
0.392
0.392
0.392
0.392
0.392
0.392
0.392
0.392
0.392
0.392
0.392
0.392
0.392
0.392
0.392
0.392
0.392
0.392
0.392
0.392
0.392
0.392
0.392
0.392
0.392
0.392
0.392
0.392
0.392
0.392
0.392
0.392
0.392
0.392
0.393
0.393
0.393
0.393
0.393
0.393
0.393
0.393
0.393
0.393
0.393
0.393
0.393
0.393
0.393
0.393
0.393
0.393
0.393
0.393
0.393
0.393
0.393
0.393
0.393
0.393
0.393
0.393
0.393
0.393
0.393
0.393
0.393
0.393
0.393
0.393
0.393
0.393
0.393
0.393
0.393
0.393
0.393
0.393
0.393
0.393
0.393
0.393
0.393
0.393
0.393
0.394
0.393
0.393
0.393
0.393
0.393
0.393
0.393
0.394
0.394
0.393
0.394
0.394
0.394
0.394
0.394
0.394
0.394
0.393
0.393
0.394
0.394
0.394
0.394
0.394
0.394
0.394
0.394
0.394
0.394
0.394
0.394
0.394
0.394
0.394
0.394
0.395
0.395
0.394
0.394
0.394
0.395
0.395
0.395
0.395
0.395
0.395
0.395
0.395
0.395
0.395
0.395
0.395
0.395
0.395
0.395
0.395
0.395
0.395
0.395
0.395
0.395
0.395
0.395
0.395
0.395
0.395
0.395
0.395
0.395
0.395
0.395
0.395
0.395
0.395
0.395
0.395
0.395
0.395
0.395
0.395
0.395
0.395
0.396
0.396