Precisão média por imagem
0.444
0.467
0.453
0.451
0.441
0.436
0.435
0.435
0.440
0.444
0.439
0.435
0.424
0.417
0.412
0.407
0.401
0.399
0.398
0.403
0.401
0.396
0.392
0.390
0.389
0.387
0.386
0.385
0.381
0.378
0.376
0.375
0.377
0.380
0.377
0.374
0.373
0.371
0.369
0.366
0.363
0.363
0.360
0.358
0.357
0.356
0.355
0.354
0.352
0.356
0.358
0.356
0.359
0.359
0.361
0.361
0.360
0.359
0.360
0.360
0.362
0.364
0.367
0.368
0.367
0.369
0.371
0.370
0.371
0.371
0.372
0.373
0.372
0.371
0.372
0.373
0.371
0.370
0.370
0.370
0.369
0.368
0.368
0.368
0.367
0.367
0.366
0.366
0.365
0.365
0.364
0.364
0.363
0.362
0.361
0.363
0.361
0.362
0.363
0.363
0.363
0.362
0.362
0.363
0.362
0.363
0.361
0.360
0.362
0.362
0.362
0.361
0.360
0.359
0.360
0.362
0.360
0.359
0.360
0.361
0.360
0.359
0.360
0.361
0.362
0.361
0.362
0.362
0.361
0.362
0.364
0.364
0.364
0.365
0.364
0.363
0.364
0.365
0.364
0.364
0.366
0.367
0.368
0.369
0.370
0.369
0.369
0.369
0.369
0.370
0.370
0.370
0.369
0.369
0.368
0.368
0.369
0.370
0.369
0.368
0.368
0.367
0.367
0.366
0.366
0.366
0.365
0.365
0.366
0.366
0.366
0.367
0.368
0.369
0.369
0.370
0.371
0.371
0.371
0.371
0.371
0.371
0.370
0.370
0.369
0.370
0.369
0.371
0.370
0.371
0.372
0.372
0.371
0.371
0.370
0.370
0.370
0.371
0.371
0.371
0.371
0.370
0.370
0.370
0.370
0.369
0.369
0.368
0.368
0.369
0.369
0.369
0.370
0.370
0.369
0.369
0.368
0.369
0.369
0.369
0.369
0.370
0.370
0.371
0.371
0.372
0.372
0.372
0.372
0.372
0.372
0.371
0.371
0.370
0.370
0.370
0.369
0.370
0.370
0.370
0.370
0.370
0.370
0.370
0.370
0.369
0.369
0.369
0.368
0.369
0.369
0.369
0.368
0.368
0.368
0.368
0.368
0.367
0.367
0.367
0.367
0.366
0.366
0.366
0.366
0.366
0.366
0.365
0.365
0.364
0.364
0.364
0.364
0.364
0.364
0.364
0.364
0.365
0.365
0.366
0.366
0.365
0.365
0.366
0.366
0.366
0.366
0.366
0.366
0.365
0.365
0.365
0.365
0.365
0.366
0.366
0.366
0.366
0.365
0.366
0.366
0.366
0.367
0.367
0.367
0.368
0.368
0.368
0.369
0.369
0.369
0.369
0.369
0.369
0.369
0.369
0.369
0.369
0.369
0.369
0.370
0.370
0.371
0.371
0.371
0.371
0.371
0.370
0.370
0.370
0.370
0.370
0.370
0.370
0.370
0.370
0.369
0.369
0.369
0.370
0.370
0.370
0.369
0.369
0.370
0.370
0.370
0.370
0.370
0.370
0.370
0.370
0.370
0.370
0.370
0.370
0.370
0.370
0.371
0.370
0.370
0.371
0.371
0.371
0.370
0.371
0.371
0.370
0.370
0.370
0.370
0.371
0.370
0.370
0.370
0.370
0.369
0.369
0.369
0.369
0.369
0.369
0.369
0.369
0.369
0.369
0.369
0.368
0.368
0.368
0.368
0.368
0.368
0.369
0.368
0.368
0.368
0.368
0.368
0.368
0.369
0.369
0.369
0.369
0.369
0.370
0.370
0.370
0.370
0.371
0.371
0.371
0.371
0.370
0.370
0.370
0.370
0.370
0.370
0.370
0.370
0.370
0.370
0.370
0.371
0.370
0.370
0.370
0.370
0.370
0.370
0.369
0.369
0.369
0.369
0.369
0.369
0.369
0.368
0.368
0.368
0.368
0.368
0.369
0.369
0.369
0.370
0.369
0.369
0.370
0.370
0.370
0.370
0.370
0.371
0.370
0.370
0.370
0.370
0.370
0.370
0.370
0.370
0.370
0.370
0.370
0.369
0.369
0.369
0.369
0.369
0.369
0.368
0.368
0.368
0.368
0.368
0.368
0.367
0.368
0.368
0.368
0.368
0.368
0.368
0.368
0.368
0.368
0.368
0.368
0.369
0.369
0.369
0.368
0.369
0.369
0.369
0.369
0.369
0.368
0.369
0.368
0.368
0.368
0.368
0.369
0.369
0.368
0.368
0.368
0.369
0.369
0.369
0.370
0.369
0.369
0.369
0.369
0.369
0.369
0.369
0.369
0.369
0.368
0.368
0.368
0.368
0.368
0.368
0.368
0.368
0.368
0.368
0.368
0.368
0.368
0.368
0.368
0.368
0.368
0.368
0.368
0.368
0.368
0.367
0.367
0.367
0.367
0.367
0.367
0.367
0.367
0.367
0.367
0.367
0.367
0.367
0.366
0.366
0.366
0.366
0.366
0.366
0.365
0.366
0.365
0.365
0.365
0.366
0.365
0.366
0.365
0.365
0.365
0.365
0.365
0.365
0.365
0.365
0.365
0.365
0.365
0.365
0.365
0.365
0.365
0.365
0.364
0.364
0.364
0.364
0.364
0.364
0.365
0.365
0.365
0.365
0.365
0.365
0.365
0.365
0.365
0.365
0.365
0.365
0.365
0.365
0.365
0.365
0.366
0.366
0.366
0.366
0.366
0.366
0.366
0.366
0.366
0.366
0.366
0.366
0.366
0.366
0.366
0.366
0.366
0.367
0.367
0.366
0.367
0.367
0.367
0.367
0.367
0.367
0.367
0.367
0.366
0.366
0.366
0.366
0.366
0.366
0.366
0.366
0.366
0.366
0.366
0.366
0.366
0.366
0.366
0.365
0.365
0.366
0.366
0.366
0.366
0.365
0.365
0.365
0.365
0.365
0.365
0.364
0.364
0.364
0.364
0.364
0.364
0.364
0.364
0.364
0.364
0.364
0.364
0.364
0.364
0.364
0.363
0.363
0.363
0.363
0.363
0.363
0.363
0.363
0.362
0.362
0.362
0.362
0.362
0.363
0.363
0.362
0.362
0.362
0.362
0.362
0.362
0.362
0.362
0.362
0.362
0.362
0.362
0.362
0.362
0.362
0.362
0.362
0.362
0.362
0.362
0.362
0.362
0.362
0.362
0.361
0.361
0.361
0.361
0.361
0.362
0.361
0.361
0.361
0.361
0.361
0.361
0.362
0.362
0.362
0.362
0.362
0.362
0.362
0.362
0.362
0.362
0.362
0.362
0.362
0.361
0.362
0.362
0.362
0.362
0.362
0.362
0.362
0.362
0.362
0.362
0.362
0.362
0.362
0.362
0.362
0.363
0.363
0.363
0.363
0.363
0.363
0.363
0.363
0.363
0.363
0.363
0.363
0.363
0.364
0.363
0.363
0.364
0.364
0.364
0.363
0.364
0.363
0.363
0.363
0.363
0.363
0.363
0.363
0.363
0.363
0.363
0.363
0.364
0.364
0.364
0.363
0.363
0.363
0.363
0.363
0.363
0.363
0.364
0.364
0.364
0.364
0.364
0.364
0.364
0.364
0.364
0.364
0.364
0.364
0.364
0.365
0.364
0.364
0.364
0.364
0.364
0.364
0.364
0.364
0.364
0.364
0.364
0.364
0.364
0.364
0.364
0.364
0.364
0.364
0.364
0.364
0.364
0.364
0.364
0.364
0.364
0.364
0.364
0.364
0.364
0.364
0.364
0.364
0.364
0.364
0.364
0.364
0.364
0.364
0.364
0.364
0.364
0.364
0.364
0.364
0.364
0.364
0.364
0.364
0.364
0.363
0.363
0.363
0.363
0.364
0.363
0.363
0.363
0.363
0.363
0.363
0.363
0.363
0.363
0.363
0.363
0.363
0.363
0.362
0.363
0.363
0.362
0.363
0.363
0.362
0.362
0.362
0.363
0.362
0.363
0.363
0.363
0.363
0.362
0.362
0.362
0.362
0.362
0.362
0.362
0.362
0.362
0.362
0.362
0.362
0.362
0.362
0.362
0.362
0.362
0.362
0.362
0.362
0.362
0.362
0.363
0.363
0.363
0.363
0.363
0.363
0.363
0.363
0.363
0.363
0.362
0.363
0.363
0.363
0.363
0.363
0.363
0.363
0.363
0.363
0.363
0.363
0.363
0.363
0.363
0.363
0.363
0.363
0.363
0.363
0.363
0.363
0.363
0.363
0.363
0.363
0.363
0.363
0.363
0.363
0.363
0.363
0.363
0.363
0.363
0.363
0.363
0.363
0.363
0.363
0.363
0.363
0.363
0.363
0.363
0.363
0.363
0.363
0.363
0.363
0.363
0.363
0.363
0.363
0.363
0.363
0.363
0.363
0.363
0.362
0.362
0.362
0.363
0.363
0.363
0.363
0.363
0.363
0.363
0.362
0.362
0.362
0.362
0.362
0.362
0.362
0.362
0.362
0.362
0.362
0.363
0.363
0.363
0.363
0.363
0.363
0.363
0.363
0.363
0.363
0.363
0.363
0.363
0.363
0.363
0.363
0.363
0.363
0.363
0.363
0.362
0.362
0.362
0.362
0.362
0.362
0.362
0.362
0.362
0.362
0.362
0.362
0.362
0.362
0.362
0.362
0.362
0.362
0.362
0.362
0.362
0.362
0.362
0.362
0.362
0.362
0.362
0.362
0.362
0.362
0.362
0.362
0.362
0.362
0.362
0.362
0.362
0.362
0.362
0.362
0.362
0.362
0.362
0.362
0.362
0.362
0.362
0.362
0.362
0.362
0.362
0.362
0.362
0.362
0.362
0.362
0.362
0.362
0.362
0.363
0.363
0.363
0.363
0.363
0.363
0.363
0.363
0.363
0.363
0.363
0.363
0.363
0.363
0.363
0.363
0.363
0.363
0.363
0.363
0.363
0.363
0.363
0.364
0.364
0.364
0.364
0.364
0.364
0.364
0.363
0.364
0.363
0.363
0.363
0.363
0.363
0.363
0.363
0.364
0.364
0.364
0.363
0.363
0.363
0.363
0.363
0.363
0.363
0.363
0.363
0.363
0.363
0.363
0.363
0.363
0.363
0.363
0.363
0.363
0.363
0.363
0.363
0.363
0.363
0.363
0.363
0.363
0.363
0.363
0.363
0.363
0.363
0.363
0.363
0.363
0.363
0.363
0.363
0.363
0.363
0.363
0.363
0.363
0.363
0.363
0.363
0.363
0.363
0.363
0.363
0.363
0.363
0.363
0.363
0.363
0.363
0.363
0.363
0.363
0.363
0.363
0.362
0.362
0.362
0.363
0.363
0.363
0.363
0.363
0.363
0.363
0.362
0.362
0.362
0.362
0.362
0.362
0.363
0.363
0.363
0.363
0.363
0.363
0.363
0.362
0.362
0.362
0.362
0.362
0.362
0.362
0.362
0.362
0.363
0.362
0.362
0.362
0.362
0.362
0.362
0.362
0.362
0.362
0.362
0.362
0.362
0.362
0.362
0.362
0.362
0.362
0.362
0.362
0.363
0.363
0.363
0.363
0.363
0.363
0.363
0.363
0.363
0.363
0.363
0.363
0.363
0.363
0.363
0.363
0.363
0.362
0.362
0.362
0.362
0.362
0.363
0.363
0.363
0.363
0.362
0.362
0.362
0.363
0.363
0.363
0.363
0.363
0.363
0.363
0.363
0.362
0.363
0.362
0.362
0.362
0.362
0.363
0.363
0.363
0.363
0.363
0.363
0.363
0.362
0.362
0.362
0.362
0.362
0.362
0.363
0.362
0.362
0.362
0.362
0.362
0.362
0.362
0.362
0.362
0.362
0.362
0.362
0.362
0.362
0.361
0.361
0.361
0.361
0.361