20586908 2 0.3964 0.1315 7503.4800 1831.6572 0.9400 11.7403 230.5164 1.6758 1.7650 0.1169 0.3744 -0.7826 0.9467 1.0448 
20586934 5 0.4671 0.1593 8086.4795 1836.7491 0.9562 12.1378 317.6840 1.5378 1.6018 0.1510 0.3025 -0.8176 0.9437 1.0260 
20586960 2 0.3439 0.1719 11217.1807 2465.0042 0.9289 14.0807 276.6955 1.8729 1.9816 0.1510 0.4196 -0.7718 0.9576 1.0440 
20586986 5 0.4166 0.1051 3486.3982 811.5713 0.9557 8.0441 116.7657 1.5651 1.6274 0.0972 0.3012 -0.8123 0.9444 1.0265 
20587054 4 0.4744 0.1056 5062.8652 791.9529 0.9535 9.5580 205.8459 1.5266 1.5951 0.0968 0.3142 -0.8121 0.9417 1.0329 
20587080 4 0.3228 0.1963 16512.6582 3190.0020 0.9160 16.6560 370.6682 2.0580 2.1960 0.1669 0.4751 -0.7659 0.9666 1.0461 
20587148 2 0.6647 0.0668 1851.7769 209.1815 0.9728 5.3587 127.4149 0.9407 0.9794 0.0638 0.2119 -0.8238 0.8637 1.1425 
20587174 2 0.6829 0.0793 1415.7827 212.5853 0.9832 4.6380 102.1024 0.8396 0.8644 0.0780 0.1474 -0.8619 0.8541 1.0770 
20587200 2 0.4789 0.0982 4105.4961 807.5457 0.9545 8.6591 169.5488 1.4524 1.5182 0.0899 0.3082 -0.8068 0.9334 1.0908 
20587226 2 0.5408 0.0787 2658.6746 455.2123 0.9639 6.9029 132.9646 1.2558 1.3073 0.0735 0.2614 -0.8191 0.9146 1.0703 
20587294 2 0.3860 0.2250 16773.3320 4110.8091 0.9120 17.6825 497.4765 1.6568 1.8101 0.1921 0.4952 -0.7158 0.9310 1.0927 
20587320 2 0.3591 0.1958 11383.7725 2437.2808 0.9460 14.7431 296.4031 1.5810 1.6586 0.1831 0.3498 -0.7785 0.9375 1.1075 
20587346 2 0.2954 0.2324 22058.7344 3980.9761 0.9016 19.5074 435.8112 1.9868 2.1517 0.1920 0.5242 -0.7254 0.9557 1.0807 
20587372 2 0.2491 0.2192 22513.6660 3959.6650 0.9027 19.4793 343.5953 2.0111 2.1632 0.1803 0.5116 -0.7180 0.9545 1.0894 
20587466 2 0.6929 0.1438 3172.7380 484.9850 0.9792 6.6524 231.3466 0.9839 1.0140 0.1417 0.1742 -0.8650 0.8868 1.1209 
20587492 2 0.6513 0.0994 3618.3745 472.3380 0.9595 7.3746 239.9976 1.1441 1.2143 0.0926 0.2913 -0.8096 0.8988 1.0559 
20587518 2 0.5845 0.1116 4893.7124 826.7895 0.9556 8.9206 275.3922 1.3369 1.4117 0.1033 0.3104 -0.8167 0.9259 1.0848 
20587544 2 0.7237 0.0763 2595.6870 222.2944 0.9702 5.7931 202.8137 0.9275 0.9779 0.0725 0.2318 -0.8264 0.8644 1.0623 
20587612 5 0.4205 0.1173 5438.3750 1262.5010 0.9451 10.2232 183.6522 1.4581 1.5382 0.1051 0.3512 -0.7752 0.9258 1.1192 
20587638 2 0.4293 0.1385 6973.0317 1229.4008 0.9608 11.5827 239.0946 1.4103 1.4676 0.1318 0.2798 -0.8147 0.9310 1.1031 
20587664 5 0.3670 0.1630 8454.8086 1797.9355 0.9310 12.5517 231.6665 1.6731 1.7784 0.1435 0.4117 -0.7589 0.9413 1.1079 
20587690 2 0.3507 0.1470 6390.2568 1235.3450 0.9385 10.8640 164.0170 1.6863 1.7754 0.1316 0.3779 -0.7795 0.9467 1.1114 
20587758 3 0.4052 0.1377 9952.7393 1786.3104 0.9409 13.3336 316.0563 1.7570 1.8463 0.1233 0.3713 -0.7978 0.9557 1.1819 
20587784 3 0.3607 0.1742 14288.1680 3241.0159 0.9260 15.7769 378.2373 1.9203 2.0378 0.1516 0.4339 -0.7756 0.9613 1.0297 
20587810 3 0.2990 0.1883 18158.1895 3155.8037 0.9176 17.2257 360.4156 2.1134 2.2434 0.1604 0.4640 -0.7699 0.9693 1.0254 
20587836 3 0.4812 0.1419 8380.1445 1838.4929 0.9415 12.2613 346.3636 1.5540 1.6483 0.1277 0.3737 -0.7859 0.9388 1.0537 
20587902 3 0.5885 0.1292 5059.2075 825.2819 0.9490 9.0818 287.0679 1.3333 1.4248 0.1181 0.3465 -0.7966 0.9209 1.1120 
20587928 3 0.4536 0.1305 7300.6821 1249.1421 0.9431 11.2887 278.4518 1.7183 1.8092 0.1172 0.3654 -0.8086 0.9560 1.0980 
20587994 6 0.3981 0.1385 8749.8809 1802.3887 0.9375 12.6715 270.4716 1.6753 1.7692 0.1226 0.3850 -0.7771 0.9456 1.0590 
20588020 2 0.3774 0.2417 14768.4209 3217.7856 0.9480 16.3572 415.1431 1.7423 1.8184 0.2296 0.3416 -0.8047 0.9557 1.0340 
20588046 6 0.2652 0.2186 22626.2383 4002.3171 0.9027 18.9239 375.5804 2.1884 2.3470 0.1796 0.5170 -0.7457 0.9687 1.0535 
20588072 2 0.2832 0.2104 21445.8750 4017.4111 0.9072 18.7529 393.1600 2.1033 2.2535 0.1750 0.5013 -0.7472 0.9653 1.0476 
20588138 1 0.3262 0.1952 17815.6191 3159.3359 0.9174 17.3589 404.0421 2.0370 2.1704 0.1670 0.4666 -0.7664 0.9656 1.0387 
20588164 1 0.4575 0.1434 8313.6084 1831.5271 0.9390 12.2583 317.9978 1.6139 1.7114 0.1280 0.3833 -0.7823 0.9427 1.0227 
20588190 4 0.4846 0.2550 10072.2539 1808.5104 0.9492 13.4224 419.4146 1.5697 1.6485 0.2432 0.3391 -0.8058 0.9442 1.0310 
20588216 4 0.3327 0.2052 18006.8457 3156.5505 0.9136 17.4867 421.1464 2.0259 2.1694 0.1741 0.4833 -0.7594 0.9641 1.0495 
20588308 3 0.5394 0.1220 6624.8008 1281.6082 0.9505 10.6982 326.8225 1.4423 1.5219 0.1118 0.3320 -0.8054 0.9334 1.1797 
20588334 3 0.6656 0.1040 4273.3579 857.0727 0.9603 7.9734 291.2966 1.0819 1.1500 0.0973 0.2867 -0.8039 0.8868 1.0618 
20588458 2 0.4180 0.1597 10420.6602 2499.2744 0.9328 13.7324 346.8102 1.7054 1.8128 0.1410 0.4094 -0.7729 0.9475 1.0466 
20588510 2 0.2705 0.2281 23783.8887 3988.1316 0.9019 19.2699 405.2650 2.2272 2.3900 0.1881 0.5229 -0.7494 0.9710 1.0541 
20588536 5 0.2692 0.2205 20592.0000 4070.0059 0.9048 17.7461 350.3451 2.2875 2.4447 0.1829 0.5126 -0.7609 0.9747 1.0617 
20588562 5 0.3131 0.1985 16740.1836 3190.9719 0.9141 16.5880 359.4057 2.1279 2.2686 0.1680 0.4805 -0.7682 0.9699 1.0617 
20588654 2 0.4355 0.1372 5487.1919 1274.1318 0.9436 9.9784 195.9440 1.6309 1.7169 0.1241 0.3604 -0.7913 0.9456 1.0334 
20588680 3 0.3867 0.1408 5916.3750 1257.0096 0.9424 10.3248 175.8423 1.7196 1.8044 0.1273 0.3628 -0.7920 0.9518 1.0450 
22427682 2 0.4379 0.1809 6820.0596 1242.1729 0.9231 11.2632 246.3242 1.5466 1.6804 0.1562 0.4533 -0.7334 0.9257 1.0807 
22427704 5 0.5294 0.2015 7514.6538 1260.4722 0.9535 11.5493 358.7509 1.3929 1.4655 0.1918 0.3184 -0.8014 0.9267 1.0346 
22427728 2 0.3165 0.2530 11273.5488 2469.6677 0.9009 13.8460 249.2640 2.0020 2.1769 0.2114 0.5343 -0.7308 0.9582 1.1866 
22427752 5 0.3911 0.1713 5204.7856 1274.7538 0.9291 9.6990 159.1867 1.7295 1.8435 0.1506 0.4232 -0.7650 0.9476 1.0441 
22427840 5 0.6358 0.1097 2889.8142 471.1908 0.9555 6.7590 185.0072 1.1212 1.1987 0.1014 0.3121 -0.7867 0.8878 1.0476 
22427864 2 0.5003 0.2096 8643.9736 1836.9928 0.9245 12.4956 379.4703 1.4606 1.6013 0.1848 0.4562 -0.7329 0.9180 1.0452 
22579730 5 0.4553 0.1419 5543.3418 1277.0111 0.9373 10.0089 212.4066 1.5959 1.6975 0.1257 0.3915 -0.7771 0.9402 1.0675 
22579754 2 0.3916 0.1892 8805.1260 1807.6941 0.9221 12.5231 266.8867 1.8031 1.9347 0.1638 0.4550 -0.7580 0.9515 1.0305 
22579848 2 0.5156 0.2040 7891.1631 1862.5985 0.9259 11.7899 363.5547 1.5036 1.6451 0.1799 0.4534 -0.7470 0.9268 1.0828 
22579870 4 0.5374 0.1404 5700.7739 1296.1116 0.9603 9.9472 280.1758 1.4051 1.4643 0.1336 0.2826 -0.8249 0.9337 1.0620 
22579892 2 0.3708 0.2518 13073.6914 2435.9622 0.9031 15.1188 364.0099 1.9145 2.0938 0.2113 0.5346 -0.7316 0.9541 1.0690 
22579916 4 0.4131 0.1755 6965.1348 1245.2996 0.9256 11.0567 231.0966 1.7918 1.9209 0.1524 0.4443 -0.7705 0.9538 1.0906 
22580016 2 0.4727 0.1053 3089.8420 437.1683 0.9535 7.6985 125.5198 1.3035 1.3703 0.0965 0.3129 -0.7804 0.9091 1.1017 
22580038 5 0.4570 0.1268 4648.5439 789.8472 0.9626 9.3691 176.8009 1.3996 1.4530 0.1207 0.2701 -0.8188 0.9307 1.0839 
22580068 2 0.3808 0.1277 4499.3940 785.6080 0.9402 9.1092 131.3797 1.6434 1.7309 0.1134 0.3717 -0.7745 0.9421 1.0736 
22580098 5 0.3553 0.1627 6420.3921 1237.8026 0.9271 10.8209 168.5615 1.7372 1.8491 0.1410 0.4267 -0.7496 0.9438 1.0426 
22580192 3 0.4040 0.2323 12007.3936 2451.3315 0.9090 14.8961 382.3093 1.6553 1.8215 0.1968 0.5121 -0.7130 0.9310 1.0848 
22580218 1 0.4117 0.2362 11697.0244 2462.7454 0.9093 14.6649 383.0031 1.6561 1.8237 0.2007 0.5128 -0.7167 0.9323 1.0933 
22580244 3 0.2908 0.3117 21986.6074 4014.1201 0.8804 18.9315 424.5901 2.1523 2.3780 0.2494 0.6126 -0.7129 0.9633 1.1642 
22580270 1 0.3067 0.2960 19354.4258 4070.4751 0.8861 17.9564 405.1946 2.0952 2.3096 0.2397 0.5932 -0.7151 0.9609 1.0621 
22580340 2 0.5847 0.1260 5241.1973 820.7548 0.9495 9.3067 293.6116 1.3249 1.4120 0.1152 0.3422 -0.7943 0.9187 1.1044 
22580368 2 0.5692 0.1760 5008.5273 818.6353 0.9577 9.1660 269.6812 1.3611 1.4276 0.1680 0.2980 -0.8176 0.9278 1.0508 
22580392 2 0.4917 0.1397 7989.6226 1853.7687 0.9410 11.8725 342.2039 1.5813 1.6793 0.1252 0.3776 -0.7917 0.9428 1.0844 
22580420 2 0.4522 0.1540 9371.1943 1812.3188 0.9351 12.9262 352.5492 1.6816 1.7893 0.1364 0.4024 -0.7836 0.9487 1.0504 
22580492 2 0.5472 0.1323 6189.0889 1288.0886 0.9462 10.4026 311.6901 1.3567 1.4454 0.1202 0.3535 -0.7798 0.9176 1.0257 
22580520 5 0.5348 0.1585 5970.8994 1292.9056 0.9617 10.1221 291.8046 1.4688 1.5255 0.1521 0.2753 -0.8369 0.9425 1.0511 
22580548 2 0.3927 0.1806 12324.4365 2454.0461 0.9238 14.7924 373.0745 1.8347 1.9614 0.1565 0.4463 -0.7660 0.9550 1.0256 
22580576 5 0.3914 0.1522 10301.5557 1779.4030 0.9331 13.4702 310.9701 1.8479 1.9524 0.1338 0.4048 -0.7883 0.9596 1.0616 
22580654 5 0.5635 0.1568 5088.4839 818.2874 0.9389 9.1956 271.1124 1.4129 1.5277 0.1406 0.3974 -0.7777 0.9255 1.1552 
22580680 2 0.6461 0.1476 3912.3335 850.1879 0.9674 7.8938 254.3445 0.9848 1.0340 0.1428 0.2455 -0.8053 0.8669 1.0675 
22580706 5 0.3450 0.2505 8847.9199 1822.3398 0.9230 11.9445 227.4884 2.1106 2.2445 0.2247 0.4557 -0.7908 0.9730 1.1046 
22580732 2 0.5121 0.1909 5736.0850 1285.4940 0.9332 10.1303 262.5854 1.4415 1.5614 0.1717 0.4166 -0.7558 0.9218 1.0678 
22613624 2 0.5703 0.1700 5729.7021 1302.3870 0.9358 9.9702 307.7834 1.2391 1.3600 0.1521 0.4094 -0.7345 0.8907 1.0510 
22613650 6 0.6082 0.1158 3128.0420 462.3198 0.9666 7.2123 186.4473 1.1358 1.1847 0.1110 0.2486 -0.8203 0.8984 1.2045 
22613676 2 0.4929 0.1629 5572.8438 1282.6608 0.9357 10.0522 240.3633 1.4713 1.5808 0.1455 0.4015 -0.7600 0.9250 1.0389 
22613702 6 0.5452 0.1561 4517.6245 817.4411 0.9414 8.8371 228.3076 1.4019 1.5056 0.1414 0.3808 -0.7748 0.9224 1.1029 
22613770 5 0.5823 0.1023 3481.7385 454.5848 0.9558 7.6928 194.4864 1.2229 1.2927 0.0943 0.3067 -0.7958 0.9047 1.0964 
22613796 2 0.5475 0.1714 5974.0869 1287.3895 0.9540 10.3493 300.7365 1.2355 1.3056 0.1621 0.3145 -0.7837 0.9021 1.0736 
22613822 5 0.5319 0.1506 4828.9731 807.9783 0.9412 9.2340 234.0876 1.3949 1.4955 0.1360 0.3788 -0.7690 0.9194 1.0839 
22613848 1 0.5100 0.1865 6116.9702 1273.4880 0.9346 10.5829 277.6008 1.3481 1.4608 0.1682 0.4070 -0.7403 0.9056 1.0692 
22613918 4 0.5740 0.1593 5914.3013 1300.1544 0.9426 10.1202 320.5422 1.2192 1.3204 0.1452 0.3744 -0.7523 0.8923 1.0612 
22613944 1 0.5946 0.1571 4999.5313 821.7003 0.9444 9.2067 286.4189 1.1616 1.2612 0.1438 0.3673 -0.7507 0.8831 1.0599 
22613970 4 0.4502 0.2002 9178.5225 1809.5629 0.9218 12.9362 343.1418 1.6034 1.7426 0.1741 0.4622 -0.7404 0.9331 1.0761 
22613996 1 0.5071 0.1565 5731.5420 1281.7500 0.9382 10.1968 257.6169 1.3951 1.4984 0.1405 0.3895 -0.7574 0.9158 1.0914 
22614074 5 0.2691 0.1702 7482.9971 1814.4393 0.9188 11.5474 129.0572 1.8706 1.9912 0.1436 0.4526 -0.7340 0.9489 1.0850 
22614096 2 0.2570 0.1331 9919.3818 1752.8757 0.9490 13.1316 147.8948 1.8507 1.9221 0.1224 0.3333 -0.7988 0.9603 1.0716 
22614128 5 0.2377 0.3241 22654.0059 4000.2595 0.8763 18.7655 325.3732 2.2143 2.4362 0.2588 0.6101 -0.6953 0.9619 1.0513 
22614150 2 0.2794 0.2255 9798.1348 1770.3267 0.9057 12.9035 179.7558 1.9690 2.1212 0.1887 0.5051 -0.7234 0.9536 1.0549 
22614236 5 0.5113 0.1726 5858.7124 1281.4645 0.9609 10.2622 265.5848 1.4033 1.4606 0.1657 0.2797 -0.8222 0.9325 1.0448 
22614266 5 0.3584 0.2003 8837.0664 1808.1715 0.9154 12.3253 235.7242 1.9334 2.0791 0.1704 0.4823 -0.7602 0.9600 1.1011 
22614352 2 0.4297 0.1458 8835.9180 1802.8818 0.9364 12.8813 307.3448 1.5217 1.6202 0.1292 0.3921 -0.7577 0.9279 1.0666 
22614380 5 0.3837 0.1848 9801.8965 1772.0636 0.9530 13.4799 283.1900 1.6440 1.7112 0.1751 0.3182 -0.8091 0.9497 1.0916 
22614404 2 0.2973 0.1454 9867.2725 1767.4268 0.9308 13.0552 194.4114 1.8953 1.9954 0.1262 0.4076 -0.7710 0.9581 1.1467 
22614432 5 0.2735 0.2007 17292.6309 3161.7039 0.9089 16.8543 301.5886 2.0750 2.2181 0.1668 0.4926 -0.7448 0.9632 1.1133 
22614500 2 0.4230 0.1664 7111.2173 1237.6321 0.9284 11.3628 242.5459 1.6630 1.7814 0.1453 0.4290 -0.7580 0.9413 1.0487 
22614522 4 0.3629 0.2367 13106.9219 2430.8376 0.9343 15.1517 349.8924 1.8888 1.9902 0.2179 0.4021 -0.7864 0.9612 1.0228 
22614544 2 0.3058 0.2033 12182.8887 2451.2451 0.9091 14.2356 253.3001 2.0485 2.1996 0.1693 0.4990 -0.7464 0.9627 1.0528 
22614568 4 0.2848 0.2499 16604.3711 3195.8169 0.8963 16.2783 309.6351 2.1782 2.3599 0.2045 0.5488 -0.7358 0.9673 1.0280 
22670094 6 0.5069 0.1737 6769.2378 1261.1157 0.9307 11.1336 304.2693 1.3591 1.4826 0.1533 0.4264 -0.7365 0.9067 1.0982 
22670124 2 0.4883 0.1589 6099.3599 1265.2338 0.9591 10.6717 256.9328 1.3324 1.3914 0.1515 0.2882 -0.8048 0.9199 1.0761 
22670148 6 0.4714 0.1979 7350.7944 1243.2930 0.9250 11.5968 296.5335 1.5217 1.6575 0.1738 0.4502 -0.7409 0.9260 1.1164 
22670176 2 0.4514 0.1846 6249.7290 1258.0272 0.9294 10.7298 236.1386 1.5455 1.6652 0.1636 0.4267 -0.7518 0.9301 1.0780 
22670278 4 0.5057 0.1206 3376.1270 820.2570 0.9498 8.0460 152.1495 1.1880 1.2633 0.1102 0.3325 -0.7586 0.8866 1.1488 
22670300 2 0.5387 0.2141 6161.8701 1277.7012 0.9557 10.6359 302.4710 1.1610 1.2279 0.2050 0.3070 -0.7726 0.8868 1.0941 
22670324 4 0.4513 0.1285 4089.9875 796.4993 0.9442 8.9243 154.6176 1.3437 1.4263 0.1158 0.3561 -0.7546 0.9067 1.1068 
22670348 2 0.4682 0.1949 7905.6226 1832.3518 0.9266 12.2233 315.3818 1.3740 1.5010 0.1720 0.4392 -0.7153 0.9009 1.1005 
22670442 1 0.6337 0.1442 4862.7832 838.3961 0.9472 8.7849 306.8193 1.1349 1.2340 0.1320 0.3579 -0.7622 0.8836 1.0607 
22670464 5 0.5272 0.1576 4163.4243 818.5158 0.9578 8.5374 199.8863 1.4300 1.4964 0.1497 0.2981 -0.8182 0.9348 1.0517 
22670488 1 0.4154 0.1978 9626.0010 1797.7540 0.9187 13.0765 319.2046 1.7972 1.9419 0.1698 0.4740 -0.7549 0.9512 1.0228 
22670512 5 0.3674 0.1792 8117.4683 1825.3583 0.9230 11.8484 224.4726 1.9005 2.0300 0.1545 0.4521 -0.7709 0.9599 1.0324 
22670620 2 0.4810 0.2226 8803.8037 1829.2372 0.9161 12.6042 365.5736 1.5417 1.7056 0.1917 0.4941 -0.7268 0.9258 1.0762 
22670644 1 0.4905 0.1664 6321.5591 1265.3026 0.9499 10.7598 269.4069 1.4281 1.5042 0.1557 0.3330 -0.7925 0.9278 1.0681 
22670672 2 0.3781 0.2670 11027.8652 2483.2124 0.9028 13.9250 318.9353 1.8914 2.0746 0.2259 0.5391 -0.7325 0.9533 1.0903 
22670704 1 0.3794 0.1946 6957.0718 1237.3564 0.9233 11.0889 203.0552 1.8250 1.9535 0.1701 0.4496 -0.7656 0.9545 1.0585 
22670808 4 0.6367 0.0654 1292.5275 208.0181 0.9704 4.6491 84.3457 0.9210 0.9635 0.0619 0.2263 -0.8089 0.8541 1.0918 
22670832 2 0.5771 0.2025 6809.3828 1285.3785 0.9552 10.9138 370.9728 1.1298 1.2002 0.1935 0.3110 -0.7728 0.8826 1.0704 
22670856 5 0.5077 0.1029 2422.9480 453.9735 0.9560 6.6949 110.6068 1.3058 1.3705 0.0950 0.3019 -0.7986 0.9154 1.1791 
22670878 2 0.5553 0.1457 3837.9937 825.2127 0.9481 8.2913 198.8890 1.1896 1.2739 0.1344 0.3440 -0.7609 0.8891 1.0861 
22670978 4 0.5915 0.1629 5384.8530 818.4853 0.9424 9.5044 306.0858 1.2322 1.3385 0.1485 0.3785 -0.7591 0.8973 1.0880 
22671004 4 0.5267 0.1984 7318.7344 1266.1075 0.9304 11.3046 348.4213 1.4780 1.6091 0.1771 0.4333 -0.7564 0.9265 1.0888 
22678448 2 0.5494 0.0982 2384.1719 459.5498 0.9568 6.5691 122.7497 1.1869 1.2522 0.0906 0.2997 -0.7867 0.8958 1.0955 
22678472 2 0.6142 0.1051 2009.2683 202.4763 0.9724 5.7779 122.7159 1.0920 1.1325 0.1018 0.2160 -0.8364 0.8963 1.0337 
22678496 2 0.3947 0.1342 4509.5205 788.0449 0.9379 9.0947 139.5311 1.6486 1.7429 0.1186 0.3837 -0.7742 0.9429 1.0843 
22678518 2 0.4706 0.1381 4683.3560 797.8635 0.9404 9.1890 189.1488 1.5543 1.6511 0.1235 0.3780 -0.7804 0.9374 1.0346 
22678622 1 0.7775 0.0804 1867.2098 227.6503 0.9727 4.6441 162.6924 0.6763 0.7232 0.0772 0.2171 -0.7903 0.7816 1.0577 
22678646 3 0.7388 0.1080 2619.7529 223.6290 0.9664 5.8294 210.0209 0.7888 0.8481 0.1030 0.2543 -0.7793 0.8130 1.1144 
22678670 1 0.6471 0.1750 5004.3774 841.4346 0.9461 8.8459 325.6703 1.0729 1.1769 0.1620 0.3638 -0.7489 0.8690 1.1212 
22678694 3 0.6548 0.1899 5211.9136 842.8811 0.9475 8.9705 345.1637 1.0538 1.1551 0.1773 0.3568 -0.7503 0.8659 1.0747 
22678788 2 0.3985 0.1497 5859.6919 1262.1017 0.9328 10.2316 183.8842 1.7492 1.8552 0.1313 0.4076 -0.7753 0.9509 1.0431 
22678810 2 0.5406 0.0975 2523.6394 458.3466 0.9661 6.6758 126.7747 1.3077 1.3573 0.0926 0.2513 -0.8305 0.9242 1.0568 
22678832 2 0.3243 0.1807 9616.2051 1787.7999 0.9184 12.7189 219.9620 2.0150 2.1472 0.1534 0.4642 -0.7640 0.9641 1.0714 
22678856 2 0.4212 0.1252 3290.4075 435.4914 0.9423 7.6420 114.2398 1.6907 1.7812 0.1117 0.3678 -0.7956 0.9511 1.0491 
22678952 4 0.5677 0.0995 4157.8525 826.5324 0.9553 8.4555 222.4839 1.2889 1.3591 0.0914 0.3082 -0.8003 0.9146 1.0394 
22678980 2 0.5147 0.1520 5919.8525 1284.3295 0.9569 10.2299 271.8712 1.4631 1.5287 0.1440 0.3003 -0.8191 0.9380 1.0608 
22679008 4 0.4029 0.1472 6839.2544 1242.5405 0.9398 11.0366 216.6335 1.7574 1.8498 0.1323 0.3768 -0.7934 0.9550 1.0552 
22679036 2 0.4084 0.1302 5447.0806 1271.8276 0.9478 9.9033 176.2159 1.6846 1.7608 0.1191 0.3392 -0.8052 0.9522 1.0521 
24054996 1 0.6107 0.1270 5328.2578 823.9402 0.9539 9.4053 317.1307 1.1238 1.1995 0.1180 0.3176 -0.7750 0.8834 1.0389 
24055024 2 0.6701 0.1205 4337.8740 854.6430 0.9600 8.1180 297.7440 0.9458 1.0122 0.1136 0.2869 -0.7750 0.8496 1.0655 
24055052 1 0.7096 0.1098 4089.2151 485.3662 0.9638 7.5511 306.4030 0.8591 0.9208 0.1041 0.2682 -0.7793 0.8312 1.0535 
24055078 2 0.7320 0.1180 3661.6306 492.8540 0.9658 6.9571 287.9515 0.7884 0.8476 0.1129 0.2570 -0.7774 0.8119 1.0776 
24055148 5 0.3942 0.1236 7048.2778 1239.7610 0.9441 11.1098 216.3108 1.8080 1.8931 0.1109 0.3584 -0.8090 0.9609 1.0670 
24055176 2 0.4793 0.1471 8188.8843 1843.3829 0.9381 12.0873 336.7382 1.5904 1.6934 0.1312 0.3904 -0.7827 0.9415 1.0522 
24055204 5 0.5186 0.0978 3825.5630 821.1881 0.9562 8.2512 178.8175 1.3854 1.4518 0.0900 0.3028 -0.8099 0.9279 1.0841 
24055274 5 0.4010 0.1304 5255.5313 1270.3885 0.9463 9.8649 165.0743 1.6218 1.6996 0.1186 0.3453 -0.7943 0.9451 1.0509 
24055328 3 0.3915 0.1556 6511.0093 1239.3843 0.9362 10.9912 197.7350 1.6478 1.7454 0.1389 0.3915 -0.7738 0.9430 1.0864 
24055356 5 0.4286 0.1608 9529.0371 1790.7528 0.9297 13.3240 331.2267 1.5796 1.6941 0.1404 0.4221 -0.7545 0.9334 1.0960 
24055382 3 0.4638 0.1139 4507.1772 793.7594 0.9477 9.2358 177.4404 1.3820 1.4604 0.1028 0.3418 -0.7781 0.9187 1.1089 
24055444 4 0.3373 0.1494 14501.4375 3206.7966 0.9679 16.1975 333.8272 1.7033 1.7473 0.1447 0.2383 -0.8647 0.9644 1.0588 
24055464 4 0.3012 0.2328 31357.2676 5973.7881 0.9510 23.3641 609.6611 1.8974 1.9649 0.2221 0.3219 -0.8247 0.9677 1.0860 
24055484 4 0.3727 0.1054 9968.4287 2473.9795 0.9698 13.8496 267.3646 1.4991 1.5405 0.1015 0.2279 -0.8604 0.9498 1.0607 
24055502 4 0.4305 0.1502 15884.6982 3195.7544 0.9646 17.3321 542.0552 1.4768 1.5254 0.1447 0.2558 -0.8400 0.9434 1.0666 
24055572 2 0.4592 0.1031 3381.6650 818.8561 0.9573 7.9140 131.3362 1.4658 1.5265 0.0957 0.2939 -0.8118 0.9357 1.0352 
24055600 4 0.4818 0.1371 5758.4556 1277.0410 0.9451 10.2060 239.4061 1.5188 1.6049 0.1247 0.3557 -0.7891 0.9361 1.0260 
24055628 2 0.5735 0.1161 5536.7266 810.4407 0.9504 9.7431 299.4731 1.2732 1.3549 0.1059 0.3347 -0.7837 0.9084 1.0380 
24055654 4 0.5752 0.1117 4991.1162 817.6559 0.9519 9.2241 271.7579 1.2874 1.3662 0.1022 0.3269 -0.7916 0.9125 1.0511 
24055724 2 0.3138 0.1967 16417.2852 3192.4661 0.9132 16.5309 352.6504 2.0786 2.2207 0.1656 0.4833 -0.7607 0.9666 1.0380 
24055752 2 0.3282 0.1896 14186.3467 2409.0271 0.9160 15.4842 326.9889 2.0352 2.1725 0.1605 0.4734 -0.7628 0.9650 1.0592 
24055780 2 0.4164 0.1397 7738.2861 1838.6626 0.9373 11.7292 257.6481 1.7509 1.8492 0.1236 0.3892 -0.7895 0.9540 1.0843 
24055806 2 0.5549 0.1221 5536.7842 808.5401 0.9485 9.6896 286.4917 1.4129 1.4998 0.1110 0.3449 -0.7987 0.9293 1.0430 
24055876 2 0.3372 0.1344 5060.1494 1261.9982 0.9414 9.7984 122.1782 1.6244 1.7072 0.1205 0.3647 -0.7775 0.9411 1.0946 
24055904 2 0.3179 0.1373 6455.1045 1227.5596 0.9392 10.9177 140.3055 1.7544 1.8415 0.1223 0.3744 -0.7795 0.9511 1.1163 
24055932 2 0.3454 0.2375 18999.8984 4041.7019 0.9022 18.7175 479.2055 1.7483 1.9217 0.1970 0.5300 -0.7015 0.9350 1.1130 
24055958 2 0.3686 0.1276 5372.8462 1250.0842 0.9384 10.3301 148.8937 1.4677 1.5552 0.1124 0.3772 -0.7602 0.9226 1.1411 
24058660 2 0.3794 0.1746 12628.5459 2431.1060 0.9237 15.2230 363.4960 1.7211 1.8437 0.1506 0.4432 -0.7481 0.9430 1.0586 
24058686 4 0.3742 0.2092 15617.5127 3193.0044 0.9463 16.8907 433.1240 1.7307 1.8090 0.1967 0.3483 -0.7991 0.9538 1.0442 
24058712 2 0.3327 0.1770 10762.6309 2471.6633 0.9253 13.8274 253.6686 1.8604 1.9748 0.1541 0.4331 -0.7620 0.9549 1.0617 
24058738 4 0.3233 0.1343 6080.2109 1243.9753 0.9428 10.4183 136.7299 1.8002 1.8812 0.1210 0.3585 -0.7938 0.9569 1.0572 
24065252 5 0.4883 0.0789 3785.5186 814.6825 0.9811 8.3172 159.7231 1.3585 1.3842 0.0773 0.1597 -0.8924 0.9446 1.0571 
24065270 1 0.4764 0.1526 11593.3838 2490.2454 0.9724 14.5279 465.0573 1.4762 1.5139 0.1491 0.2132 -0.8666 0.9492 1.0421 
24065288 5 0.5958 0.0910 5317.7334 820.7172 0.9810 9.4077 304.0957 1.1961 1.2218 0.0894 0.1602 -0.8881 0.9261 1.0399 
24065308 1 0.5110 0.0881 5862.5039 1278.0693 0.9780 10.3402 262.9608 1.3031 1.3329 0.0859 0.1791 -0.8764 0.9352 1.0376 
24065380 2 0.3125 0.1356 5708.5884 1258.6399 0.9412 9.9022 123.2943 1.8924 1.9768 0.1217 0.3662 -0.7981 0.9630 1.0445 
24065408 4 0.3165 0.1629 9263.4043 1798.6865 0.9296 12.3698 204.2749 2.0529 2.1608 0.1426 0.4178 -0.7915 0.9700 1.0810 
24065434 2 0.4042 0.1435 7514.9941 1836.3811 0.9334 11.6804 239.3011 1.6961 1.8001 0.1255 0.4030 -0.7723 0.9465 1.0486 
24065460 4 0.4019 0.1638 9851.8115 1791.2947 0.9277 13.1863 310.6046 1.8420 1.9618 0.1423 0.4315 -0.7779 0.9579 1.0294 
24065530 4 0.3842 0.1832 10416.7441 1787.6584 0.9231 13.2653 310.1093 1.9938 2.1276 0.1584 0.4559 -0.7854 0.9675 1.1105 
24065556 2 0.4039 0.1743 11680.6396 2469.8796 0.9254 14.4467 369.0884 1.7991 1.9224 0.1512 0.4399 -0.7663 0.9528 1.0223 
24065584 4 0.5811 0.0865 2903.2168 462.1810 0.9613 6.9293 163.0034 1.3035 1.3631 0.0804 0.2776 -0.8259 0.9234 1.1572 
24065612 2 0.5146 0.1399 7361.7354 1258.8879 0.9424 11.4328 337.1982 1.4724 1.5670 0.1261 0.3707 -0.7811 0.9303 1.0214 
24065680 2 0.5857 0.0775 1626.9570 201.7935 0.9693 5.2762 93.3444 1.1768 1.2210 0.0737 0.2325 -0.8351 0.9089 1.0559 
24065708 5 0.5967 0.0852 1670.6809 203.2143 0.9681 5.2723 98.8088 1.1872 1.2349 0.0810 0.2407 -0.8347 0.9106 1.2563 
24065734 2 0.7025 0.0723 2282.3420 215.3663 0.9689 5.6978 169.9921 0.8796 0.9289 0.0683 0.2376 -0.8051 0.8448 1.0561 
24065760 5 0.7070 0.0862 2904.5286 487.3519 0.9656 6.3744 217.5560 0.8938 0.9520 0.0812 0.2582 -0.7950 0.8455 1.0493 
24065832 2 0.3115 0.1747 13170.0781 2434.7141 0.9202 14.7154 280.7712 2.0880 2.2156 0.1487 0.4559 -0.7739 0.9689 1.0999 
24065860 2 0.2953 0.2310 19070.0449 3153.6646 0.9010 17.3356 376.1504 2.2543 2.4295 0.1900 0.5340 -0.7568 0.9736 1.0496 
24065888 2 0.4465 0.1574 8126.7842 1836.1709 0.9319 12.0448 300.7544 1.6946 1.8104 0.1382 0.4175 -0.7746 0.9478 1.0302 
24065914 2 0.4413 0.1586 9439.0508 1811.3956 0.9318 12.8943 343.5621 1.7623 1.8786 0.1393 0.4178 -0.7833 0.9543 1.0790 
26933772 2 0.7562 0.0479 1301.7804 223.3578 0.9802 4.0013 109.9814 0.7592 0.7882 0.0463 0.1666 -0.8457 0.8274 1.0601 
26933800 4 0.7184 0.1641 2728.4099 492.3746 0.9763 6.0423 210.0562 0.9064 0.9430 0.1613 0.1943 -0.8424 0.8638 1.0662 
26933830 2 0.5925 0.0714 2477.8384 467.4369 0.9685 6.4330 143.0353 1.2087 1.2539 0.0674 0.2366 -0.8369 0.9138 1.0528 
26933860 4 0.5768 0.0940 3881.9204 833.8295 0.9596 8.1065 213.2263 1.2780 1.3401 0.0873 0.2859 -0.8145 0.9171 1.0441 
27829134 5 0.5489 0.1461 3972.2551 826.4911 0.9394 8.2858 203.3928 1.3672 1.4772 0.1306 0.3905 -0.7678 0.9171 1.1114 
27829160 1 0.5449 0.1682 6201.7012 1286.7905 0.9557 10.4360 310.4211 1.3295 1.3977 0.1597 0.3064 -0.8041 0.9204 1.0494 
27829188 5 0.3803 0.2879 8608.0928 1824.3030 0.9017 12.0573 254.2516 1.9789 2.1710 0.2446 0.5512 -0.7438 0.9609 1.0640 
27829216 1 0.3950 0.2475 7854.6904 1833.1837 0.9106 11.7819 243.5092 1.8293 1.9945 0.2129 0.5088 -0.7419 0.9511 1.0803 
30011484 2 0.6737 0.0985 2651.2485 479.9493 0.9607 6.3362 185.0024 0.9343 1.0005 0.0920 0.2843 -0.7767 0.8479 1.0898 
30011508 4 0.7045 0.1051 1676.6174 215.0713 0.9790 4.8998 126.2764 0.8336 0.8638 0.1031 0.1756 -0.8413 0.8451 1.0679 
30011530 2 0.4777 0.1957 8088.7622 1844.8815 0.9236 12.0228 331.8643 1.5861 1.7265 0.1706 0.4595 -0.7516 0.9352 1.1603 
30011552 4 0.4814 0.1681 6384.0283 1264.5811 0.9326 10.7445 265.0875 1.5125 1.6281 0.1489 0.4154 -0.7607 0.9296 1.2049 
30011648 2 0.4640 0.1347 7399.1016 1846.6959 0.9418 11.7263 289.2915 1.4634 1.5526 0.1207 0.3692 -0.7683 0.9249 1.0442 
30011674 5 0.4448 0.1531 6823.6865 1240.5287 0.9576 11.3204 248.3298 1.4645 1.5253 0.1453 0.2948 -0.8087 0.9347 1.0483 
30011700 2 0.3522 0.1992 14929.7559 3212.8943 0.9153 16.2978 382.3401 1.8528 1.9921 0.1694 0.4767 -0.7423 0.9510 1.0567 
30011728 5 0.3397 0.1778 12536.8867 2429.8591 0.9216 14.9338 303.7993 1.8307 1.9524 0.1526 0.4481 -0.7485 0.9502 1.1042 
30011798 2 0.5916 0.1052 4349.0010 829.5504 0.9550 8.5742 247.7177 1.1898 1.2626 0.0968 0.3112 -0.7898 0.8985 1.0976 
30011824 4 0.5106 0.1269 6242.8022 1274.1208 0.9678 10.5928 281.5703 1.3980 1.4442 0.1223 0.2425 -0.8447 0.9374 1.0616 
30011850 2 0.4930 0.1348 5451.7983 1287.6737 0.9477 9.8711 235.0804 1.5161 1.5980 0.1235 0.3440 -0.7975 0.9379 1.0871 
30318068 4 0.3957 0.1272 5750.6079 1261.8461 0.9493 10.1931 176.8295 1.7043 1.7770 0.1167 0.3315 -0.8087 0.9541 1.0409 
50993400 2 0.3017 0.1740 9371.3369 1779.4656 0.9195 12.7474 191.3828 1.9162 2.0398 0.1477 0.4540 -0.7492 0.9554 1.1116 
50993424 2 0.3385 0.1754 8541.5547 1796.2329 0.9214 12.4438 207.8071 1.7865 1.9091 0.1501 0.4498 -0.7433 0.9461 1.0584 
50993616 2 0.1935 0.2668 21515.8008 3128.7456 0.8815 17.1022 224.7262 2.3812 2.5798 0.2088 0.5823 -0.7148 0.9711 1.0343 
50993644 2 0.3919 0.1322 5082.8574 1274.0802 0.9391 9.6822 154.8640 1.6532 1.7437 0.1172 0.3776 -0.7763 0.9435 1.0537 
50993672 2 0.4160 0.1302 4454.1152 793.1045 0.9478 8.9995 148.8800 1.6399 1.7168 0.1191 0.3397 -0.8002 0.9479 1.0364 
50993696 2 0.6207 0.0678 1901.5286 204.0961 0.9687 5.5732 118.3494 1.1106 1.1563 0.0639 0.2360 -0.8270 0.8966 1.0642 
50993788 2 0.4491 0.1298 2894.6313 443.0365 0.9528 7.2332 111.2513 1.4863 1.5649 0.1200 0.3277 -0.7979 0.9351 1.0550 
50993816 2 0.2656 0.1536 6650.5767 1239.5261 0.9295 10.3639 112.0272 2.0315 2.1395 0.1334 0.4184 -0.7777 0.9665 1.0625 
50993840 2 0.5113 0.1238 2363.9119 458.9933 0.9571 6.4525 110.8261 1.3562 1.4307 0.1156 0.3079 -0.8024 0.9234 1.0518 
50993868 2 0.3140 0.1462 5332.3887 1267.3529 0.9344 9.5989 116.2176 1.8651 1.9654 0.1286 0.3999 -0.7792 0.9583 1.0640 
50993896 2 0.4237 0.1151 3140.8025 437.0409 0.9556 7.5137 110.0737 1.5728 1.6468 0.1067 0.3128 -0.8129 0.9460 1.0382 
50993920 2 0.2227 0.1337 8864.9883 1201.0209 0.9378 11.4694 110.7497 2.1437 2.2354 0.1181 0.3828 -0.7984 0.9739 1.0405 
50993948 2 0.5086 0.1078 2338.6150 458.9464 0.9617 6.4271 108.5404 1.3609 1.4272 0.1013 0.2831 -0.8183 0.9280 1.0450 
50993976 2 0.3466 0.1106 4460.0063 786.6555 0.9501 8.8970 112.2560 1.7583 1.8333 0.1005 0.3317 -0.8097 0.9577 1.0660 
50994112 2 0.5796 0.2127 5609.2930 812.6371 0.9323 9.7467 308.9858 1.2904 1.4243 0.1919 0.4299 -0.7377 0.9002 1.0485 
50994136 1 0.6599 0.0612 893.4895 53.3774 0.9708 3.7260 62.9214 0.9919 1.0361 0.0579 0.2245 -0.8254 0.8755 1.3443 
50994164 2 0.7239 0.1273 2688.2231 493.1704 0.9595 5.9927 209.1163 0.8648 0.9422 0.1199 0.2957 -0.7686 0.8313 1.0660 
50994192 1 0.7731 0.0959 2047.9543 228.7342 0.9667 4.8285 177.0670 0.7667 0.8315 0.0910 0.2563 -0.7870 0.8121 1.0979 
50994272 4 0.6963 0.0959 3483.3970 482.9464 0.9637 7.0310 254.4016 0.9606 1.0222 0.0903 0.2685 -0.7984 0.8617 1.0329 
50994300 2 0.7781 0.0751 2410.7327 231.3996 0.9733 5.2286 209.3340 0.7297 0.7756 0.0720 0.2142 -0.8086 0.8066 1.0476 
50994328 2 0.5884 0.1310 5559.6226 816.3434 0.9486 9.6479 313.1714 1.2698 1.3579 0.1199 0.3451 -0.7824 0.9083 1.0614 
50994352 4 0.5721 0.1229 4905.3022 818.0842 0.9502 9.1454 265.2660 1.3016 1.3839 0.1125 0.3357 -0.7883 0.9135 1.0492 
50994380 2 0.7534 0.0771 2418.5269 226.0538 0.9719 5.4556 200.0482 0.7891 0.8358 0.0738 0.2213 -0.8101 0.8241 1.0471 
50994408 2 0.7702 0.0689 2096.0977 227.8688 0.9746 4.9416 179.7688 0.7465 0.7883 0.0662 0.2047 -0.8181 0.8147 1.0479 
50994536 2 0.4110 0.2437 10891.5078 2491.7373 0.9134 13.9365 355.3028 1.7995 1.9576 0.2111 0.4976 -0.7465 0.9501 1.0595 
50994560 2 0.5577 0.1233 3795.1245 830.0487 0.9464 8.1132 198.3827 1.3162 1.4066 0.1114 0.3544 -0.7798 0.9133 1.0597 
50994588 2 0.4132 0.1768 8259.6563 1826.2069 0.9316 12.1187 272.2863 1.7734 1.8853 0.1573 0.4161 -0.7811 0.9542 1.1138 
50994616 2 0.5267 0.1262 5850.4668 1288.2704 0.9455 10.1647 278.5650 1.4242 1.5135 0.1139 0.3570 -0.7878 0.9273 1.0535 
50994704 1 0.6289 0.0786 1153.8104 210.2533 0.9669 4.3131 74.8906 1.0826 1.1330 0.0742 0.2469 -0.8182 0.8896 1.3545 
50994732 1 0.4702 0.1875 8227.1465 1839.9835 0.9300 12.1233 329.1523 1.6316 1.7535 0.1666 0.4279 -0.7664 0.9415 1.0559 
50994760 1 0.5057 0.0985 2029.3623 463.4726 0.9570 6.0287 93.3767 1.3997 1.4637 0.0911 0.2972 -0.8110 0.9294 1.3533 
50994788 1 0.6074 0.1079 2619.6738 467.9174 0.9557 6.5759 156.7799 1.1700 1.2429 0.0997 0.3088 -0.7902 0.8958 1.1354 
50994816 1 0.5187 0.1237 6416.0522 1276.8182 0.9492 10.6288 298.0475 1.4754 1.5549 0.1131 0.3372 -0.8007 0.9350 1.0212 
50994840 4 0.5255 0.0822 3018.8540 449.1157 0.9620 7.3416 144.4413 1.3489 1.4027 0.0764 0.2705 -0.8215 0.9264 1.0602 
50994868 1 0.6206 0.0918 3356.7952 464.0451 0.9612 7.3676 206.2617 1.1529 1.2135 0.0856 0.2788 -0.8076 0.8980 1.0298 
50994896 4 0.6272 0.0895 2711.4260 470.7521 0.9616 6.5988 170.0283 1.1235 1.1839 0.0835 0.2770 -0.8059 0.8929 1.0593 
50995760 2 0.4456 0.2298 9031.5615 1809.9545 0.9143 12.8652 332.8778 1.5907 1.7507 0.1979 0.4957 -0.7215 0.9279 1.0682 
50995788 2 0.5844 0.1463 4041.8821 830.7787 0.9430 8.3339 226.3391 1.1762 1.2783 0.1325 0.3739 -0.7487 0.8848 1.0637 
50995872 1 0.3356 0.2806 14100.4570 3231.1477 0.8925 15.7804 339.4325 1.8948 2.0942 0.2307 0.5692 -0.7014 0.9463 1.0598 
50995900 1 0.4624 0.2582 10224.9941 1792.9521 0.9092 13.6772 399.1861 1.5609 1.7398 0.2214 0.5223 -0.7093 0.9230 1.0722 
50995964 2 0.3888 0.2356 10230.9688 1775.5461 0.9091 13.5375 306.5702 1.7977 1.9624 0.2001 0.5111 -0.7311 0.9463 1.0706 
50995992 2 0.4973 0.2267 6986.9307 1258.4517 0.9196 11.2113 304.9490 1.4884 1.6444 0.1980 0.4812 -0.7260 0.9198 1.0632 
50996056 2 0.4786 0.1669 5554.4443 1279.5295 0.9354 10.0633 229.3829 1.4969 1.6053 0.1494 0.4018 -0.7636 0.9284 1.0599 
50996084 2 0.4637 0.2095 9220.8203 1814.4164 0.9209 12.9354 361.4320 1.5810 1.7273 0.1826 0.4696 -0.7405 0.9319 1.0733 
50996112 2 0.5908 0.1643 5366.6719 817.8960 0.9395 9.5159 304.5362 1.2086 1.3233 0.1483 0.3940 -0.7488 0.8913 1.0801 
50996136 2 0.5632 0.1599 5914.2441 1298.4270 0.9377 10.1138 312.0426 1.2932 1.4085 0.1432 0.3999 -0.7553 0.9048 1.0848 
50996200 2 0.4509 0.1862 8454.3291 1834.5681 0.9257 12.1917 318.9572 1.7398 1.8730 0.1627 0.4483 -0.7707 0.9509 1.0806 
50996228 2 0.6068 0.1482 4621.3140 834.9166 0.9453 8.6188 274.5243 1.2720 1.3750 0.1351 0.3672 -0.7787 0.9091 1.0607 
50996324 1 0.4621 0.1975 8055.8799 1839.3757 0.9244 12.0486 314.1706 1.6171 1.7530 0.1730 0.4533 -0.7522 0.9375 1.1036 
50996352 4 0.4334 0.2029 9155.1084 1814.7490 0.9202 12.7008 324.7237 1.7718 1.9167 0.1756 0.4717 -0.7615 0.9513 1.0978 
50996380 1 0.6096 0.1422 4468.8398 834.1507 0.9465 8.5721 266.2876 1.1803 1.2775 0.1299 0.3591 -0.7655 0.8913 1.0497 
50996408 4 0.6219 0.1313 4364.0566 839.6293 0.9498 8.3912 268.1304 1.1624 1.2524 0.1205 0.3428 -0.7749 0.8913 1.1352 
50996708 2 0.5068 0.1289 3798.1780 816.8265 0.9459 8.3460 171.4544 1.3509 1.4356 0.1168 0.3518 -0.7688 0.9128 1.0842 
50996736 2 0.5695 0.1000 2623.8455 459.5721 0.9557 6.8057 142.1377 1.1722 1.2399 0.0920 0.3050 -0.7825 0.8924 1.1099 
50996800 2 0.2362 0.2317 12736.4287 2433.0793 0.9009 14.2442 180.9380 2.0846 2.2418 0.1914 0.5175 -0.7201 0.9589 1.0581 
50996828 2 0.3819 0.1935 7247.5591 1232.2666 0.9186 11.3092 213.0156 1.8394 1.9808 0.1658 0.4705 -0.7538 0.9533 1.0410 
50996856 2 0.3028 0.1798 8552.9824 1785.0571 0.9168 12.5292 176.3749 1.7763 1.9033 0.1517 0.4622 -0.7244 0.9405 1.1412 
50996880 2 0.4093 0.1534 5929.4956 1256.4353 0.9291 10.4663 193.2297 1.6273 1.7410 0.1329 0.4221 -0.7510 0.9362 1.0507 
50996944 2 0.4580 0.1667 5647.8335 1273.1456 0.9349 10.1658 218.1707 1.5517 1.6591 0.1491 0.4023 -0.7661 0.9340 1.0579 
50996972 2 0.4336 0.1878 6908.8379 1244.9563 0.9264 11.1794 245.9275 1.6712 1.7981 0.1650 0.4410 -0.7608 0.9433 1.1114 
50997000 2 0.5449 0.1497 4790.3032 810.6848 0.9396 9.1980 240.9743 1.3117 1.4187 0.1343 0.3876 -0.7573 0.9067 1.0722 
50997024 2 0.5845 0.1085 3248.7351 455.8347 0.9518 7.4846 182.6505 1.1544 1.2340 0.0990 0.3277 -0.7763 0.8892 1.1127 
50997052 1 0.3184 0.2735 18906.7520 4051.3386 0.9316 18.2824 410.7456 1.8678 1.9699 0.2529 0.4113 -0.7692 0.9563 1.0404 
50997080 1 0.2569 0.2167 21931.9785 3999.7529 0.9022 18.8563 348.4164 2.1020 2.2581 0.1775 0.5161 -0.7308 0.9620 1.0473 
50997108 2 0.2598 0.1912 17844.0117 3150.8538 0.9122 16.9842 287.0539 2.0931 2.2282 0.1598 0.4796 -0.7484 0.9644 1.0485 
50997136 2 0.3702 0.1402 8130.2632 1802.3246 0.9355 12.4025 225.3078 1.6211 1.7171 0.1234 0.3930 -0.7612 0.9372 1.0904 
50997224 2 0.4259 0.1480 5595.4297 1271.4441 0.9346 10.0354 193.8432 1.6793 1.7839 0.1305 0.4010 -0.7759 0.9463 1.0465 
50997248 2 0.3628 0.2345 12912.3867 2439.8579 0.9062 14.9547 347.7894 1.9591 2.1283 0.1970 0.5209 -0.7414 0.9582 1.0293 
50997276 2 0.5430 0.1519 5286.6094 807.4556 0.9397 9.5317 264.9560 1.4387 1.5461 0.1364 0.3886 -0.7758 0.9267 1.0690 
50997304 2 0.4887 0.1706 7143.7588 1258.2786 0.9311 11.2128 304.5096 1.6065 1.7290 0.1505 0.4256 -0.7697 0.9406 1.0738 
50997432 2 0.3427 0.1887 7564.1294 1222.6450 0.9220 11.4106 188.4443 1.9326 2.0577 0.1635 0.4500 -0.7645 0.9599 1.0375 
50997460 4 0.3399 0.2703 13917.6924 2417.8416 0.8988 15.3764 339.9987 2.0314 2.2164 0.2262 0.5474 -0.7327 0.9606 1.0516 
50997488 2 0.4439 0.1984 8050.0967 1839.0229 0.9199 11.9574 296.4524 1.7303 1.8769 0.1710 0.4728 -0.7535 0.9467 1.1121 
50997516 4 0.4478 0.2092 9285.2529 1812.7687 0.9167 12.8779 345.2899 1.7104 1.8661 0.1794 0.4872 -0.7442 0.9435 1.0535 
50997596 2 0.4338 0.2235 7448.2515 1841.5938 0.9218 11.7061 264.4076 1.6116 1.7491 0.1972 0.4604 -0.7397 0.9335 1.0622 
50997624 2 0.5542 0.1183 2525.7417 460.5790 0.9552 6.6337 131.9515 1.2994 1.3697 0.1099 0.3093 -0.8007 0.9160 1.0787 
50997652 2 0.5182 0.1485 4982.2305 796.8895 0.9387 9.6248 232.3848 1.2338 1.3364 0.1328 0.3874 -0.7362 0.8882 1.1125 
50997680 2 0.6435 0.0727 1717.5143 205.7797 0.9676 5.3400 112.6950 0.8706 0.9180 0.0684 0.2422 -0.7915 0.8362 1.1635 
50997744 3 0.3910 0.2482 10258.7354 1775.3761 0.9125 13.5721 310.5892 1.7966 1.9527 0.2152 0.4967 -0.7406 0.9482 1.0687 
50997768 3 0.3929 0.2819 11902.1270 2459.4287 0.9020 14.6391 363.3375 1.7925 1.9787 0.2397 0.5436 -0.7206 0.9445 1.1387 
50997796 3 0.5393 0.1904 6924.6265 1269.8795 0.9293 11.1521 341.8616 1.2657 1.3997 0.1686 0.4376 -0.7212 0.8907 1.1126 
50997824 3 0.5535 0.1631 6097.3594 1288.7625 0.9353 10.4000 313.2963 1.2342 1.3534 0.1452 0.4100 -0.7341 0.8897 1.1095 
50998032 2 0.4790 0.1137 3902.2029 810.2762 0.9486 8.4882 161.5147 1.4221 1.4992 0.1029 0.3378 -0.7850 0.9249 1.1084 
50998060 5 0.3631 0.1918 9700.3594 1782.5066 0.9207 13.0958 261.4111 1.8457 1.9757 0.1656 0.4573 -0.7542 0.9530 1.0771 
50998088 2 0.3603 0.1552 7154.0386 1225.0616 0.9310 11.3517 190.7567 1.7668 1.8715 0.1358 0.4113 -0.7648 0.9493 1.0934 
50998112 5 0.4445 0.1628 6814.9692 1245.9132 0.9334 11.1782 250.3033 1.5674 1.6763 0.1442 0.4082 -0.7595 0.9334 1.0708 
50998176 2 0.4213 0.1819 6055.6953 1257.6516 0.9294 10.5239 206.0721 1.6432 1.7588 0.1611 0.4238 -0.7619 0.9407 1.0596 
50998204 2 0.4190 0.2358 8897.1094 1812.8539 0.9152 12.6032 299.8657 1.7605 1.9155 0.2047 0.4906 -0.7478 0.9478 1.0673 
50998232 2 0.5096 0.1123 3287.4465 826.5809 0.9482 7.8070 150.2044 1.2969 1.3761 0.1014 0.3399 -0.7752 0.9080 1.0976 
50998256 2 0.5011 0.1736 6840.4009 1260.1810 0.9291 11.1458 302.2190 1.4309 1.5589 0.1523 0.4343 -0.7432 0.9173 1.0869 
50998320 1 0.3223 0.2607 16428.7461 3197.2400 0.8963 16.5208 369.4462 2.0970 2.2874 0.2146 0.5572 -0.7364 0.9645 1.0619 
50998348 1 0.6528 0.1414 4970.2256 843.7092 0.9498 8.7821 327.7655 1.0451 1.1392 0.1304 0.3452 -0.7565 0.8657 1.0501 
50998412 2 0.4712 0.1456 4012.7566 807.3506 0.9410 8.6079 162.6189 1.4676 1.5608 0.1312 0.3737 -0.7729 0.9272 1.0714 
50998440 2 0.4391 0.1827 5793.7964 1268.9199 0.9288 10.2354 210.9709 1.6435 1.7652 0.1614 0.4307 -0.7652 0.9421 1.1397 
50998468 2 0.5795 0.1212 3632.1013 836.4772 0.9479 7.9109 201.4461 1.1890 1.2779 0.1100 0.3472 -0.7717 0.8938 1.1263 
50998496 2 0.5559 0.0914 2118.5715 464.9914 0.9567 6.1755 111.5123 1.1713 1.2360 0.0839 0.2987 -0.7929 0.8958 1.1040 
50998580 2 0.4974 0.2131 6134.3804 1276.6946 0.9280 10.4261 268.6042 1.5441 1.6773 0.1905 0.4423 -0.7547 0.9321 1.0579 
50998608 1 0.4933 0.2331 8398.3467 1846.0043 0.9224 12.1801 361.7106 1.5944 1.7435 0.2063 0.4693 -0.7490 0.9358 1.0962 
50998632 2 0.6288 0.1329 4441.0024 840.9955 0.9498 8.4278 277.2234 1.1496 1.2407 0.1220 0.3429 -0.7727 0.8888 1.0355 
50998660 1 0.6116 0.1330 4503.1802 834.9690 0.9475 8.5765 269.6256 1.2013 1.2969 0.1213 0.3542 -0.7713 0.8963 1.0382 
50998980 5 0.6946 0.1264 3323.3748 483.1028 0.9569 6.8746 242.1580 0.9681 1.0486 0.1183 0.3081 -0.7752 0.8569 1.1427 
50999008 5 0.8201 0.0745 1495.4237 72.5603 0.9779 3.8188 141.9106 0.5682 0.6062 0.0724 0.1845 -0.8006 0.7446 1.0613 
50999096 2 0.5609 0.1307 3421.9482 451.4482 0.9468 7.6773 180.9088 1.3150 1.4061 0.1188 0.3538 -0.7788 0.9128 1.0621 
50999120 1 0.4431 0.2547 10913.8818 2497.6445 0.9082 14.0283 398.2689 1.6841 1.8628 0.2174 0.5253 -0.7218 0.9368 1.0884 
50999148 2 0.6119 0.1648 4658.0947 833.4892 0.9420 8.7132 279.2467 1.2064 1.3173 0.1499 0.3837 -0.7566 0.8935 1.0670 
50999176 1 0.5531 0.1699 5534.7334 1301.9994 0.9349 9.8091 284.3322 1.3353 1.4561 0.1516 0.4132 -0.7495 0.9083 1.0637 
50999248 2 0.4802 0.1481 8039.8281 1844.8186 0.9383 12.0205 331.2641 1.5602 1.6617 0.1323 0.3886 -0.7783 0.9377 1.0331 
50999272 1 0.4048 0.1960 13887.7588 3258.7383 0.9201 15.7336 439.3807 1.8071 1.9450 0.1691 0.4653 -0.7579 0.9521 1.0532 
50999300 2 0.5794 0.1208 5581.4580 811.9620 0.9508 9.7502 306.7650 1.2589 1.3399 0.1107 0.3330 -0.7847 0.9069 1.0451 
50999328 1 0.5587 0.1406 6582.4214 1286.0072 0.9445 10.6807 341.9813 1.3198 1.4146 0.1276 0.3645 -0.7735 0.9120 1.0493 
50999432 5 0.4519 0.1136 3752.0286 810.5576 0.9560 8.3085 142.2157 1.5168 1.5797 0.1057 0.3001 -0.8159 0.9415 1.0350 
50999460 5 0.5374 0.1199 5367.0889 1297.0472 0.9483 9.8073 263.6352 1.2991 1.3823 0.1089 0.3426 -0.7771 0.9095 1.0958 
51048736 3 0.3090 0.2064 18938.4219 4085.7097 0.9115 17.6778 395.9271 2.1067 2.2525 0.1739 0.4898 -0.7592 0.9676 1.0247 
51048764 3 0.4626 0.1415 7488.9609 1241.5250 0.9399 11.6088 291.8498 1.6050 1.7012 0.1266 0.3798 -0.7844 0.9425 1.0334 
51048892 2 0.3874 0.1658 9700.3906 1789.6287 0.9393 13.0881 287.6660 1.8342 1.9256 0.1504 0.3775 -0.7994 0.9606 1.0281 
51048920 2 0.3756 0.1985 12423.0391 2450.9944 0.9270 14.7517 351.5907 1.9018 2.0195 0.1762 0.4322 -0.7791 0.9611 1.0696 
51048944 2 0.4490 0.1117 5789.8350 1267.2114 0.9494 10.3178 215.6988 1.5533 1.6277 0.1013 0.3327 -0.8011 0.9414 1.0619 
51048972 2 0.4739 0.1265 7227.4585 1247.8375 0.9444 11.4322 292.2389 1.5516 1.6383 0.1138 0.3586 -0.7926 0.9399 1.0432 
51049052 2 0.3810 0.1422 6325.8486 1246.4313 0.9420 10.6879 183.9882 1.7375 1.8226 0.1285 0.3645 -0.7942 0.9535 1.0668 
51049080 2 0.3468 0.1827 10449.0420 1766.3184 0.9275 13.5000 262.5290 1.9135 2.0266 0.1610 0.4270 -0.7753 0.9607 1.0507 
51049108 2 0.5017 0.0843 3264.7490 826.0544 0.9600 7.7786 144.9395 1.3274 1.3843 0.0779 0.2806 -0.8107 0.9210 1.0775 
51049136 2 0.4342 0.1217 6324.5605 1251.3319 0.9436 10.8340 223.8380 1.5559 1.6401 0.1088 0.3586 -0.7832 0.9374 1.0484 
51049248 2 0.5770 0.1146 3625.7996 836.0206 0.9692 7.9032 198.7667 1.2081 1.2529 0.1104 0.2349 -0.8346 0.9129 1.0337 
51049276 2 0.4794 0.1772 5466.3320 1283.2936 0.9340 9.9341 226.3420 1.5393 1.6523 0.1587 0.4096 -0.7645 0.9329 1.0443 
51049464 2 0.3334 0.2449 14872.3584 3228.7576 0.9023 15.8793 352.1030 2.0376 2.2119 0.2042 0.5320 -0.7392 0.9618 1.0340 
51049488 2 0.4065 0.1087 3283.4707 816.5972 0.9481 7.7717 106.7452 1.6085 1.6838 0.0979 0.3374 -0.7961 0.9444 1.0954 
51049516 2 0.4729 0.1714 7240.5972 1248.7365 0.9293 11.4038 292.5898 1.5890 1.7134 0.1503 0.4317 -0.7594 0.9364 1.0328 
51049544 2 0.5204 0.0812 1981.8722 464.0915 0.9629 6.0123 94.4923 1.2969 1.3497 0.0757 0.2660 -0.8170 0.9190 1.0984 
51049628 2 0.3364 0.1507 10539.8125 1767.0662 0.9308 13.4131 252.2060 1.9662 2.0717 0.1312 0.4122 -0.7864 0.9651 1.0356 
51049656 2 0.3291 0.1132 5320.3721 771.1152 0.9452 9.5722 124.0323 1.8496 1.9271 0.1013 0.3482 -0.8054 0.9620 1.0659 
51049680 2 0.4842 0.1328 7201.6914 1252.5885 0.9430 11.3530 301.0574 1.5577 1.6486 0.1194 0.3664 -0.7901 0.9400 1.0235 
51070196 2 0.5332 0.0633 1876.1970 467.5005 0.9695 5.8293 92.7456 1.2569 1.2993 0.0596 0.2300 -0.8375 0.9197 1.0776 
53580612 2 0.3739 0.1886 7086.7607 1230.2898 0.9250 11.2808 201.2042 1.7826 1.9034 0.1652 0.4390 -0.7584 0.9497 1.0395 
53580640 3 0.3544 0.2770 12911.1836 2436.1472 0.8982 14.9835 337.1480 1.9561 2.1457 0.2321 0.5528 -0.7263 0.9556 1.0690 
53580664 2 0.4715 0.2208 8439.0801 1830.3008 0.9161 12.4244 339.8122 1.5226 1.6832 0.1901 0.4914 -0.7204 0.9216 1.0754 
53580692 3 0.4910 0.2192 8634.5557 1835.3165 0.9172 12.4793 369.0506 1.5128 1.6744 0.1891 0.4905 -0.7235 0.9219 1.0545 
53580804 5 0.4117 0.2246 7978.7310 1833.7080 0.9180 11.8807 262.2708 1.8026 1.9503 0.1958 0.4780 -0.7545 0.9516 1.0412 
53580832 2 0.4112 0.2312 7284.8799 1239.2285 0.9150 11.3051 240.2537 1.8198 1.9775 0.1999 0.4934 -0.7519 0.9526 1.0903 
53580856 5 0.5495 0.1670 6175.9619 1289.3392 0.9354 10.3845 313.4458 1.3512 1.4705 0.1490 0.4097 -0.7526 0.9111 1.0439 
53580884 2 0.5595 0.1270 4044.5059 825.5546 0.9448 8.3975 212.0950 1.2815 1.3764 0.1144 0.3623 -0.7678 0.9054 1.0574 
53580980 1 0.4661 0.2013 8988.7002 1821.3094 0.9256 12.7200 354.1696 1.6187 1.7510 0.1775 0.4468 -0.7532 0.9376 1.0330 
53581008 1 0.4826 0.1893 7992.3730 1847.9622 0.9282 11.9532 332.4905 1.5845 1.7129 0.1672 0.4374 -0.7577 0.9359 1.0302 
53581032 1 0.5301 0.1734 6933.3120 1271.6239 0.9352 11.0310 332.8594 1.4409 1.5570 0.1553 0.4085 -0.7618 0.9233 1.0469 
53581060 1 0.5472 0.1666 6279.4146 1288.0918 0.9367 10.4385 316.6583 1.3893 1.5043 0.1494 0.4033 -0.7607 0.9175 1.0516 
53581124 1 0.5002 0.2006 7040.9116 1261.6177 0.9252 11.1577 310.2540 1.5465 1.6880 0.1762 0.4560 -0.7499 0.9315 1.0488 
53581152 1 0.6541 0.1105 2945.6577 475.3740 0.9572 6.6990 196.7863 1.0938 1.1698 0.1027 0.3050 -0.7922 0.8855 1.0420 
53581236 1 0.3170 0.2446 15194.2227 3217.2754 0.8996 15.9996 333.1341 2.0385 2.2150 0.2021 0.5383 -0.7332 0.9606 1.0457 
53581264 1 0.4604 0.1629 6960.7021 1248.7218 0.9318 11.2428 270.4206 1.5825 1.6968 0.1435 0.4173 -0.7641 0.9365 1.0469 
53581380 1 0.2881 0.3182 21607.1035 4032.6995 0.8812 18.5733 409.1914 2.1964 2.4207 0.2565 0.6095 -0.7172 0.9659 1.0724 
53581408 6 0.3259 0.2898 18045.3457 3158.4844 0.8893 17.4131 412.5177 2.0742 2.2826 0.2365 0.5848 -0.7217 0.9611 1.0936 
53581432 1 0.4424 0.2196 10208.7822 2507.0796 0.9175 13.7018 371.9644 1.5899 1.7396 0.1903 0.4802 -0.7274 0.9288 1.0592 
53581460 6 0.5007 0.1776 6946.4800 1256.9023 0.9320 11.2632 305.9343 1.4040 1.5231 0.1579 0.4198 -0.7422 0.9132 1.0575 
53581768 1 0.4591 0.2365 10735.2842 2507.4548 0.9157 13.9021 412.7880 1.6404 1.7999 0.2053 0.4924 -0.7346 0.9359 1.0809 
53581796 1 0.6071 0.1135 3290.6248 460.1595 0.9544 7.4267 195.4950 1.1133 1.1880 0.1048 0.3149 -0.7748 0.8815 1.0508 
53581860 1 0.5729 0.0774 1521.2502 201.0847 0.9651 5.1639 84.6013 1.1811 1.2313 0.0725 0.2548 -0.8164 0.9037 1.5906 
53581888 2 0.5113 0.1087 3226.3943 443.7359 0.9508 7.6544 148.2276 1.3668 1.4417 0.0989 0.3283 -0.7874 0.9197 1.0710 
53581912 1 0.6843 0.1228 3167.7080 480.7838 0.9552 6.7893 225.8639 0.9962 1.0804 0.1141 0.3175 -0.7711 0.8613 1.0312 
53581940 2 0.6201 0.1430 4423.5200 838.0917 0.9460 8.4681 270.5142 1.1645 1.2648 0.1304 0.3625 -0.7610 0.8877 1.0320 
53582304 1 0.3408 0.2959 16822.4590 3179.0886 0.8910 17.0341 410.9708 1.9805 2.1867 0.2439 0.5783 -0.7107 0.9539 1.0401 
53582332 1 0.4676 0.2069 9477.3428 1808.6880 0.9228 13.1514 375.3480 1.5472 1.6863 0.1812 0.4597 -0.7366 0.9272 1.0610 
53582396 1 0.3271 0.2767 16400.0918 3193.6719 0.8923 16.6229 377.8909 2.0511 2.2523 0.2266 0.5715 -0.7234 0.9601 1.0640 
53582424 2 0.4036 0.2252 9207.1377 1807.1414 0.9108 12.6990 293.9745 1.8562 2.0231 0.1910 0.5100 -0.7471 0.9540 1.0411 
53582448 1 0.5311 0.1851 6658.9282 1274.4017 0.9317 10.8645 320.9533 1.3944 1.5208 0.1648 0.4259 -0.7461 0.9143 1.0511 
53582476 2 0.5658 0.1392 4717.0088 817.7442 0.9424 9.0303 251.2532 1.2737 1.3761 0.1252 0.3760 -0.7627 0.9035 1.1027 
53582540 1 0.4487 0.2254 9464.6543 1809.3741 0.9172 12.9977 352.5798 1.7108 1.8650 0.1955 0.4854 -0.7461 0.9439 1.0838 
53582568 1 0.6170 0.1306 4017.4434 841.3033 0.9496 8.1151 244.0456 1.1327 1.2215 0.1198 0.3424 -0.7657 0.8831 1.0504 
53582656 5 0.4979 0.1058 2069.8691 469.3506 0.9541 5.7817 96.0872 1.5766 1.6552 0.0971 0.3189 -0.8310 0.9511 1.0327 
53582684 5 0.5679 0.1358 2516.8796 467.0592 0.9451 6.3970 138.4636 1.3831 1.4858 0.1230 0.3664 -0.7888 0.9248 1.0561 
53582712 2 0.2513 0.1687 14573.2871 2403.7393 0.9209 15.0522 222.3007 2.1513 2.2690 0.1434 0.4461 -0.7718 0.9706 1.0343 
53582736 2 0.4624 0.0887 2686.9663 445.6882 0.9600 7.0464 106.6387 1.4540 1.5141 0.0822 0.2842 -0.8204 0.9370 1.0613 
53582764 2 0.2930 0.1433 10022.9199 1768.0350 0.9325 13.0333 193.2180 1.9502 2.0481 0.1249 0.4018 -0.7803 0.9628 1.0400 
53582792 2 0.5014 0.0855 2288.9250 455.9144 0.9627 6.5033 102.7713 1.3186 1.3759 0.0798 0.2715 -0.8153 0.9215 1.0591 
53582816 2 0.3609 0.1233 6840.3647 1227.4542 0.9419 11.2170 181.8454 1.6869 1.7702 0.1097 0.3642 -0.7816 0.9468 1.0532 
53586360 1 0.5019 0.1561 5543.3721 1287.0995 0.9377 9.9585 245.6975 1.4890 1.5953 0.1397 0.3938 -0.7694 0.9293 1.0238 
53586388 1 0.3694 0.2371 13266.9082 2426.5815 0.9063 15.3318 367.7198 1.8767 2.0473 0.1996 0.5208 -0.7330 0.9519 1.0515 
53586416 1 0.6243 0.1268 3513.6406 463.5215 0.9512 7.5363 217.8127 1.1359 1.2225 0.1167 0.3343 -0.7723 0.8859 1.0403 
53586440 1 0.4281 0.1814 8370.5400 1815.6501 0.9250 12.4762 290.8882 1.5783 1.7047 0.1579 0.4434 -0.7382 0.9293 1.1099 
53586724 2 0.3070 0.2867 13828.2832 2408.9004 0.8946 15.3122 291.8112 2.0201 2.2099 0.2392 0.5571 -0.7202 0.9574 1.0683 
53586752 2 0.3701 0.1468 4080.1565 795.3588 0.9346 8.6152 115.4563 1.7159 1.8155 0.1294 0.3964 -0.7700 0.9470 1.1321 
53586776 2 0.4271 0.2671 11159.4248 2479.9839 0.9022 14.3419 387.6058 1.6146 1.8072 0.2248 0.5467 -0.6993 0.9254 1.1242 
53586804 2 0.4516 0.1152 2894.8889 439.4583 0.9461 7.4068 110.8337 1.4287 1.5088 0.1036 0.3471 -0.7766 0.9233 1.3140 
53586868 2 0.2708 0.3047 18191.1270 3142.6226 0.8838 17.2867 319.3246 2.0958 2.3072 0.2468 0.5917 -0.7056 0.9586 1.0928 
53586896 2 0.3378 0.2753 16065.9531 3171.3960 0.8928 17.0976 392.5502 1.8022 2.0000 0.2259 0.5665 -0.6932 0.9380 1.1103 
53586960 2 0.4215 0.1951 6604.4067 1248.7809 0.9254 10.9230 225.8647 1.6863 1.8150 0.1717 0.4441 -0.7588 0.9439 1.0768 
53586988 2 0.3394 0.3210 16511.1484 3178.9648 0.8855 17.0193 405.3996 1.9266 2.1502 0.2630 0.6016 -0.6999 0.9492 1.0988 
53587016 2 0.4625 0.1590 5494.7031 1273.8961 0.9304 10.1273 215.8082 1.4507 1.5683 0.1390 0.4219 -0.7428 0.9181 1.0996 
53587040 2 0.3504 0.3200 18706.8066 4060.9246 0.8829 18.4300 483.8849 1.7907 2.0221 0.2592 0.6114 -0.6772 0.9347 1.1367 
53587104 2 0.4533 0.2174 8412.8955 1829.2219 0.9181 12.3249 318.8521 1.6362 1.7891 0.1884 0.4812 -0.7381 0.9362 1.0501 
53587132 2 0.5045 0.2028 7814.9312 1857.2003 0.9227 11.8342 348.4196 1.4718 1.6204 0.1767 0.4667 -0.7335 0.9201 1.0678 
53587428 2 0.3201 0.2474 15261.4238 3227.5923 0.9001 15.8500 340.8581 2.1328 2.3134 0.2048 0.5427 -0.7455 0.9674 1.0536 
53587456 2 0.2531 0.2850 22149.3906 4017.2683 0.8842 18.5663 345.7414 2.2234 2.4287 0.2281 0.5870 -0.7138 0.9655 1.0337 
53587480 2 0.4639 0.1854 7414.7334 1244.6041 0.9250 11.5155 291.3502 1.6381 1.7745 0.1614 0.4517 -0.7545 0.9398 1.0256 
53587508 2 0.3550 0.2651 14814.1182 3223.7192 0.8983 16.1204 385.9268 1.9200 2.1089 0.2204 0.5518 -0.7203 0.9521 1.0439 
53587572 2 0.3459 0.2057 8009.3608 1821.4197 0.9160 11.8199 202.8888 1.9060 2.0473 0.1763 0.4760 -0.7514 0.9564 1.0419 
53587600 2 0.3840 0.1763 7552.4102 1829.9374 0.9222 11.7366 222.9579 1.7301 1.8581 0.1513 0.4510 -0.7481 0.9440 1.0586 
53587664 2 0.5506 0.0829 1885.4197 467.6223 0.9604 5.8873 97.8527 1.1370 1.1944 0.0767 0.2796 -0.7929 0.8896 1.0919 
53587688 1 0.3932 0.2427 9351.3477 1789.2314 0.9111 13.0908 286.4485 1.7128 1.8717 0.2089 0.5009 -0.7234 0.9380 1.0721 
53587716 2 0.5024 0.1097 2421.7527 453.9488 0.9526 6.6783 109.1264 1.3550 1.4263 0.1006 0.3190 -0.7915 0.9194 1.0995 
53587744 1 0.4592 0.2325 9872.4209 1794.5039 0.9137 13.5397 381.7830 1.4937 1.6577 0.2000 0.4993 -0.7074 0.9147 1.0978 
