20586908_6c613a14b80a8591_MG_R_CC_ANON.jpg 2 0.39638 0.13151 7503.48016 1831.65726 0.93997 11.74032 230.51638 1.67577 1.76497 0.11687 0.37438 -0.78256 0.94675 1.04482
20586934_6c613a14b80a8591_MG_L_CC_ANON.jpg 5 0.46706 0.15933 8086.47959 1836.7491 0.95621 12.13784 317.68397 1.53782 1.60177 0.151 0.30245 -0.81756 0.94372 1.02604
20586960_6c613a14b80a8591_MG_R_ML_ANON.jpg 2 0.34386 0.17187 11217.18021 2465.00424 0.9289 14.08065 276.69551 1.87287 1.98165 0.15104 0.41956 -0.77183 0.95756 1.04397
20586986_6c613a14b80a8591_MG_L_ML_ANON.jpg 5 0.4166 0.10512 3486.39818 811.57126 0.9557 8.0441 116.76573 1.56506 1.62743 0.09716 0.30119 -0.81227 0.94435 1.02654
20587054_b6a4f750c6df4f90_MG_R_CC_ANON.jpg 4 0.4744 0.10561 5062.86501 791.95287 0.95345 9.55796 205.84592 1.52658 1.59513 0.09681 0.3142 -0.8121 0.94168 1.03286
20587080_b6a4f750c6df4f90_MG_R_ML_ANON.jpg 4 0.32283 0.19627 16512.65799 3190.00188 0.91597 16.65598 370.66819 2.05796 2.19595 0.16694 0.4751 -0.76588 0.96657 1.04606
20587148_fd746d25eb40b3dc_MG_R_CC_ANON.jpg 2 0.66465 0.06677 1851.77689 209.18146 0.97282 5.35868 127.41487 0.94069 0.97941 0.06376 0.2119 -0.82383 0.8637 1.14252
20587174_fd746d25eb40b3dc_MG_L_CC_ANON.jpg 2 0.68292 0.07928 1415.78274 212.5853 0.98322 4.638 102.10244 0.83959 0.86445 0.07799 0.14739 -0.86186 0.85413 1.07698
20587200_fd746d25eb40b3dc_MG_R_ML_ANON.jpg 2 0.47891 0.09823 4105.49626 807.54563 0.95447 8.65906 169.54885 1.45239 1.5182 0.08991 0.30823 -0.8068 0.93345 1.09081
20587226_fd746d25eb40b3dc_MG_L_ML_ANON.jpg 2 0.54084 0.07871 2658.67454 455.21228 0.96385 6.90286 132.96461 1.25583 1.30729 0.07348 0.26137 -0.81908 0.91462 1.07032
20587294_e634830794f5c1bd_MG_R_CC_ANON.jpg 2 0.38601 0.225 16773.33141 4110.80899 0.91204 17.68247 497.47649 1.65684 1.81011 0.19211 0.49524 -0.71584 0.93097 1.09267
20587320_e634830794f5c1bd_MG_L_CC_ANON.jpg 2 0.35912 0.19577 11383.7727 2437.28082 0.946 14.74306 296.40312 1.58096 1.65857 0.18307 0.34984 -0.77845 0.93749 1.10749
20587346_e634830794f5c1bd_MG_R_ML_ANON.jpg 2 0.29544 0.23244 22058.73492 3980.9761 0.90156 19.50739 435.81121 1.98682 2.15174 0.19203 0.52424 -0.72544 0.9557 1.08074
20587372_e634830794f5c1bd_MG_L_ML_ANON.jpg 2 0.2491 0.21921 22513.66659 3959.66515 0.9027 19.47933 343.59529 2.01108 2.16318 0.18034 0.51163 -0.71798 0.95448 1.08938
20587466_d571b5880ad2a016_MG_L_CC_ANON.jpg 2 0.69294 0.1438 3172.73807 484.98496 0.97921 6.65244 231.34662 0.98389 1.01403 0.14173 0.17417 -0.86498 0.8868 1.12089
20587492_d571b5880ad2a016_MG_R_ML_ANON.jpg 2 0.65126 0.09944 3618.3746 472.33794 0.95949 7.37463 239.99757 1.14413 1.21427 0.09258 0.2913 -0.80961 0.89881 1.05592
20587518_d571b5880ad2a016_MG_L_ML_ANON.jpg 2 0.58446 0.11163 4893.71216 826.7895 0.95556 8.92064 275.39221 1.33687 1.41174 0.10335 0.31035 -0.81673 0.92586 1.08476
20587544_d571b5880ad2a016_MG_R_CC_ANON.jpg 2 0.72373 0.07626 2595.68712 222.2944 0.97016 5.79311 202.81366 0.92745 0.97786 0.07254 0.23177 -0.82642 0.86445 1.06228
20587612_f4b2d377f43ba0bd_MG_R_CC_ANON.jpg 5 0.42053 0.11727 5438.37482 1262.50103 0.94509 10.22315 183.6522 1.45807 1.5382 0.10513 0.35115 -0.77518 0.92575 1.11921
20587638_f4b2d377f43ba0bd_MG_L_CC_ANON.jpg 2 0.42925 0.13847 6973.03187 1229.40075 0.96083 11.58266 239.09464 1.41028 1.46756 0.13183 0.2798 -0.81472 0.93099 1.10306
20587664_f4b2d377f43ba0bd_MG_R_ML_ANON.jpg 5 0.36695 0.16303 8454.80871 1797.93551 0.93096 12.55171 231.66655 1.67313 1.77842 0.14348 0.41168 -0.75888 0.94133 1.10793
20587690_f4b2d377f43ba0bd_MG_L_ML_ANON.jpg 2 0.35068 0.14698 6390.25667 1235.34496 0.93852 10.86401 164.01702 1.68629 1.7754 0.13158 0.37786 -0.77947 0.94668 1.11142
20587758_81cd83d2f4d78528_MG_L_CC_ANON.jpg 3 0.40523 0.13768 9952.73969 1786.31045 0.94092 13.33361 316.05627 1.75701 1.84628 0.12334 0.37128 -0.79776 0.95575 1.18193
20587784_81cd83d2f4d78528_MG_R_ML_ANON.jpg 3 0.36068 0.17417 14288.16757 3241.01599 0.92604 15.77694 378.23729 1.92028 2.03781 0.15156 0.43389 -0.77558 0.96129 1.02971
20587810_81cd83d2f4d78528_MG_L_ML_ANON.jpg 3 0.29904 0.18831 18158.18854 3155.80366 0.91759 17.22569 360.41559 2.11337 2.24341 0.16037 0.46396 -0.76987 0.96925 1.02545
20587836_81cd83d2f4d78528_MG_R_CC_ANON.jpg 3 0.48118 0.14191 8380.14438 1838.49291 0.94152 12.26133 346.36366 1.55397 1.64827 0.12769 0.37365 -0.78594 0.93878 1.05368
20587902_8dbbd4e51f549ff0_MG_R_CC_ANON.jpg 3 0.58855 0.12915 5059.20774 825.28194 0.94898 9.08178 287.06794 1.33328 1.42478 0.11807 0.34652 -0.79659 0.92086 1.112
20587928_8dbbd4e51f549ff0_MG_R_ML_ANON.jpg 3 0.45362 0.13055 7300.682 1249.14206 0.94308 11.28874 278.45178 1.71833 1.80923 0.11724 0.36539 -0.80856 0.95599 1.09803
20587994_024ee3569b2605dc_MG_R_CC_ANON.jpg 6 0.39815 0.13848 8749.88063 1802.38864 0.93747 12.67151 270.47163 1.67535 1.76922 0.12258 0.38495 -0.77713 0.94559 1.05903
20588020_024ee3569b2605dc_MG_L_CC_ANON.jpg 2 0.3774 0.24174 14768.42109 3217.78567 0.94795 16.35722 415.14308 1.74233 1.81844 0.22955 0.34162 -0.80466 0.95566 1.03404
20588046_024ee3569b2605dc_MG_R_ML_ANON.jpg 6 0.26518 0.21862 22626.23918 4002.31702 0.9027 18.9239 375.58039 2.1884 2.34703 0.17964 0.51696 -0.74572 0.9687 1.05351
20588072_024ee3569b2605dc_MG_L_ML_ANON.jpg 2 0.28321 0.21044 21445.87456 4017.41116 0.9072 18.75289 393.16 2.10333 2.25354 0.17497 0.50135 -0.74721 0.96527 1.04759
20588138_8d0b9620c53c0268_MG_R_ML_ANON.jpg 1 0.32618 0.1952 17815.6187 3159.33595 0.91744 17.35895 404.04204 2.03703 2.17039 0.16696 0.46662 -0.76637 0.96557 1.03865
20588164_8d0b9620c53c0268_MG_R_CC_ANON.jpg 1 0.45746 0.14339 8313.60832 1831.52713 0.93902 12.25834 317.99783 1.61388 1.71137 0.12801 0.38333 -0.78232 0.94274 1.02272
20588190_8d0b9620c53c0268_MG_L_CC_ANON.jpg 4 0.48461 0.25498 10072.25427 1808.51042 0.94919 13.42243 419.41465 1.56966 1.64853 0.24319 0.3391 -0.80579 0.94424 1.03102
20588216_8d0b9620c53c0268_MG_L_ML_ANON.jpg 4 0.33265 0.20517 18006.84544 3156.55053 0.91365 17.48673 421.14638 2.0259 2.16938 0.17412 0.48329 -0.75943 0.96412 1.04954
20588308_493155e17143edef_MG_L_ML_ANON.jpg 3 0.53942 0.12195 6624.80067 1281.60812 0.9505 10.69816 326.82251 1.44234 1.52188 0.11177 0.33205 -0.80544 0.93339 1.17974
20588334_493155e17143edef_MG_L_CC_ANON.jpg 3 0.66558 0.10395 4273.35767 857.07269 0.96033 7.9734 291.29663 1.08195 1.14995 0.0973 0.28673 -0.80386 0.88679 1.06185
20588458_bf1a6aaadb05e3df_MG_R_CC_ANON.jpg 2 0.41802 0.15975 10420.6605 2499.27438 0.93281 13.73235 346.81018 1.70543 1.81281 0.14103 0.40942 -0.77291 0.94751 1.0466
20588510_bf1a6aaadb05e3df_MG_R_ML_ANON.jpg 2 0.27046 0.22814 23783.88858 3988.1317 0.90191 19.26994 405.26497 2.22721 2.39001 0.18814 0.52289 -0.74941 0.97096 1.05407
20588536_bf1a6aaadb05e3df_MG_L_ML_ANON.jpg 5 0.26919 0.22054 20592.00089 4070.00577 0.90478 17.74612 350.3451 2.28748 2.44472 0.18294 0.5126 -0.76086 0.97474 1.06165
20588562_bf1a6aaadb05e3df_MG_L_CC_ANON.jpg 5 0.31309 0.19848 16740.18307 3190.97191 0.91412 16.58801 359.40574 2.12791 2.26861 0.16796 0.48052 -0.76822 0.96992 1.06174
20588654_036aff49b8ac84f0_MG_R_ML_ANON.jpg 2 0.43548 0.13716 5487.19183 1274.13179 0.94357 9.97841 195.94397 1.63091 1.71692 0.1241 0.36043 -0.7913 0.94559 1.03342
20588680_036aff49b8ac84f0_MG_L_ML_ANON.jpg 3 0.38671 0.14077 5916.37503 1257.00966 0.94242 10.32483 175.84227 1.71963 1.80438 0.12727 0.36278 -0.792 0.9518 1.04499
22427682_d713ef5849f98b6c_MG_R_CC_ANON.jpg 2 0.43795 0.18088 6820.05945 1242.1729 0.92311 11.26317 246.32425 1.54656 1.68045 0.15616 0.45333 -0.73337 0.92565 1.08068
22427705_d713ef5849f98b6c_MG_L_CC_ANON.jpg 5 0.52937 0.20149 7514.65401 1260.47215 0.95351 11.54929 358.75085 1.39294 1.46546 0.19184 0.3184 -0.80138 0.92672 1.03458
22427728_d713ef5849f98b6c_MG_R_ML_ANON.jpg 2 0.31655 0.25295 11273.54895 2469.6678 0.90092 13.84601 249.264 2.00199 2.17685 0.21136 0.53433 -0.73075 0.95824 1.18662
22427751_d713ef5849f98b6c_MG_L_ML_ANON.jpg 5 0.39107 0.17133 5204.78544 1274.75378 0.92912 9.69896 159.18669 1.72953 1.84352 0.15059 0.42315 -0.76504 0.94757 1.04406
22427840_bbd6a3a35438c11b_MG_R_CC_ANON.jpg 5 0.6358 0.10973 2889.81416 471.19079 0.95551 6.75904 185.00718 1.12116 1.1987 0.10143 0.31213 -0.78671 0.88785 1.04762
22427864_bbd6a3a35438c11b_MG_L_CC_ANON.jpg 2 0.50034 0.20963 8643.97317 1836.99279 0.92455 12.49559 379.47027 1.4606 1.60135 0.18477 0.45619 -0.73288 0.918 1.04515
22579730_bbd6a3a35438c11b_MG_R_ML_ANON.jpg 5 0.4553 0.14186 5543.34192 1277.01107 0.93731 10.00885 212.40663 1.59587 1.69754 0.12572 0.39149 -0.77713 0.94024 1.06747
22579754_bbd6a3a35438c11b_MG_L_ML_ANON.jpg 2 0.39155 0.18924 8805.12566 1807.69414 0.92208 12.52308 266.88667 1.80307 1.9347 0.1638 0.45502 -0.75803 0.95154 1.0305
22579847_301f1776aebbf5d2_MG_R_CC_ANON.jpg 2 0.51561 0.20402 7891.16321 1862.59849 0.9259 11.78991 363.55469 1.50358 1.64514 0.17993 0.45341 -0.74698 0.92681 1.08279
22579870_301f1776aebbf5d2_MG_L_CC_ANON.jpg 4 0.53737 0.14041 5700.77379 1296.1116 0.9603 9.94719 280.17574 1.4051 1.4643 0.13359 0.28259 -0.82493 0.93365 1.06197
22579893_301f1776aebbf5d2_MG_R_ML_ANON.jpg 2 0.37085 0.25183 13073.69159 2435.96218 0.9031 15.11879 364.00995 1.91454 2.09384 0.21132 0.5346 -0.73157 0.95412 1.06905
22579916_301f1776aebbf5d2_MG_L_ML_ANON.jpg 4 0.41311 0.17549 6965.13481 1245.2995 0.92561 11.05669 231.09664 1.7918 1.92093 0.15236 0.44434 -0.77046 0.95376 1.09065
22580015_6200187f3f1ccc18_MG_R_CC_ANON.jpg 2 0.47268 0.10525 3089.84204 437.16829 0.95351 7.69849 125.5198 1.30349 1.37026 0.09648 0.31294 -0.78037 0.90908 1.1017
22580038_6200187f3f1ccc18_MG_L_CC_ANON.jpg 5 0.45695 0.12682 4648.54399 789.84715 0.96259 9.36907 176.80085 1.39961 1.45296 0.12071 0.27008 -0.81882 0.93073 1.08391
22580068_6200187f3f1ccc18_MG_R_ML_ANON.jpg 2 0.3808 0.12775 4499.39424 785.60795 0.94021 9.10916 131.3797 1.64337 1.73089 0.11337 0.37174 -0.77452 0.94208 1.07361
22580098_6200187f3f1ccc18_MG_L_ML_ANON.jpg 5 0.35527 0.16272 6420.39207 1237.80259 0.92711 10.82094 168.56153 1.73717 1.84914 0.14104 0.42669 -0.74957 0.94378 1.04258
22580192_5530d5782fc89dd7_MG_R_CC_ANON.jpg 3 0.40397 0.23227 12007.39374 2451.33157 0.90901 14.89608 382.30934 1.65527 1.82146 0.19676 0.51209 -0.71303 0.93099 1.08476
22580218_5530d5782fc89dd7_MG_L_CC_ANON.jpg 1 0.41165 0.23617 11697.02455 2462.74532 0.9093 14.66485 383.00312 1.65606 1.82366 0.20066 0.51276 -0.71674 0.93232 1.09332
22580244_5530d5782fc89dd7_MG_R_ML_ANON.jpg 3 0.29082 0.31171 21986.60824 4014.1202 0.88039 18.93146 424.59005 2.15226 2.378 0.2494 0.61255 -0.7129 0.9633 1.16417
22580270_5530d5782fc89dd7_MG_L_ML_ANON.jpg 1 0.30671 0.29599 19354.42527 4070.47511 0.88613 17.9564 405.19457 2.09518 2.3096 0.23969 0.59317 -0.71512 0.96086 1.06209
22580341_5eae9beae14d26fd_MG_R_CC_ANON.jpg 2 0.58467 0.12597 5241.19723 820.75485 0.94952 9.30667 293.61157 1.32486 1.412 0.11521 0.34224 -0.79433 0.91871 1.10442
22580367_5eae9beae14d26fd_MG_L_CC_ANON.jpg 2 0.5692 0.17602 5008.52744 818.63533 0.9577 9.16604 269.68118 1.36107 1.42764 0.16802 0.29803 -0.81757 0.92778 1.05079
22580393_5eae9beae14d26fd_MG_R_ML_ANON.jpg 2 0.49169 0.13971 7989.62251 1853.76863 0.941 11.87251 342.20387 1.58135 1.67934 0.12525 0.37759 -0.79167 0.94283 1.08439
22580419_5eae9beae14d26fd_MG_L_ML_ANON.jpg 2 0.45218 0.15395 9371.19422 1812.31882 0.93508 12.92617 352.54923 1.68164 1.78925 0.13644 0.40241 -0.78364 0.94867 1.05045
22580492_2a5b932da4ce5ca1_MG_R_CC_ANON.jpg 2 0.54722 0.13226 6189.08885 1288.08857 0.94624 10.40264 311.69008 1.35671 1.44544 0.12021 0.35349 -0.7798 0.9176 1.02566
22580520_2a5b932da4ce5ca1_MG_L_CC_ANON.jpg 5 0.53482 0.15855 5970.89917 1292.90562 0.96168 10.12208 291.80464 1.46877 1.5255 0.15209 0.2753 -0.83691 0.94254 1.05106
22580548_2a5b932da4ce5ca1_MG_R_ML_ANON.jpg 2 0.39271 0.18062 12324.43696 2454.04626 0.92378 14.7924 373.07446 1.83469 1.96142 0.15646 0.44633 -0.76597 0.95504 1.02558
22580576_2a5b932da4ce5ca1_MG_L_ML_ANON.jpg 5 0.39145 0.15215 10301.55599 1779.40296 0.93313 13.47018 310.97009 1.84795 1.95241 0.13384 0.40479 -0.7883 0.95963 1.06163
22580654_fe7d005dcbbfb46d_MG_R_CC_ANON.jpg 5 0.5635 0.15677 5088.48379 818.28744 0.93888 9.19561 271.11237 1.41286 1.52774 0.14059 0.39742 -0.77766 0.92551 1.15516
22580680_fe7d005dcbbfb46d_MG_L_CC_ANON.jpg 2 0.64615 0.14759 3912.33357 850.18788 0.96742 7.89377 254.34449 0.98482 1.03399 0.14282 0.24551 -0.80526 0.86691 1.06751
22580706_fe7d005dcbbfb46d_MG_R_ML_ANON.jpg 5 0.34502 0.25048 8847.92017 1822.33985 0.92302 11.94448 227.48844 2.11061 2.24445 0.2247 0.45567 -0.79078 0.973 1.10462
22580732_fe7d005dcbbfb46d_MG_L_ML_ANON.jpg 2 0.51208 0.19094 5736.08509 1285.49403 0.9332 10.1303 262.58544 1.44148 1.56144 0.17171 0.41663 -0.75575 0.92176 1.06776
22613624_dcafa6ba6374ec07_MG_R_CC_ANON.jpg 2 0.57032 0.16998 5729.70229 1302.38694 0.9358 9.97021 307.78335 1.23914 1.36004 0.15211 0.4094 -0.73455 0.89075 1.05099
22613650_dcafa6ba6374ec07_MG_L_CC_ANON.jpg 6 0.60823 0.11579 3128.04192 462.3198 0.96662 7.21229 186.44725 1.13577 1.18466 0.11098 0.2486 -0.82027 0.89841 1.20448
22613676_dcafa6ba6374ec07_MG_R_ML_ANON.jpg 2 0.49291 0.16286 5572.84385 1282.66081 0.93574 10.05221 240.36328 1.47125 1.58078 0.14547 0.40149 -0.76001 0.92503 1.0389
22613702_dcafa6ba6374ec07_MG_L_ML_ANON.jpg 6 0.54525 0.15614 4517.62457 817.44108 0.94136 8.83712 228.30761 1.40189 1.50559 0.14143 0.38076 -0.77479 0.92237 1.10289
22613770_45c7f44839fd9e68_MG_R_CC_ANON.jpg 5 0.58226 0.10229 3481.73861 454.58479 0.95577 7.69282 194.48637 1.22293 1.2927 0.09425 0.30671 -0.79576 0.90473 1.09639
22613796_45c7f44839fd9e68_MG_L_CC_ANON.jpg 2 0.54747 0.17135 5974.0867 1287.38953 0.95403 10.34927 300.73655 1.23548 1.30556 0.16208 0.31449 -0.78374 0.90209 1.0736
22613822_45c7f44839fd9e68_MG_R_ML_ANON.jpg 5 0.53194 0.15056 4828.97322 807.97835 0.9412 9.23399 234.08764 1.39487 1.49546 0.13596 0.37877 -0.769 0.91942 1.08394
22613848_45c7f44839fd9e68_MG_L_ML_ANON.jpg 1 0.51005 0.18654 6116.97018 1273.48807 0.93457 10.58288 277.60079 1.34811 1.4608 0.16823 0.40704 -0.74034 0.90558 1.06918
22613918_f23fa352e7de3dc7_MG_R_CC_ANON.jpg 4 0.574 0.15931 5914.30142 1300.15437 0.94262 10.12025 320.54219 1.2192 1.32038 0.14515 0.37442 -0.75234 0.89225 1.06122
22613944_f23fa352e7de3dc7_MG_L_CC_ANON.jpg 1 0.59463 0.15714 4999.53121 821.70023 0.94436 9.20672 286.41896 1.16155 1.26116 0.14378 0.36733 -0.75073 0.88312 1.05988
22613970_f23fa352e7de3dc7_MG_R_ML_ANON.jpg 4 0.45016 0.20022 9178.5223 1809.56285 0.92177 12.93617 343.14176 1.60335 1.74264 0.17412 0.46218 -0.74042 0.93313 1.07613
22613996_f23fa352e7de3dc7_MG_L_ML_ANON.jpg 1 0.50715 0.15651 5731.54202 1281.75004 0.93821 10.19678 257.61695 1.39505 1.49839 0.14048 0.38949 -0.75743 0.91578 1.09137
22614074_6bd24a0a42c19ce1_MG_R_CC_ANON.jpg 5 0.26915 0.17016 7482.99696 1814.43932 0.91879 11.54738 129.05721 1.87059 1.99117 0.14362 0.45261 -0.73402 0.94888 1.08498
22614097_6bd24a0a42c19ce1_MG_L_CC_ANON.jpg 2 0.25698 0.13314 9919.38157 1752.87575 0.94904 13.13159 147.89479 1.85066 1.92209 0.12237 0.33328 -0.79881 0.96032 1.0716
22614127_6bd24a0a42c19ce1_MG_R_ML_ANON.jpg 5 0.23774 0.32411 22654.00538 4000.25952 0.87631 18.76551 325.37323 2.21431 2.43625 0.25879 0.61011 -0.69532 0.9619 1.05129
22614150_6bd24a0a42c19ce1_MG_L_ML_ANON.jpg 2 0.27945 0.22546 9798.13507 1770.32668 0.90573 12.90351 179.7558 1.969 2.12117 0.18874 0.50506 -0.72343 0.95363 1.05494
22614236_1e5c3af078f74b05_MG_L_CC_ANON.jpg 5 0.51131 0.17258 5858.71258 1281.4645 0.96091 10.26218 265.58478 1.40331 1.46063 0.16572 0.27972 -0.82222 0.9325 1.0448
22614266_1e5c3af078f74b05_MG_L_ML_ANON.jpg 5 0.35836 0.20034 8837.06651 1808.17149 0.91536 12.32528 235.72415 1.93341 2.0791 0.17035 0.48232 -0.76018 0.96001 1.10114
22614353_d065adcb9905b973_MG_R_CC_ANON.jpg 2 0.42965 0.14578 8835.9176 1802.88179 0.93639 12.88125 307.34484 1.52174 1.62016 0.12916 0.39213 -0.75767 0.92792 1.06655
22614379_d065adcb9905b973_MG_L_CC_ANON.jpg 5 0.38369 0.1848 9801.89669 1772.06356 0.95303 13.47993 283.19003 1.644 1.71125 0.17507 0.31819 -0.80907 0.9497 1.09163
22614405_d065adcb9905b973_MG_R_ML_ANON.jpg 2 0.29731 0.1454 9867.27222 1767.42673 0.93077 13.05521 194.41137 1.89527 1.99539 0.12617 0.40758 -0.77102 0.95809 1.14675
22614431_d065adcb9905b973_MG_L_ML_ANON.jpg 5 0.27346 0.20073 17292.63045 3161.70389 0.90887 16.85428 301.5886 2.07499 2.2181 0.16682 0.49262 -0.74477 0.96323 1.11326
22614499_2dec4948fbe6336d_MG_R_CC_ANON.jpg 2 0.42305 0.16645 7111.2172 1237.63212 0.92845 11.36279 242.54588 1.66303 1.78141 0.14526 0.42904 -0.75795 0.94125 1.0487
22614522_2dec4948fbe6336d_MG_L_CC_ANON.jpg 4 0.36285 0.23671 13106.92181 2430.83761 0.93428 15.15165 349.89237 1.88877 1.99021 0.21786 0.40211 -0.78641 0.96121 1.02283
22614545_2dec4948fbe6336d_MG_R_ML_ANON.jpg 2 0.30581 0.20335 12182.88874 2451.24514 0.9091 14.23562 253.30009 2.04846 2.1996 0.16932 0.49901 -0.74636 0.96274 1.0528
22614568_2dec4948fbe6336d_MG_L_ML_ANON.jpg 4 0.28484 0.24988 16604.37185 3195.81701 0.89632 16.27831 309.63511 2.17817 2.35987 0.20453 0.54881 -0.73583 0.96729 1.02795
22670094_e1f51192f7bf3f5f_MG_R_CC_ANON.jpg 6 0.5069 0.17369 6769.23762 1261.11567 0.93067 11.13356 304.26932 1.35912 1.48261 0.15327 0.42641 -0.7365 0.9067 1.09819
22670124_e1f51192f7bf3f5f_MG_L_CC_ANON.jpg 2 0.48826 0.15888 6099.35988 1265.23374 0.95907 10.67169 256.93284 1.3324 1.39141 0.15154 0.28819 -0.80478 0.91987 1.07608
22670147_e1f51192f7bf3f5f_MG_R_ML_ANON.jpg 6 0.4714 0.19785 7350.79461 1243.29302 0.92499 11.59676 296.5335 1.52168 1.65748 0.17382 0.45023 -0.74087 0.92601 1.11639
22670177_e1f51192f7bf3f5f_MG_L_ML_ANON.jpg 2 0.4514 0.18459 6249.72923 1258.02718 0.92943 10.72983 236.13862 1.54547 1.66518 0.16363 0.42674 -0.75181 0.93015 1.07801
22670278_98429c0bdf78c0c7_MG_R_CC_ANON.jpg 4 0.50573 0.12059 3376.12702 820.257 0.94979 8.04603 152.14946 1.18797 1.26333 0.1102 0.33249 -0.75859 0.88658 1.14885
22670301_98429c0bdf78c0c7_MG_L_CC_ANON.jpg 2 0.53874 0.21411 6161.87004 1277.7012 0.95573 10.6359 302.47099 1.16105 1.22791 0.20503 0.30702 -0.77258 0.8868 1.09405
22670324_98429c0bdf78c0c7_MG_R_ML_ANON.jpg 4 0.45131 0.12852 4089.98753 796.49928 0.94417 8.9243 154.61759 1.34366 1.42635 0.1158 0.35605 -0.75463 0.90667 1.10676
22670347_98429c0bdf78c0c7_MG_L_ML_ANON.jpg 2 0.46819 0.19495 7905.6224 1832.35183 0.92657 12.22334 315.38177 1.37396 1.50104 0.17205 0.43925 -0.71526 0.90086 1.10049
22670442_7e677f3d530e41ed_MG_R_CC_ANON.jpg 1 0.63371 0.1442 4862.78307 838.39607 0.94722 8.78493 306.81926 1.13492 1.23395 0.13204 0.35794 -0.7622 0.88361 1.0607
22670465_7e677f3d530e41ed_MG_L_CC_ANON.jpg 5 0.5272 0.15761 4163.42414 818.5158 0.95782 8.53736 199.88632 1.42997 1.49639 0.14974 0.29806 -0.81824 0.93475 1.0517
22670488_7e677f3d530e41ed_MG_R_ML_ANON.jpg 1 0.4154 0.19777 9626.0007 1797.75398 0.91867 13.07653 319.20458 1.79723 1.94195 0.1698 0.47404 -0.7549 0.9512 1.02277
22670511_7e677f3d530e41ed_MG_L_ML_ANON.jpg 5 0.36735 0.17916 8117.46822 1825.35827 0.92303 11.84844 224.47263 1.90046 2.03003 0.15451 0.45213 -0.7709 0.95988 1.03244
22670620_e15a16f87b4f9782_MG_R_CC_ANON.jpg 2 0.481 0.22262 8803.80364 1829.23719 0.91611 12.60422 365.57362 1.54165 1.70562 0.19173 0.4941 -0.72683 0.92577 1.07621
22670643_e15a16f87b4f9782_MG_L_CC_ANON.jpg 1 0.49046 0.16643 6321.55896 1265.30258 0.94995 10.75979 269.4069 1.42814 1.50415 0.15571 0.33302 -0.7925 0.92783 1.06807
22670673_e15a16f87b4f9782_MG_R_ML_ANON.jpg 2 0.37809 0.26701 11027.86548 2483.21238 0.9028 13.92504 318.93526 1.89144 2.07464 0.2259 0.53906 -0.73248 0.95333 1.09026
22670703_e15a16f87b4f9782_MG_L_ML_ANON.jpg 1 0.37939 0.19464 6957.07174 1237.35644 0.92325 11.08888 203.05516 1.82499 1.95351 0.17007 0.4496 -0.7656 0.95453 1.05849
22670809_0b7396cdccacca82_MG_R_CC_ANON.jpg 4 0.63675 0.06545 1292.52745 208.01814 0.97036 4.64911 84.34572 0.92097 0.96346 0.06192 0.22629 -0.80893 0.85409 1.09176
22670832_0b7396cdccacca82_MG_L_CC_ANON.jpg 2 0.57715 0.20251 6809.38289 1285.37857 0.95522 10.91377 370.97279 1.12979 1.20022 0.19345 0.31095 -0.77275 0.88264 1.07042
22670855_0b7396cdccacca82_MG_R_ML_ANON.jpg 5 0.50771 0.10292 2422.94789 453.97353 0.95598 6.69494 110.60683 1.30583 1.37045 0.09503 0.30188 -0.79863 0.91543 1.17915
22670878_0b7396cdccacca82_MG_L_ML_ANON.jpg 2 0.55529 0.14573 3837.99374 825.21268 0.94805 8.29127 198.88904 1.18956 1.27387 0.13437 0.34396 -0.76091 0.88908 1.08613
22670978_f571fd4e63c718e3_MG_L_CC_ANON.jpg 4 0.59151 0.16294 5384.85311 818.48527 0.94236 9.50442 306.08574 1.23223 1.33849 0.14848 0.37848 -0.75909 0.89728 1.08803
22671003_f571fd4e63c718e3_MG_L_ML_ANON.jpg 4 0.52667 0.19837 7318.73459 1266.10757 0.93036 11.30458 348.42125 1.47796 1.60911 0.17706 0.43325 -0.7564 0.9265 1.08879
22678449_60995d51033e24b8_MG_R_CC_ANON.jpg 2 0.54938 0.09822 2384.17186 459.54984 0.95678 6.56906 122.74974 1.18689 1.25216 0.09062 0.29966 -0.78668 0.89577 1.09545
22678472_60995d51033e24b8_MG_L_CC_ANON.jpg 2 0.61418 0.10513 2009.26834 202.47633 0.97241 5.77792 122.71591 1.09196 1.13247 0.10177 0.21604 -0.83636 0.89625 1.03365
22678495_60995d51033e24b8_MG_R_ML_ANON.jpg 2 0.39473 0.13417 4509.52072 788.04492 0.93789 9.09468 139.53114 1.6486 1.74286 0.11857 0.38371 -0.77424 0.9429 1.08427
22678518_60995d51033e24b8_MG_L_ML_ANON.jpg 2 0.47064 0.13812 4683.35586 797.86354 0.94036 9.189 189.14884 1.55426 1.65106 0.12345 0.37805 -0.7804 0.93743 1.03459
22678622_61b13c59bcba149e_MG_R_CC_ANON.jpg 1 0.77749 0.08036 1867.20986 227.65026 0.97268 4.64405 162.6924 0.67632 0.72321 0.07717 0.21707 -0.79033 0.78157 1.05772
22678646_61b13c59bcba149e_MG_L_CC_ANON.jpg 3 0.73884 0.10795 2619.75298 223.62898 0.96642 5.8294 210.02094 0.78879 0.84807 0.10303 0.25427 -0.77933 0.81295 1.1144
22678670_61b13c59bcba149e_MG_R_ML_ANON.jpg 1 0.64706 0.175 5004.37737 841.43461 0.94612 8.84589 325.67031 1.07286 1.1769 0.16195 0.36377 -0.74888 0.86897 1.12116
22678694_61b13c59bcba149e_MG_L_ML_ANON.jpg 3 0.65476 0.18989 5211.91336 842.8811 0.94751 8.97045 345.16373 1.0538 1.15505 0.17734 0.35684 -0.75034 0.86586 1.0747
22678787_64a22c47765f0c5c_MG_R_CC_ANON.jpg 2 0.3985 0.14974 5859.69167 1262.10168 0.93283 10.23156 183.88416 1.74918 1.85524 0.1313 0.40756 -0.77528 0.9509 1.04314
22678810_64a22c47765f0c5c_MG_L_CC_ANON.jpg 2 0.54063 0.09745 2523.63949 458.34665 0.96606 6.67585 126.7747 1.30775 1.35726 0.09261 0.25128 -0.83046 0.9242 1.05679
22678833_64a22c47765f0c5c_MG_R_ML_ANON.jpg 2 0.32428 0.18067 9616.20475 1787.79996 0.91836 12.71885 219.962 2.01498 2.14716 0.15338 0.46416 -0.764 0.96406 1.07137
22678856_64a22c47765f0c5c_MG_L_ML_ANON.jpg 2 0.42118 0.12521 3290.40736 435.49139 0.94232 7.64205 114.23977 1.69073 1.78118 0.11173 0.36776 -0.79558 0.95112 1.04913
22678953_b9a4da5f2dae63a9_MG_R_CC_ANON.jpg 4 0.56772 0.09954 4157.85237 826.53244 0.95535 8.45549 222.48386 1.28891 1.35909 0.09141 0.30819 -0.80029 0.91464 1.03941
22678980_b9a4da5f2dae63a9_MG_L_CC_ANON.jpg 2 0.5147 0.15199 5919.85252 1284.32946 0.95691 10.22988 271.87115 1.46308 1.52873 0.144 0.30032 -0.81906 0.93797 1.06082
22679008_b9a4da5f2dae63a9_MG_R_ML_ANON.jpg 4 0.40285 0.14721 6839.25461 1242.54049 0.93982 11.03661 216.63349 1.7574 1.84975 0.13232 0.37681 -0.79336 0.95496 1.05518
22679036_b9a4da5f2dae63a9_MG_L_ML_ANON.jpg 2 0.40839 0.1302 5447.0806 1271.82763 0.94779 9.90334 176.2159 1.68456 1.7608 0.11908 0.33918 -0.80522 0.95216 1.05209
24054997_2f1104b3cda7f145_MG_L_ML_ANON.jpg 1 0.61071 0.127 5328.25781 823.94018 0.95389 9.40531 317.13071 1.12382 1.19951 0.11798 0.31761 -0.77504 0.88339 1.03893
24055024_2f1104b3cda7f145_MG_R_ML_ANON.jpg 2 0.67008 0.12046 4337.87397 854.64301 0.96005 8.11801 297.74396 0.94579 1.01223 0.11362 0.28688 -0.77505 0.84955 1.06549
24055051_2f1104b3cda7f145_MG_L_CC_ANON.jpg 1 0.70962 0.10979 4089.215 485.36622 0.96378 7.55106 306.40294 0.85906 0.92081 0.10413 0.26819 -0.77932 0.83122 1.05353
24055078_2f1104b3cda7f145_MG_R_CC_ANON.jpg 2 0.73201 0.11799 3661.63051 492.85401 0.96585 6.95715 287.95147 0.78843 0.84758 0.11287 0.25701 -0.77738 0.8119 1.0776
24055149_606e9b184978a350_MG_L_ML_ANON.jpg 5 0.39417 0.12359 7048.27797 1239.76101 0.94408 11.10978 216.31082 1.80796 1.89309 0.11088 0.3584 -0.80896 0.9609 1.067
24055176_606e9b184978a350_MG_R_ML_ANON.jpg 2 0.47932 0.14713 8188.88434 1843.38288 0.9381 12.08727 336.73817 1.59036 1.69343 0.13119 0.39041 -0.78272 0.94148 1.05223
24055203_606e9b184978a350_MG_L_CC_ANON.jpg 5 0.51856 0.09777 3825.56298 821.18813 0.95623 8.25123 178.81749 1.38536 1.45183 0.08999 0.30278 -0.80986 0.9279 1.08409
24055274_1e10aef17c9fe149_MG_L_ML_ANON.jpg 5 0.40095 0.13041 5255.53145 1270.38852 0.94625 9.86494 165.07434 1.62177 1.69957 0.11865 0.34535 -0.79425 0.94509 1.05089
24055328_1e10aef17c9fe149_MG_R_ML_ANON.jpg 3 0.39148 0.15558 6511.00933 1239.38428 0.93623 10.9912 197.73496 1.6478 1.74537 0.13885 0.39146 -0.77379 0.943 1.08644
24055355_1e10aef17c9fe149_MG_L_CC_ANON.jpg 5 0.42864 0.16075 9529.0374 1790.75283 0.92973 13.324 331.2267 1.57963 1.69407 0.14036 0.42206 -0.75451 0.93343 1.09603
24055382_1e10aef17c9fe149_MG_R_CC_ANON.jpg 3 0.46382 0.11387 4507.17715 793.75938 0.94768 9.23575 177.44042 1.38196 1.46036 0.10276 0.34178 -0.77813 0.91871 1.10894
24055445_ac3185e18ffdc7b6_MG_L_ML_ANON.jpg 4 0.33732 0.14937 14501.43706 3206.79667 0.96788 16.19748 333.82723 1.70335 1.74732 0.14473 0.23834 -0.86469 0.96436 1.05875
24055464_ac3185e18ffdc7b6_MG_R_ML_ANON.jpg 4 0.30118 0.23284 31357.26832 5973.78795 0.95098 23.36415 609.66114 1.89736 1.96492 0.22212 0.32188 -0.82467 0.96766 1.08595
24055483_ac3185e18ffdc7b6_MG_L_CC_ANON.jpg 4 0.37272 0.10545 9968.4289 2473.97944 0.96982 13.84961 267.36455 1.49911 1.54048 0.10149 0.22792 -0.86036 0.94979 1.06072
24055502_ac3185e18ffdc7b6_MG_R_CC_ANON.jpg 4 0.43048 0.15024 15884.69838 3195.75429 0.96456 17.33208 542.05515 1.47678 1.52543 0.14468 0.25576 -0.83998 0.94338 1.06664
24055573_6f1aef40b3775182_MG_L_ML_ANON.jpg 2 0.45916 0.10311 3381.66492 818.85612 0.9573 7.91404 131.33615 1.46584 1.52647 0.09571 0.29392 -0.81182 0.93571 1.03523
24055600_6f1aef40b3775182_MG_R_ML_ANON.jpg 4 0.48184 0.13712 5758.45542 1277.041 0.94506 10.20605 239.40611 1.51876 1.60495 0.12466 0.35568 -0.78912 0.9361 1.02596
24055627_6f1aef40b3775182_MG_L_CC_ANON.jpg 2 0.57345 0.11611 5536.7266 810.44067 0.95036 9.74311 299.47309 1.2732 1.3549 0.10591 0.33468 -0.78368 0.9084 1.03804
24055654_6f1aef40b3775182_MG_R_CC_ANON.jpg 4 0.57517 0.11175 4991.11637 817.65591 0.95194 9.22414 271.75792 1.28735 1.36616 0.10221 0.32691 -0.79164 0.91254 1.05107
24055725_f0f1a133837b5137_MG_L_ML_ANON.jpg 2 0.3138 0.19668 16417.28508 3192.46613 0.91318 16.53087 352.65039 2.0786 2.22069 0.1656 0.48333 -0.7607 0.96659 1.038
24055752_f0f1a133837b5137_MG_R_ML_ANON.jpg 2 0.32824 0.18961 14186.34676 2409.02722 0.91596 15.48416 326.98887 2.03519 2.17252 0.16053 0.4734 -0.76282 0.96495 1.05923
24055779_f0f1a133837b5137_MG_L_CC_ANON.jpg 2 0.4164 0.13966 7738.2863 1838.66263 0.93726 11.7292 257.64808 1.75086 1.84924 0.12359 0.38921 -0.78952 0.954 1.08432
24055806_f0f1a133837b5137_MG_R_CC_ANON.jpg 2 0.55495 0.12206 5536.78442 808.54008 0.94849 9.68959 286.49169 1.41292 1.49977 0.11103 0.34492 -0.79872 0.92927 1.043
24055877_839819f2eadaf325_MG_L_ML_ANON.jpg 2 0.33718 0.13441 5060.14958 1261.9982 0.94136 9.79844 122.1782 1.6244 1.7072 0.12051 0.36472 -0.77745 0.94112 1.09456
24055904_839819f2eadaf325_MG_R_ML_ANON.jpg 2 0.31789 0.1373 6455.10427 1227.55958 0.9392 10.9177 140.3055 1.75441 1.84151 0.12234 0.37445 -0.77946 0.9511 1.11633
24055931_839819f2eadaf325_MG_L_CC_ANON.jpg 2 0.34536 0.23747 18999.89902 4041.70196 0.90219 18.71751 479.20552 1.74827 1.92168 0.197 0.52996 -0.70148 0.93504 1.11296
24055958_839819f2eadaf325_MG_R_CC_ANON.jpg 2 0.36863 0.12756 5372.8464 1250.08417 0.9384 10.33014 148.8937 1.46774 1.55516 0.11238 0.37722 -0.76025 0.92261 1.14107
24058660_9e8db9e34d5275ef_MG_R_CC_ANON.jpg 2 0.37943 0.17456 12628.5459 2431.106 0.92373 15.22299 363.49602 1.72114 1.84371 0.15058 0.44316 -0.74811 0.94304 1.0586
24058686_9e8db9e34d5275ef_MG_L_CC_ANON.jpg 4 0.37421 0.20919 15617.51256 3193.00444 0.94634 16.89074 433.12401 1.73072 1.80902 0.19671 0.34835 -0.79913 0.95381 1.04418
24058712_9e8db9e34d5275ef_MG_R_ML_ANON.jpg 2 0.33269 0.17704 10762.63131 2471.66345 0.92527 13.8274 253.6686 1.86036 1.97477 0.15414 0.43308 -0.76203 0.9549 1.06168
24058738_9e8db9e34d5275ef_MG_L_ML_ANON.jpg 4 0.32326 0.13427 6080.2111 1243.97532 0.94285 10.41832 136.72987 1.80024 1.88122 0.12103 0.35847 -0.79384 0.95694 1.05718
24065251_c4b995eddb3c510c_MG_L_ML_ANON.jpg 5 0.48832 0.0789 3785.51861 814.68251 0.98113 8.31719 159.72315 1.35848 1.38421 0.07732 0.15969 -0.89243 0.94463 1.05711
24065270_c4b995eddb3c510c_MG_R_ML_ANON.jpg 1 0.47645 0.15259 11593.38352 2490.24525 0.97242 14.52788 465.05728 1.47624 1.51392 0.14906 0.21323 -0.86657 0.94922 1.04213
24065289_c4b995eddb3c510c_MG_L_CC_ANON.jpg 5 0.59581 0.09098 5317.7333 820.71719 0.98102 9.40768 304.09569 1.19607 1.22183 0.08935 0.16017 -0.88811 0.92614 1.03989
24065308_c4b995eddb3c510c_MG_R_CC_ANON.jpg 1 0.51095 0.0881 5862.50395 1278.06933 0.97801 10.34018 262.9608 1.30314 1.33292 0.08594 0.17907 -0.87638 0.93524 1.03765
24065380_83db89f57aea498a_MG_L_ML_ANON.jpg 2 0.31254 0.13564 5708.5883 1258.63994 0.94117 9.90216 123.29425 1.89241 1.97683 0.12169 0.36616 -0.79806 0.963 1.04448
24065407_83db89f57aea498a_MG_R_ML_ANON.jpg 4 0.3165 0.16288 9263.40474 1798.68654 0.92957 12.36977 204.27492 2.05294 2.16082 0.14258 0.41776 -0.79145 0.96996 1.08104
24065434_83db89f57aea498a_MG_L_CC_ANON.jpg 2 0.40417 0.14349 7514.99419 1836.38116 0.93342 11.68041 239.30108 1.69613 1.80005 0.1255 0.403 -0.77228 0.94651 1.04862
24065461_83db89f57aea498a_MG_R_CC_ANON.jpg 4 0.40188 0.16385 9851.81142 1791.29462 0.9277 13.18631 310.60463 1.842 1.9618 0.14227 0.43149 -0.77791 0.95786 1.02935
24065530_d8205a09c8173f44_MG_L_ML_ANON.jpg 4 0.38417 0.18319 10416.74391 1787.65843 0.92313 13.26533 310.10929 1.99383 2.12758 0.15835 0.45586 -0.78544 0.96745 1.11052
24065557_d8205a09c8173f44_MG_R_ML_ANON.jpg 2 0.4039 0.1743 11680.63946 2469.8796 0.92536 14.44669 369.08837 1.79909 1.9224 0.15121 0.43987 -0.76635 0.95285 1.02232
24065584_d8205a09c8173f44_MG_L_CC_ANON.jpg 4 0.58108 0.08645 2903.21691 462.18103 0.96132 6.92929 163.00335 1.30346 1.36314 0.08038 0.27761 -0.82585 0.92341 1.15717
24065611_d8205a09c8173f44_MG_R_CC_ANON.jpg 2 0.51457 0.13992 7361.73527 1258.888 0.94236 11.43278 337.1982 1.47236 1.567 0.12608 0.37073 -0.78109 0.93028 1.02139
24065680_5291e1aee2bbf5df_MG_L_ML_ANON.jpg 2 0.58572 0.07747 1626.95698 201.79355 0.96926 5.27623 93.34444 1.17682 1.22101 0.07365 0.23254 -0.83508 0.90886 1.05593
24065707_5291e1aee2bbf5df_MG_R_ML_ANON.jpg 5 0.59674 0.08517 1670.68096 203.21432 0.96813 5.27229 98.80881 1.18716 1.2349 0.08098 0.24074 -0.83466 0.9106 1.25631
24065734_5291e1aee2bbf5df_MG_L_CC_ANON.jpg 2 0.70249 0.07225 2282.34202 215.36628 0.96891 5.69779 169.99212 0.87957 0.92893 0.06829 0.23761 -0.80506 0.84476 1.05613
24065761_5291e1aee2bbf5df_MG_R_CC_ANON.jpg 5 0.70704 0.0862 2904.52853 487.35191 0.96562 6.37439 217.55595 0.89382 0.95201 0.08125 0.25815 -0.79502 0.84552 1.0493
24065833_c01f83a1eb283270_MG_L_ML_ANON.jpg 2 0.3115 0.17467 13170.07773 2434.71399 0.92016 14.71537 280.77125 2.08805 2.21561 0.14866 0.45586 -0.77393 0.96891 1.09991
24065860_c01f83a1eb283270_MG_R_ML_ANON.jpg 2 0.29532 0.23103 19070.04458 3153.66463 0.90103 17.33559 376.15038 2.25428 2.42946 0.19 0.53403 -0.75679 0.97358 1.04961
24065887_c01f83a1eb283270_MG_L_CC_ANON.jpg 2 0.44649 0.15741 8126.78406 1836.17087 0.93193 12.04482 300.75436 1.69458 1.81039 0.13817 0.41748 -0.77457 0.94778 1.03018
24065914_c01f83a1eb283270_MG_R_CC_ANON.jpg 2 0.44126 0.15865 9439.051 1811.39567 0.93178 12.89433 343.5621 1.76228 1.87865 0.13931 0.41781 -0.78334 0.95431 1.07901
26933772_f8bfddc28e8045c0_MG_R_CC_ANON.jpg 2 0.75615 0.04793 1301.78044 223.35785 0.98024 4.00135 109.98138 0.75917 0.7882 0.04635 0.16664 -0.84575 0.82736 1.06008
26933801_f8bfddc28e8045c0_MG_L_CC_ANON.jpg 4 0.71842 0.16409 2728.40994 492.37458 0.97627 6.04225 210.0562 0.90638 0.94298 0.16133 0.19425 -0.84239 0.86376 1.06617
26933830_f8bfddc28e8045c0_MG_R_ML_ANON.jpg 2 0.59255 0.07144 2477.83828 467.4369 0.96849 6.43302 143.03532 1.20871 1.25393 0.06743 0.23663 -0.83691 0.91383 1.05281
26933859_f8bfddc28e8045c0_MG_L_ML_ANON.jpg 4 0.57678 0.09399 3881.92037 833.82947 0.95962 8.10647 213.22628 1.278 1.34012 0.08733 0.28588 -0.81454 0.9171 1.04407
27829134_fbb55bf7fff48540_MG_R_CC_ANON.jpg 5 0.54891 0.14615 3972.25524 826.49117 0.93936 8.28579 203.39277 1.36725 1.47723 0.13062 0.3905 -0.76781 0.91708 1.11145
27829161_fbb55bf7fff48540_MG_L_CC_ANON.jpg 1 0.54491 0.1682 6201.70129 1286.79048 0.95573 10.43603 310.42111 1.32946 1.39771 0.15969 0.30641 -0.80409 0.92035 1.04943
27829188_fbb55bf7fff48540_MG_R_ML_ANON.jpg 5 0.3803 0.28789 8608.09307 1824.30302 0.90174 12.05727 254.25159 1.97887 2.17102 0.24463 0.55119 -0.74383 0.9609 1.06398
27829215_fbb55bf7fff48540_MG_L_ML_ANON.jpg 1 0.39498 0.2475 7854.69037 1833.18375 0.91056 11.78189 243.5092 1.8293 1.9945 0.2129 0.50876 -0.74192 0.95111 1.08032
30011484_349323117bf0fd93_MG_R_CC_ANON.jpg 2 0.67365 0.09851 2651.24842 479.94935 0.96068 6.33623 185.0024 0.93431 1.00049 0.09204 0.28432 -0.77674 0.84785 1.08984
30011507_349323117bf0fd93_MG_L_CC_ANON.jpg 4 0.70449 0.10509 1676.61739 215.07128 0.97902 4.89978 126.27641 0.83364 0.86378 0.10305 0.17561 -0.84125 0.84514 1.0679
30011530_349323117bf0fd93_MG_R_ML_ANON.jpg 2 0.47774 0.19566 8088.7623 1844.88151 0.92362 12.02282 331.86432 1.58605 1.72653 0.17056 0.45951 -0.7516 0.93519 1.16031
30011553_349323117bf0fd93_MG_L_ML_ANON.jpg 4 0.48136 0.16807 6384.02852 1264.58103 0.93256 10.74449 265.08748 1.51252 1.62808 0.14892 0.41536 -0.76068 0.92957 1.20487
30011647_6968748e66837bc7_MG_R_CC_ANON.jpg 2 0.46404 0.13465 7399.10179 1846.69592 0.94181 11.72626 289.29146 1.4634 1.55263 0.12074 0.36916 -0.76834 0.92493 1.04424
30011674_6968748e66837bc7_MG_L_CC_ANON.jpg 5 0.44476 0.15314 6823.68661 1240.52866 0.95761 11.32044 248.32983 1.46448 1.52527 0.1453 0.29483 -0.80869 0.93465 1.04834
30011700_6968748e66837bc7_MG_R_ML_ANON.jpg 2 0.35222 0.19923 14929.75559 3212.89437 0.91531 16.29775 382.34009 1.85276 1.99208 0.16944 0.47666 -0.74228 0.95103 1.0567
30011727_6968748e66837bc7_MG_L_ML_ANON.jpg 5 0.33965 0.17776 12536.887 2429.85914 0.9216 14.93381 303.79929 1.83067 1.95238 0.15256 0.44812 -0.74848 0.95021 1.10415
30011798_4f20c1285d8f0b1f_MG_R_CC_ANON.jpg 2 0.59162 0.10517 4349.00102 829.55038 0.95505 8.57416 247.71773 1.18981 1.26258 0.09683 0.31118 -0.78977 0.89845 1.09763
30011824_4f20c1285d8f0b1f_MG_L_CC_ANON.jpg 4 0.51062 0.12691 6242.80247 1274.12089 0.96777 10.59281 281.57026 1.398 1.44416 0.12234 0.24248 -0.84466 0.9374 1.06157
30011850_4f20c1285d8f0b1f_MG_R_ML_ANON.jpg 2 0.49302 0.13478 5451.79836 1287.67375 0.94774 9.87114 235.08035 1.51612 1.59805 0.12346 0.34401 -0.79751 0.93791 1.08708
30318067_4f20c1285d8f0b1f_MG_L_ML_ANON.jpg 4 0.39568 0.12722 5750.60812 1261.84612 0.94932 10.1931 176.82951 1.70429 1.77702 0.11671 0.33149 -0.8087 0.95405 1.04092
50993399_5d85ecc9cf26b254_MG_L_ML_ANON.jpg 2 0.30173 0.17396 9371.33726 1779.46562 0.91951 12.74739 191.38281 1.91624 2.03977 0.14767 0.45404 -0.74923 0.95544 1.11164
50993426_5d85ecc9cf26b254_MG_L_CC_ANON.jpg 2 0.33846 0.1754 8541.55491 1796.23296 0.92135 12.44376 207.80715 1.78654 1.90913 0.15009 0.44981 -0.74329 0.94612 1.0584
50993616_b03f1dd34eb3c55f_MG_L_ML_ANON.jpg 2 0.19345 0.26685 21515.80049 3128.74559 0.88152 17.10217 224.72624 2.38124 2.57978 0.20883 0.58232 -0.71479 0.9711 1.03434
50993643_b03f1dd34eb3c55f_MG_L_CC_ANON.jpg 2 0.39186 0.13216 5082.85732 1274.08022 0.9391 9.6822 154.86403 1.65321 1.74371 0.11717 0.3776 -0.77633 0.94353 1.05366
50993670_b03f1dd34eb3c55f_MG_L_ML_ANON.jpg 2 0.41603 0.13024 4454.11522 793.10452 0.94778 8.99955 148.87998 1.6399 1.71683 0.11911 0.33973 -0.80024 0.9479 1.03643
50993697_b03f1dd34eb3c55f_MG_L_CC_ANON.jpg 2 0.62069 0.0678 1901.52856 204.09608 0.9687 5.57325 118.34941 1.11058 1.15629 0.06388 0.23601 -0.82702 0.89658 1.06423
50993787_de5e8d61e501a71b_MG_L_ML_ANON.jpg 2 0.44908 0.12979 2894.63136 443.03648 0.95275 7.2332 111.25128 1.48626 1.56486 0.12005 0.32768 -0.79786 0.93508 1.05499
50993814_de5e8d61e501a71b_MG_R_ML_ANON.jpg 2 0.26563 0.15358 6650.57665 1239.52612 0.92952 10.36391 112.02715 2.03151 2.13954 0.13339 0.41837 -0.77772 0.96647 1.06249
50993841_de5e8d61e501a71b_MG_L_CC_ANON.jpg 2 0.51128 0.12382 2363.91198 458.99332 0.95712 6.45249 110.82609 1.35622 1.43066 0.11565 0.30785 -0.80242 0.92337 1.05177
50993868_de5e8d61e501a71b_MG_R_CC_ANON.jpg 2 0.31399 0.14619 5332.3886 1267.35295 0.93435 9.59888 116.21756 1.86512 1.96541 0.12859 0.39986 -0.77918 0.95831 1.06401
50993895_de5e8d61e501a71b_MG_L_ML_ANON.jpg 2 0.42371 0.11513 3140.80254 437.04089 0.95556 7.51371 110.07366 1.57281 1.64678 0.10668 0.3128 -0.81289 0.94597 1.03824
50993922_de5e8d61e501a71b_MG_R_ML_ANON.jpg 2 0.22274 0.13371 8864.98869 1201.02082 0.9378 11.46936 110.74973 2.14367 2.23536 0.11808 0.38284 -0.79842 0.97393 1.04051
50993949_de5e8d61e501a71b_MG_L_CC_ANON.jpg 2 0.50859 0.10777 2338.61508 458.94644 0.96171 6.42705 108.54039 1.36086 1.42716 0.10131 0.28307 -0.81831 0.92796 1.04499
50993976_de5e8d61e501a71b_MG_R_CC_ANON.jpg 2 0.34656 0.1106 4460.00616 786.65547 0.95014 8.89703 112.25601 1.75831 1.83331 0.1005 0.33171 -0.80974 0.9577 1.06599
50994110_cc9e66c5b31baab8_MG_L_ML_ANON.jpg 2 0.5796 0.21266 5609.29288 812.63712 0.93226 9.74667 308.98579 1.29041 1.42427 0.19186 0.42993 -0.73774 0.90019 1.04849
50994137_cc9e66c5b31baab8_MG_R_ML_ANON.jpg 1 0.65985 0.06123 893.48953 53.37736 0.97077 3.72595 62.92141 0.99195 1.03611 0.05786 0.22451 -0.82538 0.87546 1.34432
50994164_cc9e66c5b31baab8_MG_L_CC_ANON.jpg 2 0.72388 0.12726 2688.22316 493.17043 0.95952 5.9927 209.11629 0.8648 0.94224 0.11993 0.29575 -0.7686 0.83131 1.06602
50994191_cc9e66c5b31baab8_MG_R_CC_ANON.jpg 1 0.77311 0.09594 2047.95438 228.73416 0.96673 4.82846 177.06697 0.76665 0.8315 0.09102 0.25634 -0.78698 0.81213 1.09791
50994273_cc9e66c5b31baab8_MG_R_CC_ANON.jpg 4 0.69634 0.09589 3483.397 482.94634 0.96366 7.03103 254.40158 0.96064 1.02223 0.09033 0.26853 -0.79841 0.86168 1.03291
50994300_cc9e66c5b31baab8_MG_R_FB_ANON.jpg 2 0.77805 0.07508 2410.73255 231.39962 0.97326 5.22864 209.33397 0.72972 0.77555 0.07203 0.21418 -0.80864 0.80658 1.04762
50994327_cc9e66c5b31baab8_MG_L_ML_ANON.jpg 2 0.5884 0.13099 5559.62275 816.34345 0.94858 9.64794 313.17137 1.26978 1.3579 0.11985 0.34512 -0.78241 0.90828 1.06137
50994354_cc9e66c5b31baab8_MG_R_ML_ANON.jpg 4 0.57212 0.12288 4905.30218 818.08416 0.95017 9.1454 265.26598 1.30158 1.38388 0.11253 0.33573 -0.7883 0.91346 1.04918
50994381_cc9e66c5b31baab8_MG_L_CC_ANON.jpg 2 0.75337 0.07711 2418.52687 226.05382 0.97191 5.4556 200.04818 0.7891 0.83583 0.07379 0.22129 -0.81011 0.82408 1.04713
50994408_cc9e66c5b31baab8_MG_R_CC_ANON.jpg 2 0.77015 0.06886 2096.09763 227.86881 0.9746 4.94163 179.76883 0.74651 0.78826 0.06615 0.20467 -0.81808 0.81469 1.04786
50994535_de4c34099d6ef8de_MG_R_ML_ANON.jpg 2 0.41098 0.24365 10891.50797 2491.73742 0.91341 13.93648 355.30276 1.79947 1.95756 0.21113 0.49762 -0.74654 0.95007 1.05952
50994562_de4c34099d6ef8de_MG_R_CC_ANON.jpg 2 0.55766 0.12329 3795.12449 830.04871 0.94638 8.11318 198.38266 1.31625 1.40664 0.11139 0.35444 -0.77978 0.91325 1.05973
50994589_de4c34099d6ef8de_MG_R_ML_ANON.jpg 2 0.41321 0.17684 8259.65591 1826.20686 0.93161 12.1187 272.28629 1.77343 1.88531 0.15731 0.41612 -0.78111 0.95421 1.1138
50994616_de4c34099d6ef8de_MG_R_CC_ANON.jpg 2 0.52671 0.12617 5850.46695 1288.27038 0.94546 10.16473 278.56496 1.42416 1.51351 0.11388 0.357 -0.78783 0.9273 1.05354
50994706_069212ec65a94339_MG_R_CC_ANON.jpg 1 0.62894 0.07861 1153.81038 210.25332 0.96694 4.31309 74.89058 1.08265 1.13303 0.07418 0.24689 -0.81821 0.88956 1.35446
50994733_069212ec65a94339_MG_L_ML_ANON.jpg 1 0.47018 0.18754 8227.14622 1839.98346 0.92996 12.12334 329.15229 1.63156 1.7535 0.16657 0.42791 -0.7664 0.94154 1.05594
50994760_069212ec65a94339_MG_R_ML_ANON.jpg 1 0.50574 0.09855 2029.36227 463.47255 0.95703 6.0287 93.37669 1.3997 1.46368 0.09108 0.29723 -0.81096 0.92943 1.35328
50994787_069212ec65a94339_MG_L_CC_ANON.jpg 1 0.60744 0.10786 2619.67371 467.91741 0.95568 6.57593 156.77991 1.16999 1.24293 0.0997 0.30883 -0.79021 0.89578 1.1354
50994814_069212ec65a94339_MG_L_ML_ANON.jpg 1 0.51872 0.12374 6416.05237 1276.81822 0.94925 10.62882 298.04748 1.4754 1.55491 0.11307 0.33718 -0.80073 0.93503 1.0212
50994841_069212ec65a94339_MG_R_ML_ANON.jpg 4 0.52548 0.08217 3018.85396 449.11568 0.962 7.3416 144.44126 1.34889 1.40271 0.07639 0.27051 -0.8215 0.92637 1.0602
50994868_069212ec65a94339_MG_L_CC_ANON.jpg 1 0.62059 0.09176 3356.79525 464.04506 0.96122 7.36759 206.26171 1.15289 1.21352 0.08558 0.27876 -0.80758 0.89796 1.02978
50994895_069212ec65a94339_MG_R_CC_ANON.jpg 4 0.62722 0.0895 2711.4261 470.75206 0.96159 6.59877 170.02831 1.1235 1.18386 0.08346 0.277 -0.80592 0.89291 1.0593
50995762_0c735e8768d276b4_MG_R_ML_ANON.jpg 2 0.44559 0.22977 9031.56155 1809.95445 0.9143 12.86516 332.87777 1.59066 1.75065 0.19788 0.49567 -0.72146 0.92787 1.06825
50995789_0c735e8768d276b4_MG_R_CC_ANON.jpg 2 0.58443 0.14635 4041.88212 830.77875 0.94298 8.33389 226.33913 1.17622 1.27828 0.13249 0.3739 -0.74867 0.88482 1.06367
50995872_c94d8a1ebd452afe_MG_L_ML_ANON.jpg 1 0.33559 0.28057 14100.45697 3231.14763 0.89248 15.78039 339.43246 1.89477 2.09416 0.23066 0.56919 -0.70144 0.94634 1.05976
50995899_c94d8a1ebd452afe_MG_L_CC_ANON.jpg 1 0.46243 0.25817 10224.99378 1792.95211 0.90916 13.6772 399.18614 1.5609 1.73983 0.22139 0.52228 -0.70932 0.92296 1.07224
50995963_d742ec2f9b90aa62_MG_L_ML_ANON.jpg 2 0.38876 0.23559 10230.96874 1775.5461 0.90914 13.53752 306.5702 1.79768 1.96242 0.20012 0.51107 -0.73109 0.94628 1.07056
50995990_d742ec2f9b90aa62_MG_L_CC_ANON.jpg 2 0.49726 0.22667 6986.93073 1258.45169 0.9196 11.21132 304.94897 1.48844 1.64435 0.19798 0.48125 -0.72598 0.91983 1.06321
50996056_71c1a60d57c5322f_MG_L_ML_ANON.jpg 2 0.47862 0.16689 5554.44458 1279.52959 0.9354 10.06328 229.38286 1.4969 1.60533 0.14939 0.40178 -0.76356 0.92845 1.05989
50996083_71c1a60d57c5322f_MG_R_ML_ANON.jpg 2 0.46373 0.20953 9220.8203 1814.41644 0.92095 12.93542 361.43203 1.58098 1.72735 0.18259 0.46958 -0.74051 0.93195 1.07331
50996110_71c1a60d57c5322f_MG_L_CC_ANON.jpg 2 0.59083 0.16434 5366.6718 817.896 0.93949 9.51586 304.53622 1.20865 1.32331 0.14834 0.39396 -0.74879 0.89133 1.08009
50996137_71c1a60d57c5322f_MG_R_CC_ANON.jpg 2 0.56322 0.15987 5914.24428 1298.42702 0.93774 10.1138 312.04259 1.29321 1.40846 0.14322 0.39995 -0.75535 0.90483 1.08478
50996201_8c1b2bd64ca4d778_MG_L_ML_ANON.jpg 2 0.45088 0.1862 8454.32874 1834.56813 0.9257 12.19172 318.95721 1.7398 1.87302 0.16266 0.44834 -0.77069 0.95089 1.08061
50996228_8c1b2bd64ca4d778_MG_L_CC_ANON.jpg 2 0.6068 0.14817 4621.31375 834.91654 0.94532 8.61879 274.5243 1.27197 1.37505 0.13511 0.3672 -0.77874 0.90909 1.0607
50996325_6aba0b402889a16f_MG_L_ML_ANON.jpg 1 0.46211 0.1975 8055.88009 1839.37575 0.92438 12.04861 314.17059 1.61708 1.75301 0.17298 0.45333 -0.75219 0.93746 1.10358
50996352_6aba0b402889a16f_MG_R_ML_ANON.jpg 4 0.43338 0.20288 9155.10835 1814.74902 0.92021 12.70077 324.72373 1.77182 1.91671 0.17556 0.4717 -0.76148 0.9513 1.09782
50996379_6aba0b402889a16f_MG_L_CC_ANON.jpg 1 0.60964 0.14219 4468.83998 834.15069 0.9465 8.57205 266.28757 1.18029 1.27751 0.12987 0.35915 -0.76552 0.89134 1.0497
50996406_6aba0b402889a16f_MG_R_CC_ANON.jpg 4 0.62189 0.13131 4364.05665 839.62935 0.94983 8.39117 268.13044 1.16238 1.25245 0.12053 0.34278 -0.77491 0.89135 1.13522
50996709_330e5fe16929eed4_MG_R_ML_ANON.jpg 2 0.50679 0.12891 3798.17788 816.82652 0.94588 8.34598 171.45438 1.35088 1.4356 0.11682 0.35178 -0.76884 0.91281 1.08423
50996736_330e5fe16929eed4_MG_R_CC_ANON.jpg 2 0.5695 0.1 2623.84553 459.5721 0.95569 6.80565 142.13766 1.17217 1.23989 0.09199 0.30504 -0.78246 0.89245 1.1099
50996800_fdf4a1516f88b280_MG_L_ML_ANON.jpg 2 0.23623 0.23169 12736.42855 2433.07932 0.90094 14.24421 180.93797 2.08458 2.24181 0.19137 0.51753 -0.72008 0.95891 1.05809
50996827_fdf4a1516f88b280_MG_R_ML_ANON.jpg 2 0.38186 0.19349 7247.55884 1232.26664 0.91865 11.30922 213.01558 1.83937 1.9808 0.1658 0.47049 -0.75383 0.95327 1.04097
50996854_fdf4a1516f88b280_MG_L_CC_ANON.jpg 2 0.30279 0.17979 8552.98194 1785.05713 0.91681 12.52917 176.37488 1.77632 1.90335 0.1517 0.46215 -0.72436 0.94052 1.14117
50996881_fdf4a1516f88b280_MG_R_CC_ANON.jpg 2 0.40934 0.1534 5929.49538 1256.43534 0.92911 10.46633 193.2297 1.62726 1.74104 0.13295 0.42215 -0.75099 0.93621 1.05065
50996945_ce5e5e18a261cd29_MG_L_ML_ANON.jpg 2 0.45796 0.16674 5647.83344 1273.14563 0.93492 10.16577 218.17072 1.55165 1.65906 0.14906 0.40228 -0.76608 0.93395 1.05794
50996972_ce5e5e18a261cd29_MG_R_ML_ANON.jpg 2 0.43363 0.1878 6908.83772 1244.95626 0.92637 11.17939 245.92754 1.67117 1.79811 0.16499 0.44096 -0.76079 0.94329 1.11143
50996999_ce5e5e18a261cd29_MG_L_CC_ANON.jpg 2 0.54491 0.14971 4790.30325 810.68484 0.93964 9.19803 240.9743 1.31172 1.41865 0.13431 0.38757 -0.75725 0.90674 1.07223
50997026_ce5e5e18a261cd29_MG_R_CC_ANON.jpg 2 0.58447 0.10853 3248.73514 455.83466 0.95176 7.48458 182.65052 1.15442 1.23402 0.09898 0.32773 -0.77629 0.88922 1.11267
50997053_ce5e5e18a261cd29_MG_L_CC_ANON.jpg 1 0.31844 0.27353 18906.75158 4051.33869 0.93157 18.28242 410.74564 1.86781 1.96994 0.25291 0.41127 -0.76915 0.95627 1.04041
50997080_ce5e5e18a261cd29_MG_L_ML_ANON.jpg 1 0.25692 0.2167 21931.97827 3999.75292 0.90216 18.85632 348.41637 2.10203 2.25811 0.17747 0.51615 -0.73078 0.96202 1.0473
50997107_ce5e5e18a261cd29_MG_R_ML_ANON.jpg 2 0.25985 0.19123 17844.01125 3150.85377 0.91216 16.98418 287.05388 2.09313 2.2282 0.15983 0.47958 -0.74843 0.96444 1.04849
50997134_ce5e5e18a261cd29_MG_R_CC_ANON.jpg 2 0.37022 0.14024 8130.2634 1802.32455 0.93547 12.40247 225.30777 1.62106 1.71706 0.12336 0.39301 -0.76118 0.93724 1.09035
50997223_9054942f7be52dd9_MG_L_ML_ANON.jpg 2 0.42588 0.14799 5595.42967 1271.44407 0.93463 10.03537 193.84325 1.67926 1.78394 0.13046 0.40095 -0.77589 0.9463 1.0465
50997250_9054942f7be52dd9_MG_R_ML_ANON.jpg 2 0.36281 0.23455 12912.38712 2439.85795 0.90619 14.95469 347.7894 1.95907 2.12826 0.19703 0.52089 -0.74141 0.95825 1.02933
50997277_9054942f7be52dd9_MG_L_CC_ANON.jpg 2 0.54305 0.15186 5286.6093 807.45555 0.93969 9.53175 264.95601 1.43874 1.54608 0.1364 0.38862 -0.77578 0.92666 1.069
50997304_9054942f7be52dd9_MG_R_CC_ANON.jpg 2 0.48871 0.17064 7143.75893 1258.27858 0.93113 11.21275 304.50955 1.60647 1.72895 0.15051 0.4256 -0.76975 0.94061 1.07378
50997434_97ec8cadfca70d32_MG_L_ML_ANON.jpg 2 0.34271 0.18874 7564.1294 1222.64497 0.92196 11.41056 188.4443 1.93261 2.05767 0.16354 0.45 -0.76445 0.9599 1.03755
50997461_97ec8cadfca70d32_MG_R_ML_ANON.jpg 4 0.33994 0.27032 13917.692 2417.84158 0.89883 15.37635 339.99875 2.03139 2.21644 0.22622 0.54741 -0.73268 0.96057 1.0516
50997488_97ec8cadfca70d32_MG_L_CC_ANON.jpg 2 0.4439 0.19843 8050.09689 1839.0229 0.91989 11.95744 296.45242 1.73028 1.87686 0.171 0.47283 -0.75348 0.94675 1.11205
50997515_97ec8cadfca70d32_MG_R_CC_ANON.jpg 4 0.44782 0.20922 9285.25341 1812.76872 0.91668 12.87794 345.28994 1.71043 1.86614 0.17936 0.48717 -0.74425 0.94353 1.05347
50997597_67cc8c9939d74a9a_MG_L_ML_ANON.jpg 2 0.4338 0.22352 7448.25124 1841.59375 0.92176 11.70613 264.4076 1.6116 1.74912 0.19722 0.46041 -0.73968 0.93347 1.06215
50997624_67cc8c9939d74a9a_MG_R_ML_ANON.jpg 2 0.55419 0.11826 2525.74178 460.57901 0.95523 6.6337 131.95151 1.29938 1.36971 0.10989 0.30926 -0.80069 0.91603 1.07871
50997651_67cc8c9939d74a9a_MG_L_CC_ANON.jpg 2 0.5182 0.14847 4982.23049 796.88955 0.93867 9.6248 232.38484 1.23376 1.33639 0.13276 0.38737 -0.73621 0.88818 1.11254
50997678_67cc8c9939d74a9a_MG_R_CC_ANON.jpg 2 0.64347 0.07268 1717.51426 205.77969 0.9676 5.33995 112.69503 0.8706 0.91799 0.06843 0.2422 -0.79152 0.83617 1.16354
50997742_cbb6c98a81e69eeb_MG_L_ML_ANON.jpg 3 0.39096 0.24815 10258.73557 1775.37607 0.91252 13.57209 310.58919 1.79656 1.95272 0.21519 0.49671 -0.74065 0.94825 1.0687
50997769_cbb6c98a81e69eeb_MG_R_ML_ANON.jpg 3 0.39288 0.2819 11902.12722 2459.42867 0.90202 14.63914 363.33747 1.7925 1.97867 0.23968 0.54356 -0.72057 0.94449 1.1387
50997796_cbb6c98a81e69eeb_MG_L_CC_ANON.jpg 3 0.53927 0.19039 6924.62636 1269.87949 0.92928 11.15211 341.8616 1.26567 1.39971 0.16861 0.43764 -0.72124 0.89075 1.11257
50997823_cbb6c98a81e69eeb_MG_R_CC_ANON.jpg 3 0.55349 0.16308 6097.35942 1288.76251 0.93527 10.39997 313.29629 1.23421 1.35344 0.14516 0.40997 -0.73412 0.88969 1.10954
50998032_66adfbb4f19c76d2_MG_R_CC_ANON.jpg 2 0.47898 0.11367 3902.20287 810.27618 0.94858 8.48818 161.51471 1.42212 1.49922 0.10295 0.33779 -0.78495 0.92494 1.10841
50998059_66adfbb4f19c76d2_MG_L_ML_ANON.jpg 5 0.36308 0.19184 9700.35891 1782.50655 0.92074 13.09577 261.41107 1.84571 1.97568 0.16563 0.45734 -0.75423 0.95304 1.0771
50998086_66adfbb4f19c76d2_MG_R_ML_ANON.jpg 2 0.36026 0.15523 7154.03873 1225.0616 0.93101 11.35173 190.75666 1.76676 1.87148 0.13581 0.41132 -0.76479 0.9493 1.09336
50998113_66adfbb4f19c76d2_MG_L_CC_ANON.jpg 5 0.44453 0.16275 6814.96916 1245.9132 0.93337 11.17821 250.30329 1.56744 1.67635 0.14422 0.40817 -0.7595 0.93341 1.07081
50998177_f34ee0ab6591b792_MG_L_ML_ANON.jpg 2 0.42128 0.18193 6055.69533 1257.65158 0.92936 10.52393 206.07207 1.64323 1.75885 0.16108 0.42381 -0.76188 0.94071 1.05957
50998204_f34ee0ab6591b792_MG_R_ML_ANON.jpg 2 0.41898 0.23579 8897.10917 1812.85391 0.91521 12.60325 299.86567 1.76047 1.91551 0.20469 0.49057 -0.74777 0.94776 1.06727
50998231_f34ee0ab6591b792_MG_L_CC_ANON.jpg 2 0.50964 0.11227 3287.44642 826.58094 0.94816 7.80696 150.20444 1.29692 1.37607 0.10139 0.33994 -0.77519 0.90801 1.09756
50998258_f34ee0ab6591b792_MG_R_CC_ANON.jpg 2 0.50112 0.1736 6840.40089 1260.18105 0.9291 11.14582 302.21899 1.43093 1.55885 0.15226 0.43427 -0.74323 0.91731 1.08695
50998322_1e4b534393d18753_MG_R_ML_ANON.jpg 1 0.32229 0.2607 16428.74542 3197.23997 0.89632 16.52084 369.44622 2.09705 2.28737 0.21457 0.55716 -0.73642 0.96448 1.06194
50998349_1e4b534393d18753_MG_R_CC_ANON.jpg 1 0.65281 0.14143 4970.2255 843.70917 0.94981 8.78213 327.76546 1.04512 1.13915 0.13039 0.34522 -0.75646 0.8657 1.05009
50998413_1f139436acfc5467_MG_L_ML_ANON.jpg 2 0.47118 0.14564 4012.75661 807.35056 0.94101 8.60792 162.61894 1.46757 1.56082 0.13125 0.37374 -0.77289 0.92721 1.0714
50998440_1f139436acfc5467_MG_R_ML_ANON.jpg 2 0.43913 0.18274 5793.79662 1268.91998 0.92884 10.23539 210.97089 1.64348 1.76519 0.16142 0.43074 -0.76524 0.94212 1.13966
50998467_1f139436acfc5467_MG_L_CC_ANON.jpg 2 0.57953 0.1212 3632.10135 836.47721 0.94794 7.91087 201.44614 1.18896 1.27788 0.10997 0.34719 -0.77169 0.89381 1.12627
50998494_1f139436acfc5467_MG_R_CC_ANON.jpg 2 0.55593 0.09143 2118.57143 464.9914 0.95669 6.1755 111.51228 1.17127 1.23599 0.08391 0.2987 -0.79292 0.89584 1.10402
50998580_cd12bc20b3d27d0b_MG_L_ML_ANON.jpg 2 0.49742 0.21315 6134.38055 1276.69454 0.928 10.42606 268.60417 1.54406 1.67727 0.1905 0.44232 -0.75471 0.93208 1.05789
50998607_cd12bc20b3d27d0b_MG_R_ML_ANON.jpg 1 0.4933 0.23305 8398.34697 1846.00432 0.92238 12.18006 361.71063 1.59443 1.74347 0.2063 0.4693 -0.74904 0.93583 1.09621
50998634_cd12bc20b3d27d0b_MG_L_CC_ANON.jpg 2 0.62878 0.13287 4441.00259 840.99555 0.94979 8.42778 277.22339 1.14962 1.24075 0.12204 0.34287 -0.77272 0.88883 1.03551
50998661_cd12bc20b3d27d0b_MG_R_CC_ANON.jpg 1 0.61161 0.13304 4503.18002 834.96901 0.94752 8.57652 269.62561 1.20134 1.29686 0.12127 0.35419 -0.77134 0.89633 1.03816
50998981_a78eba834ef6ee88_MG_R_ML_ANON.jpg 5 0.69463 0.1264 3323.37484 483.10276 0.95686 6.87463 242.15803 0.96811 1.04857 0.11827 0.30813 -0.77523 0.85695 1.14273
50999008_a78eba834ef6ee88_MG_R_CC_ANON.jpg 5 0.82013 0.07453 1495.42372 72.56029 0.97786 3.81882 141.91062 0.56822 0.60624 0.0724 0.18448 -0.80062 0.74458 1.06132
50999094_cb65e8dac169f596_MG_L_ML_ANON.jpg 2 0.5609 0.13069 3421.94825 451.44824 0.94682 7.67734 180.90883 1.31503 1.40611 0.11881 0.35376 -0.77878 0.9128 1.06206
50999121_cb65e8dac169f596_MG_R_ML_ANON.jpg 1 0.44311 0.25474 10913.88158 2497.64465 0.9082 14.0283 398.26889 1.68411 1.86278 0.2174 0.52529 -0.7218 0.93683 1.08841
50999148_cb65e8dac169f596_MG_L_CC_ANON.jpg 2 0.61193 0.16477 4658.0945 833.48917 0.94204 8.71321 279.24672 1.20641 1.31725 0.1499 0.38372 -0.75665 0.89348 1.06703
50999175_cb65e8dac169f596_MG_R_CC_ANON.jpg 1 0.55315 0.16985 5534.73364 1301.99943 0.93495 9.8091 284.33219 1.33533 1.4561 0.15156 0.4132 -0.7495 0.9083 1.06368
50999246_cb65e8dac169f596_MG_L_ML_ANON.jpg 2 0.48024 0.14814 8039.82793 1844.8186 0.93834 12.02046 331.26406 1.56021 1.66172 0.13233 0.38855 -0.77828 0.9377 1.03306
50999273_cb65e8dac169f596_MG_R_ML_ANON.jpg 1 0.4048 0.19599 13887.75847 3258.73825 0.92007 15.73362 439.38074 1.80713 1.94498 0.16907 0.4653 -0.75788 0.95212 1.05322
50999300_cb65e8dac169f596_MG_L_CC_ANON.jpg 2 0.57937 0.12081 5581.45794 811.962 0.95081 9.75025 306.76502 1.25889 1.33993 0.11071 0.33301 -0.78475 0.90686 1.04507
50999327_cb65e8dac169f596_MG_R_CC_ANON.jpg 1 0.55874 0.14056 6582.42126 1286.00716 0.94451 10.68071 341.98125 1.31978 1.41461 0.12755 0.3645 -0.77349 0.91196 1.04932
50999432_f62fbf38fb208316_MG_L_ML_ANON.jpg 5 0.45189 0.11363 3752.02845 810.55762 0.95605 8.30846 142.21567 1.51685 1.57971 0.10573 0.3001 -0.81586 0.94146 1.035
50999459_f62fbf38fb208316_MG_L_CC_ANON.jpg 5 0.53736 0.11989 5367.08871 1297.04724 0.9483 9.80732 263.63515 1.29915 1.38235 0.10887 0.34259 -0.77713 0.90946 1.09585
51048738_3f22cdda8da215e3_MG_R_ML_ANON.jpg 3 0.30905 0.20639 18938.4224 4085.7098 0.91155 17.67783 395.92712 2.10673 2.25246 0.17391 0.48984 -0.7592 0.96759 1.02469
51048765_3f22cdda8da215e3_MG_R_CC_ANON.jpg 3 0.46258 0.14149 7488.96084 1241.52501 0.93994 11.6088 291.84978 1.60505 1.7012 0.12658 0.37975 -0.78442 0.94254 1.03341
51048891_f3e93e889a7746f0_MG_L_ML_ANON.jpg 2 0.38738 0.16576 9700.39086 1789.62865 0.93931 13.08811 287.66594 1.83424 1.92557 0.15044 0.37749 -0.79936 0.96062 1.02814
51048918_f3e93e889a7746f0_MG_R_ML_ANON.jpg 2 0.37562 0.19853 12423.03863 2450.9943 0.92703 14.75171 351.59074 1.90177 2.01947 0.17618 0.4322 -0.77908 0.96115 1.06962
51048945_f3e93e889a7746f0_MG_L_CC_ANON.jpg 2 0.44903 0.11172 5789.83477 1267.21139 0.94939 10.3178 215.69881 1.55328 1.62768 0.10133 0.3327 -0.80111 0.94137 1.06192
51048972_f3e93e889a7746f0_MG_R_CC_ANON.jpg 2 0.47385 0.12645 7227.45842 1247.83753 0.9444 11.43216 292.23886 1.55159 1.63833 0.11377 0.35862 -0.79256 0.93987 1.04316
51049053_8c105bb715bf1c3c_MG_L_ML_ANON.jpg 2 0.38105 0.14219 6325.84887 1246.43133 0.94201 10.68791 183.98823 1.73749 1.82255 0.12847 0.36454 -0.7942 0.95349 1.06677
51049080_8c105bb715bf1c3c_MG_R_ML_ANON.jpg 2 0.34677 0.18273 10449.04195 1766.31835 0.92749 13.49996 262.52897 1.91349 2.0266 0.16096 0.42701 -0.77531 0.9607 1.05071
51049107_8c105bb715bf1c3c_MG_L_CC_ANON.jpg 2 0.50168 0.08428 3264.74909 826.05445 0.95999 7.77861 144.93946 1.32742 1.38428 0.07789 0.28055 -0.81074 0.921 1.07754
51049134_8c105bb715bf1c3c_MG_R_CC_ANON.jpg 2 0.43415 0.12166 6324.56069 1251.33193 0.94363 10.83399 223.83799 1.55593 1.64015 0.1088 0.35857 -0.78316 0.93736 1.04843
51049249_832ebce700241036_MG_L_CC_ANON.jpg 2 0.57695 0.1146 3625.79968 836.02055 0.96916 7.9032 198.76672 1.20814 1.2529 0.11045 0.23489 -0.83457 0.91295 1.03368
51049276_832ebce700241036_MG_L_ML_ANON.jpg 2 0.47936 0.1772 5466.33223 1283.29356 0.93397 9.93409 226.34204 1.53928 1.65229 0.15875 0.40958 -0.76448 0.9329 1.04426
51049462_6f64793857feb5d0_MG_L_ML_ANON.jpg 2 0.3334 0.2449 14872.3585 3228.75757 0.90227 15.87934 352.10303 2.03756 2.21186 0.20422 0.53204 -0.73924 0.96177 1.03405
51049489_6f64793857feb5d0_MG_R_ML_ANON.jpg 2 0.4065 0.10872 3283.47081 816.59721 0.94806 7.77166 106.74524 1.60852 1.6838 0.09795 0.33741 -0.79612 0.94437 1.09542
51049516_6f64793857feb5d0_MG_L_CC_ANON.jpg 2 0.47293 0.17143 7240.5971 1248.73648 0.92926 11.40383 292.58978 1.58899 1.71337 0.15034 0.43172 -0.75939 0.93642 1.0328
51049543_6f64793857feb5d0_MG_R_CC_ANON.jpg 2 0.52036 0.08122 1981.87216 464.09152 0.96293 6.01229 94.49235 1.29693 1.3497 0.0757 0.26596 -0.81705 0.91905 1.0984
51049628_6f64793857feb5d0_MG_L_ML_ANON.jpg 2 0.33637 0.15069 10539.81275 1767.06616 0.93075 13.41313 252.20604 1.96617 2.07172 0.13124 0.41223 -0.78636 0.96515 1.03559
51049655_6f64793857feb5d0_MG_R_ML_ANON.jpg 2 0.32909 0.11319 5320.37215 771.11516 0.94525 9.57215 124.03231 1.84955 1.92713 0.10126 0.34819 -0.80541 0.96196 1.06587
51049682_6f64793857feb5d0_MG_L_CC_ANON.jpg 2 0.48422 0.13281 7201.69124 1252.58856 0.94301 11.35297 301.05743 1.55767 1.64855 0.11942 0.36639 -0.79015 0.93999 1.02348
51070197_6f64793857feb5d0_MG_R_CC_ANON.jpg 2 0.53322 0.0633 1876.19706 467.50053 0.96952 5.82928 92.74557 1.25685 1.29933 0.05964 0.22998 -0.83755 0.91972 1.07758
53580611_40e22f2e3215b954_MG_L_ML_ANON.jpg 2 0.37393 0.18859 7086.7607 1230.28982 0.92495 11.28077 201.20416 1.78258 1.90336 0.16523 0.43898 -0.75837 0.94973 1.03945
53580638_40e22f2e3215b954_MG_R_ML_ANON.jpg 3 0.3544 0.27704 12911.18324 2436.14712 0.89819 14.9835 337.14798 1.95614 2.14566 0.23211 0.55277 -0.7263 0.95562 1.06901
53580665_40e22f2e3215b954_MG_L_CC_ANON.jpg 2 0.47145 0.2208 8439.07978 1830.30078 0.9161 12.42443 339.81219 1.52264 1.68319 0.19012 0.49138 -0.72039 0.92162 1.07535
53580692_40e22f2e3215b954_MG_R_CC_ANON.jpg 3 0.49101 0.21923 8634.55583 1835.31658 0.91719 12.47933 369.05059 1.51281 1.67441 0.1891 0.49046 -0.72348 0.92185 1.05452
53580804_51bec6477a7898b9_MG_L_ML_ANON.jpg 5 0.41167 0.22461 7978.73079 1833.70799 0.91805 11.88075 262.27081 1.80264 1.95025 0.19576 0.47796 -0.75449 0.95163 1.04116
53580831_51bec6477a7898b9_MG_R_ML_ANON.jpg 2 0.4112 0.23117 7284.87992 1239.22856 0.91495 11.30506 240.25374 1.81977 1.97752 0.19987 0.49345 -0.75185 0.95259 1.09026
53580858_51bec6477a7898b9_MG_L_CC_ANON.jpg 5 0.54949 0.16697 6175.96212 1289.33924 0.93543 10.3845 313.44582 1.35123 1.47045 0.14902 0.40973 -0.75259 0.91108 1.0439
53580885_51bec6477a7898b9_MG_R_CC_ANON.jpg 2 0.55952 0.12701 4044.50593 825.55454 0.94481 8.39746 212.09502 1.28147 1.37637 0.11439 0.36229 -0.76777 0.90539 1.05742
53580979_4c341dad22471922_MG_L_ML_ANON.jpg 1 0.46614 0.20125 8988.70008 1821.3094 0.92559 12.71999 354.16956 1.61868 1.75105 0.17745 0.44676 -0.75321 0.9376 1.033
53581006_4c341dad22471922_MG_R_ML_ANON.jpg 1 0.48256 0.18932 7992.37305 1847.96221 0.92824 11.95316 332.49047 1.58453 1.71295 0.16723 0.43735 -0.75772 0.9359 1.03021
53581033_4c341dad22471922_MG_L_CC_ANON.jpg 1 0.53009 0.17337 6933.31191 1271.62389 0.93521 11.03105 332.85941 1.44089 1.55705 0.15532 0.40854 -0.76179 0.92326 1.04689
53581060_4c341dad22471922_MG_R_CC_ANON.jpg 1 0.54715 0.16659 6279.41458 1288.09184 0.93675 10.4385 316.65833 1.38925 1.50432 0.14938 0.40332 -0.7607 0.91753 1.05162
53581124_3be876aecfaad4ca_MG_L_ML_ANON.jpg 1 0.50019 0.20064 7040.91142 1261.61765 0.92522 11.15766 310.25399 1.54646 1.68802 0.1762 0.45601 -0.74988 0.93148 1.04883
53581151_3be876aecfaad4ca_MG_L_CC_ANON.jpg 1 0.65414 0.11047 2945.65765 475.37401 0.95721 6.69903 196.78631 1.09378 1.16977 0.10268 0.30504 -0.79222 0.88545 1.042
53581237_80123a24997098dc_MG_R_ML_ANON.jpg 1 0.31704 0.24461 15194.2228 3217.27534 0.89962 15.99964 333.13412 2.03848 2.21504 0.20206 0.53829 -0.73316 0.96058 1.04567
53581264_80123a24997098dc_MG_R_CC_ANON.jpg 1 0.46045 0.16293 6960.70217 1248.72179 0.93181 11.24278 270.42057 1.58254 1.69684 0.14354 0.41726 -0.76414 0.93648 1.04687
53581379_b231a8ba4dd4214f_MG_L_ML_ANON.jpg 1 0.28808 0.31821 21607.10322 4032.69949 0.8812 18.5733 409.19142 2.19635 2.42066 0.25651 0.60952 -0.71724 0.96592 1.07244
53581406_b231a8ba4dd4214f_MG_R_ML_ANON.jpg 6 0.32591 0.28985 18045.34645 3158.48433 0.88927 17.41309 412.51774 2.0742 2.28265 0.23648 0.58483 -0.72174 0.96113 1.09358
53581433_b231a8ba4dd4214f_MG_L_CC_ANON.jpg 1 0.44236 0.2196 10208.78222 2507.07957 0.91751 13.70179 371.96439 1.58993 1.73962 0.1903 0.48019 -0.7274 0.92884 1.05921
53581460_b231a8ba4dd4214f_MG_R_CC_ANON.jpg 6 0.50066 0.17762 6946.48011 1256.90238 0.93197 11.26319 305.93434 1.40399 1.52312 0.15793 0.4198 -0.74217 0.91316 1.0575
53581769_573747ee33ef6e5a_MG_L_ML_ANON.jpg 1 0.45914 0.23647 10735.28446 2507.45491 0.91568 13.90211 412.78798 1.64037 1.79994 0.20526 0.49238 -0.7346 0.93591 1.08087
53581796_573747ee33ef6e5a_MG_L_CC_ANON.jpg 1 0.60711 0.11352 3290.62471 460.15947 0.95438 7.42667 195.49498 1.11327 1.18802 0.10484 0.31495 -0.77481 0.88148 1.05077
53581860_21e6cc12630e5e9f_MG_L_ML_ANON.jpg 1 0.57288 0.07738 1521.25024 201.08474 0.96511 5.16388 84.60129 1.18112 1.23125 0.0725 0.2548 -0.81643 0.9037 1.59064
53581887_21e6cc12630e5e9f_MG_R_ML_ANON.jpg 2 0.51128 0.10868 3226.39431 443.73586 0.95076 7.65436 148.22756 1.36679 1.44168 0.09886 0.32828 -0.78742 0.91971 1.07098
53581914_21e6cc12630e5e9f_MG_L_CC_ANON.jpg 1 0.68431 0.12282 3167.708 480.78379 0.95523 6.78934 225.8639 0.99618 1.08041 0.1141 0.31752 -0.77108 0.86127 1.03118
53581941_21e6cc12630e5e9f_MG_R_CC_ANON.jpg 2 0.62005 0.14298 4423.51989 838.09168 0.94602 8.46807 270.51417 1.1645 1.26475 0.1304 0.36252 -0.76096 0.88772 1.03198
53582304_8913a7e0cf3bd74e_MG_R_ML_ANON.jpg 1 0.34077 0.29589 16822.45841 3179.08856 0.89097 17.03411 410.97077 1.98045 2.18674 0.24392 0.57834 -0.71074 0.95392 1.04008
53582331_8913a7e0cf3bd74e_MG_R_CC_ANON.jpg 1 0.46762 0.2069 9477.34279 1808.68802 0.92278 13.15144 375.34802 1.54715 1.68632 0.18122 0.45966 -0.7366 0.92717 1.06101
53582395_3f0db31711fc9795_MG_L_ML_ANON.jpg 1 0.32713 0.27671 16400.09146 3193.67177 0.89229 16.62286 377.89088 2.0511 2.2523 0.22661 0.57151 -0.72343 0.96013 1.064
53582422_3f0db31711fc9795_MG_R_ML_ANON.jpg 2 0.40363 0.22522 9207.13772 1807.14135 0.91083 12.69899 293.97454 1.85619 2.02306 0.19095 0.51004 -0.7471 0.95401 1.04112
53582449_3f0db31711fc9795_MG_L_CC_ANON.jpg 1 0.53109 0.18506 6658.92846 1274.40174 0.93169 10.86445 320.95332 1.39439 1.5208 0.16484 0.42592 -0.74607 0.91427 1.05115
53582476_3f0db31711fc9795_MG_R_CC_ANON.jpg 2 0.56577 0.13917 4717.00855 817.74422 0.94237 9.03033 251.25321 1.27372 1.37614 0.12521 0.376 -0.76265 0.90346 1.10273
53582540_3e73f1c0670cfb0a_MG_R_ML_ANON.jpg 1 0.44867 0.22539 9464.65444 1809.37409 0.91718 12.99771 352.57978 1.71084 1.86497 0.1955 0.48544 -0.74611 0.94393 1.08377
53582567_3e73f1c0670cfb0a_MG_R_CC_ANON.jpg 1 0.61702 0.13056 4017.44328 841.30337 0.94958 8.11506 244.04563 1.13273 1.22149 0.11975 0.34239 -0.76574 0.88311 1.05038
53582656_465aa5ec1b59efc6_MG_L_ML_ANON.jpg 5 0.49787 0.10582 2069.86914 469.35063 0.9541 5.78168 96.08716 1.57663 1.65519 0.09711 0.31886 -0.83097 0.95113 1.03266
53582683_465aa5ec1b59efc6_MG_L_CC_ANON.jpg 5 0.56787 0.13578 2516.87954 467.0592 0.94512 6.39699 138.46362 1.38315 1.48585 0.12296 0.36639 -0.78877 0.92479 1.0561
53582710_465aa5ec1b59efc6_MG_R_ML_ANON.jpg 2 0.2513 0.16869 14573.28709 2403.73936 0.92094 15.05222 222.3007 2.15132 2.26898 0.14344 0.44608 -0.77176 0.97058 1.03433
53582737_465aa5ec1b59efc6_MG_L_ML_ANON.jpg 2 0.46236 0.08868 2686.96623 445.68823 0.96001 7.04644 106.63874 1.454 1.51414 0.0822 0.2842 -0.82041 0.937 1.06127
53582764_465aa5ec1b59efc6_MG_R_ML_ANON.jpg 2 0.29299 0.1433 10022.9199 1768.03504 0.93248 13.03334 193.21797 1.95018 2.04811 0.12495 0.40184 -0.78031 0.9628 1.04
53582791_465aa5ec1b59efc6_MG_L_CC_ANON.jpg 2 0.50144 0.08552 2288.92495 455.91441 0.96268 6.50334 102.77127 1.31857 1.37587 0.07982 0.27153 -0.81531 0.92148 1.05907
53582818_465aa5ec1b59efc6_MG_R_CC_ANON.jpg 2 0.36085 0.12329 6840.36486 1227.45417 0.9419 11.21701 181.84542 1.68691 1.7702 0.10973 0.36422 -0.78156 0.94682 1.05318
53586361_dda3c6969a34ff8e_MG_L_ML_ANON.jpg 1 0.50185 0.1561 5543.37196 1287.09951 0.93767 9.95851 245.69753 1.48902 1.5953 0.13973 0.39375 -0.76943 0.92931 1.02376
53586388_dda3c6969a34ff8e_MG_R_ML_ANON.jpg 1 0.3694 0.23712 13266.90815 2426.58161 0.90629 15.33176 367.71983 1.87675 2.04735 0.19957 0.52079 -0.73303 0.9519 1.05153
53586415_dda3c6969a34ff8e_MG_L_CC_ANON.jpg 1 0.62429 0.1268 3513.64056 463.52151 0.9512 7.5363 217.81268 1.13592 1.22249 0.11667 0.33427 -0.77233 0.88588 1.04031
53586442_dda3c6969a34ff8e_MG_R_CC_ANON.jpg 1 0.42813 0.18144 8370.53972 1815.6502 0.92495 12.47619 290.88818 1.57828 1.70465 0.1579 0.44339 -0.7382 0.92927 1.10991
53586724_e5f3f68b9ce31228_MG_L_ML_ANON.jpg 2 0.30701 0.28673 13828.28367 2408.90028 0.89459 15.31217 291.81121 2.02007 2.20985 0.23919 0.55712 -0.72017 0.9574 1.0683
53586751_e5f3f68b9ce31228_MG_R_ML_ANON.jpg 2 0.37006 0.14683 4080.15653 795.35885 0.93461 8.61519 115.4563 1.71594 1.81554 0.12945 0.39641 -0.76999 0.94697 1.13212
53586778_e5f3f68b9ce31228_MG_L_CC_ANON.jpg 2 0.42709 0.26714 11159.42518 2479.98393 0.90218 14.34188 387.60581 1.61457 1.80718 0.2248 0.54671 -0.69931 0.92544 1.12423
53586805_e5f3f68b9ce31228_MG_R_CC_ANON.jpg 2 0.45162 0.11524 2894.88894 439.45828 0.94606 7.40685 110.83369 1.42866 1.50884 0.10355 0.34706 -0.77659 0.92328 1.31404
53586869_6ac23356b912ee9b_MG_L_ML_ANON.jpg 2 0.2708 0.30467 18191.12692 3142.62252 0.88379 17.28668 319.32462 2.09584 2.30724 0.24685 0.59171 -0.70555 0.9586 1.09278
53586896_6ac23356b912ee9b_MG_L_CC_ANON.jpg 2 0.33782 0.27531 16065.95324 3171.39606 0.89282 17.09761 392.55016 1.80223 2.00002 0.22593 0.56651 -0.69319 0.93802 1.1103
53586960_809e3f43339f93c6_MG_L_ML_ANON.jpg 2 0.42147 0.19511 6604.40666 1248.78088 0.92543 10.923 225.86467 1.68631 1.81504 0.17169 0.4441 -0.7588 0.94395 1.07681
53586987_809e3f43339f93c6_MG_R_ML_ANON.jpg 2 0.33936 0.32096 16511.1493 3178.96496 0.88545 17.01927 405.3996 1.92664 2.15017 0.26297 0.60158 -0.69989 0.94919 1.09879
53587014_809e3f43339f93c6_MG_L_CC_ANON.jpg 2 0.46246 0.15903 5494.70289 1273.89609 0.93044 10.12731 215.8082 1.45067 1.56826 0.139 0.42189 -0.74277 0.91811 1.09959
53587041_809e3f43339f93c6_MG_R_CC_ANON.jpg 2 0.35039 0.31995 18706.80592 4060.92455 0.88289 18.42996 483.88491 1.79067 2.02211 0.25918 0.61139 -0.67724 0.93465 1.13675
53587104_7b71aa9928e6975e_MG_L_ML_ANON.jpg 2 0.45329 0.21741 8412.89571 1829.22194 0.91811 12.32488 318.85208 1.63618 1.78913 0.18842 0.48125 -0.73807 0.93615 1.05012
53587131_7b71aa9928e6975e_MG_L_CC_ANON.jpg 2 0.50447 0.20283 7814.93117 1857.20037 0.92266 11.83415 348.41965 1.47175 1.62043 0.17673 0.46669 -0.73348 0.92011 1.06783
53587427_d2befe622e188943_MG_L_ML_ANON.jpg 2 0.32011 0.24745 15261.42398 3227.59228 0.90007 15.84999 340.85809 2.13282 2.31344 0.20483 0.54272 -0.74545 0.96736 1.05356
53587454_d2befe622e188943_MG_R_ML_ANON.jpg 2 0.25313 0.28496 22149.39009 4017.26833 0.88419 18.56629 345.74136 2.22341 2.42872 0.22806 0.58704 -0.71384 0.96553 1.03365
53587481_d2befe622e188943_MG_L_CC_ANON.jpg 2 0.4639 0.18535 7414.73334 1244.60415 0.92501 11.51548 291.35016 1.6381 1.77451 0.16142 0.45169 -0.7545 0.93977 1.02559
53587508_d2befe622e188943_MG_R_CC_ANON.jpg 2 0.35496 0.26506 14814.11805 3223.71923 0.89834 16.12041 385.92684 1.92003 2.10889 0.22039 0.55178 -0.72025 0.95213 1.04386
53587572_11e6732579acf692_MG_L_ML_ANON.jpg 2 0.34587 0.20569 8009.36106 1821.41969 0.91597 11.81986 202.88881 1.90597 2.04725 0.17634 0.47599 -0.75143 0.9564 1.04195
53587599_11e6732579acf692_MG_L_CC_ANON.jpg 2 0.38402 0.1763 7552.41038 1829.93735 0.9222 11.73656 222.9579 1.73014 1.85809 0.15134 0.45096 -0.74807 0.94403 1.05857
53587663_5fb370d4c1c71974_MG_R_CC_ANON.jpg 2 0.55064 0.08293 1885.41964 467.62229 0.96037 5.88727 97.85269 1.13695 1.19437 0.07667 0.27962 -0.7929 0.88962 1.0919
53587690_5fb370d4c1c71974_MG_L_ML_ANON.jpg 1 0.39319 0.24272 9351.34759 1789.23141 0.91111 13.09081 286.44849 1.71279 1.87175 0.20887 0.5009 -0.72342 0.938 1.07207
53587717_5fb370d4c1c71974_MG_R_ML_ANON.jpg 2 0.50243 0.10972 2421.7526 453.94881 0.95256 6.6783 109.12643 1.35498 1.42632 0.10057 0.31903 -0.79155 0.91943 1.09951
53587744_5fb370d4c1c71974_MG_L_CC_ANON.jpg 1 0.45921 0.23254 9872.42083 1794.50388 0.91372 13.53974 381.78301 1.49371 1.65773 0.20004 0.49931 -0.70735 0.91471 1.0978
