Precisão média por imagem
0.695
0.635
0.614
0.596
0.576
0.567
0.580
0.581
0.577
0.588
0.571
0.573
0.564
0.556
0.556
0.555
0.551
0.559
0.555
0.551
0.548
0.545
0.544
0.542
0.541
0.539
0.538
0.537
0.539
0.539
0.540
0.537
0.534
0.532
0.530
0.528
0.527
0.526
0.524
0.523
0.520
0.517
0.523
0.522
0.521
0.518
0.521
0.520
0.519
0.520
0.518
0.519
0.523
0.521
0.523
0.521
0.523
0.521
0.523
0.521
0.521
0.519
0.519
0.517
0.518
0.518
0.520
0.519
0.519
0.517
0.519
0.517
0.516
0.517
0.516
0.518
0.520
0.520
0.522
0.523
0.522
0.523
0.522
0.520
0.519
0.518
0.518
0.516
0.515
0.515
0.514
0.514
0.513
0.512
0.513
0.513
0.513
0.512
0.513
0.512
0.513
0.513
0.513
0.514
0.514
0.514
0.513
0.513
0.513
0.514
0.513
0.513
0.512
0.511
0.512
0.511
0.512
0.511
0.510
0.510
0.509
0.510
0.509
0.509
0.511
0.513
0.514
0.514
0.513
0.513
0.513
0.512
0.513
0.515
0.515
0.516
0.515
0.516
0.515
0.517
0.516
0.516
0.515
0.515
0.514
0.515
0.515
0.515
0.515
0.514
0.514
0.513
0.513
0.513
0.512
0.513
0.512
0.514
0.513
0.513
0.513
0.514
0.516
0.516
0.516
0.515
0.517
0.517
0.517
0.518
0.517
0.517
0.516
0.516
0.515
0.516
0.516
0.518
0.517
0.517
0.517
0.517
0.517
0.518
0.517
0.519
0.519
0.519
0.519
0.520
0.519
0.520
0.520
0.521
0.521
0.520
0.520
0.519
0.519
0.520
0.519
0.520
0.520
0.521
0.521
0.521
0.520
0.521
0.520
0.521
0.521
0.520
0.521
0.521
0.521
0.521
0.522
0.523
0.523
0.524
0.525
0.525
0.525
0.527
0.527
0.528
0.528
0.528
0.528
0.527
0.529
0.529
0.529
0.530
0.531
0.531
0.532
0.532
0.532
0.532
0.531
0.531
0.530
0.530
0.530
0.529
0.529
0.529
0.529
0.529
0.528
0.528
0.528
0.528
0.528
0.528
0.528
0.529
0.529
0.528
0.528
0.528
0.528
0.528
0.529
0.529
0.529
0.530
0.530
0.530
0.530
0.530
0.530
0.530
0.530
0.529
0.530
0.530
0.531
0.531
0.531
0.531
0.531
0.532
0.531
0.532
0.533
0.533
0.533
0.533
0.533
0.533
0.533
0.533
0.533
0.533
0.533
0.533
0.533
0.533
0.533
0.533
0.533
0.533
0.533
0.533
0.534
0.534
0.534
0.534
0.533
0.533
0.533
0.533
0.533
0.533
0.532
0.533
0.533
0.533
0.533
0.533
0.533
0.533
0.532
0.532
0.532
0.533
0.533
0.533
0.533
0.533
0.533
0.533
0.534
0.534
0.534
0.534
0.535
0.535
0.535
0.535
0.536
0.536
0.536
0.536
0.536
0.536
0.536
0.536
0.536
0.536
0.535
0.535
0.535
0.534
0.534
0.534
0.533
0.533
0.533
0.533
0.533
0.533
0.533
0.532
0.533
0.532
0.532
0.532
0.532
0.532
0.531
0.531
0.531
0.531
0.531
0.531
0.530
0.530
0.531
0.531
0.532
0.531
0.531
0.531
0.531
0.530
0.530
0.530
0.531
0.531
0.531
0.530
0.530
0.530
0.530
0.530
0.530
0.531
0.531
0.531
0.531
0.531
0.531
0.532
0.532
0.532
0.532
0.532