Precisão média por imagem
0.450
0.423
0.435
0.435
0.426
0.433
0.441
0.443
0.446
0.447
0.439
0.430
0.421
0.414
0.402
0.392
0.387
0.381
0.389
0.393
0.392
0.389
0.384
0.382
0.383
0.383
0.379
0.378
0.376
0.372
0.369
0.366
0.366
0.371
0.369
0.369
0.368
0.366
0.365
0.360
0.355
0.360
0.357
0.355
0.353
0.352
0.351
0.349
0.348
0.351
0.353
0.349
0.352
0.355
0.357
0.361
0.360
0.360
0.357
0.355
0.357
0.360
0.362
0.365
0.363
0.364
0.366
0.363
0.365
0.366
0.368
0.371
0.369
0.369
0.371
0.373
0.372
0.371
0.371
0.371
0.372
0.371
0.372
0.372
0.372
0.372
0.372
0.372
0.372
0.372
0.372
0.372
0.371
0.370
0.369
0.371
0.370
0.370
0.372
0.373
0.372
0.371
0.372
0.373
0.372
0.372
0.371
0.370
0.371
0.371
0.371
0.370
0.370
0.369
0.370
0.371
0.370
0.368
0.369
0.371
0.370
0.370
0.371
0.372
0.372
0.372
0.373
0.373
0.373
0.373
0.374
0.375
0.376
0.376
0.375
0.374
0.375
0.375
0.374
0.375
0.375
0.376
0.378
0.379
0.380
0.379
0.379
0.378
0.379
0.380
0.381
0.380
0.379
0.378
0.378
0.377
0.378
0.378
0.378
0.377
0.376
0.375
0.375
0.374
0.373
0.372
0.372
0.371
0.372
0.373
0.373
0.374
0.375
0.375
0.376
0.376
0.377
0.378
0.377
0.377
0.378
0.377
0.376
0.375
0.375
0.375
0.374
0.375
0.375
0.375
0.376
0.376
0.376
0.375
0.375
0.374
0.375
0.375
0.375
0.376
0.375
0.375
0.374
0.374
0.373
0.373
0.372
0.372
0.372
0.372
0.373
0.373
0.373
0.372
0.372
0.371
0.371
0.372
0.371
0.371
0.372
0.372
0.373
0.374
0.375
0.375
0.376
0.377
0.377
0.376
0.376
0.376
0.375
0.375
0.375
0.374
0.374
0.374
0.375
0.375
0.374
0.374
0.373
0.374
0.373
0.373
0.373
0.373
0.372
0.372
0.373
0.373
0.373
0.373
0.374
0.374
0.374
0.373
0.373
0.373
0.373
0.372
0.371
0.372
0.371
0.370
0.370
0.370
0.369
0.369
0.369
0.369
0.369
0.369
0.369
0.369
0.369
0.369
0.369
0.369
0.369
0.368
0.368
0.369
0.369
0.370
0.370
0.369
0.369
0.368
0.368
0.368
0.368
0.369
0.369
0.369
0.369
0.369
0.369
0.369
0.369
0.370
0.370
0.370
0.370
0.370
0.371
0.371
0.371
0.371
0.372
0.372
0.372
0.371
0.371
0.370
0.371
0.371
0.371
0.371
0.372
0.372
0.372
0.373
0.373
0.373
0.373
0.373
0.373
0.373
0.372
0.372
0.372
0.373
0.372
0.372
0.372
0.372
0.372
0.371
0.371
0.372
0.371
0.372
0.372
0.372
0.372
0.372
0.372
0.372
0.372
0.371
0.372
0.372
0.372
0.372
0.372
0.373
0.373
0.373
0.373
0.373
0.373
0.373
0.373
0.373
0.374
0.373
0.373
0.373
0.373
0.373
0.373
0.373
0.372
0.372
0.372
0.372
0.372
0.371
0.371
0.372
0.372
0.371
0.372
0.372
0.371
0.371
0.371
0.371
0.371
0.371
0.371
0.372
0.372
0.371
0.371
0.371
0.371
0.371
0.371
0.371
0.372
0.372
0.372
0.373
0.372
0.372
0.372
0.372
0.372
0.372
0.372
0.372
0.372
0.372
0.372
0.372
0.372
0.372
0.373
0.372
0.372
0.373
0.373
0.373
0.373
0.372
0.372
0.372
0.372
0.372
0.372
0.371
0.371
0.371
0.371
0.371
0.371
0.371
0.371
0.370
0.370
0.371
0.371
0.371
0.371
0.371
0.371
0.371
0.371
0.372
0.372
0.372
0.372
0.372
0.372
0.371
0.371
0.371
0.372
0.372
0.372
0.372
0.372
0.372
0.371
0.371
0.371
0.371
0.371
0.371
0.371
0.371
0.370
0.370
0.370
0.370
0.370
0.371
0.371
0.371
0.371
0.371
0.371
0.371
0.371
0.371
0.371
0.371
0.371
0.371
0.371
0.371
0.371
0.371
0.371
0.371
0.371
0.371
0.371
0.371
0.370
0.370
0.371
0.371
0.371
0.371
0.371
0.371
0.371
0.372
0.372
0.372
0.372
0.372
0.373
0.373
0.373
0.372
0.372
0.372
0.372
0.372
0.372
0.372
0.372
0.372
0.372
0.372
0.371
0.371
0.372
0.372
0.371
0.371
0.371
0.371
0.371
0.371
0.371
0.371
0.371
0.371
0.371
0.371
0.371
0.371
0.371
0.371
0.371
0.371
0.371
0.371
0.370
0.370
0.370
0.370
0.370
0.370
0.370
0.370
0.369
0.369
0.369
0.369
0.369
0.369
0.370
0.370
0.370
0.370
0.370
0.370
0.370
0.370
0.370
0.370
0.370
0.370
0.370
0.370
0.370
0.370
0.370
0.369
0.369
0.369
0.369
0.369
0.369
0.369
0.369
0.370
0.370
0.370
0.369
0.369
0.370
0.370
0.370
0.370
0.370
0.370
0.370
0.370
0.370
0.370
0.370
0.369
0.370
0.370
0.370
0.370
0.370
0.370
0.370
0.370
0.370
0.370
0.370
0.370
0.370
0.370
0.370
0.370
0.370
0.370
0.370
0.370
0.370
0.370
0.370
0.370
0.371
0.370
0.370
0.370
0.370
0.370
0.370
0.370
0.369
0.369
0.369
0.369
0.369
0.370
0.369
0.369
0.369
0.369
0.369
0.369
0.370
0.370
0.370
0.370
0.370
0.369
0.369
0.369
0.369
0.369
0.369
0.369
0.369
0.368
0.368
0.368
0.368
0.368
0.368
0.368
0.368
0.369
0.368
0.368
0.368
0.368
0.368
0.368
0.368
0.368
0.368
0.367
0.367
0.367
0.368
0.368
0.367
0.368
0.368
0.368
0.367
0.367
0.367
0.367
0.367
0.367
0.367
0.367
0.367
0.367
0.367
0.366
0.367
0.367
0.367
0.367
0.367
0.367
0.367
0.367
0.367
0.367
0.367
0.367
0.367
0.367
0.367
0.367
0.367
0.367
0.367
0.367
0.367
0.366
0.366
0.367
0.367
0.367
0.366
0.366
0.367
0.367
0.367
0.367
0.367
0.366
0.366
0.366
0.366
0.366
0.366
0.366
0.366
0.366
0.366
0.366
0.366
0.366
0.367
0.367
0.367
0.367
0.367
0.367
0.367
0.367
0.367
0.367
0.368
0.368
0.368
0.368
0.368
0.368
0.368
0.368
0.368
0.368
0.368
0.368
0.368
0.368
0.368
0.368
0.368
0.368
0.368
0.368
0.368
0.369
0.368
0.368
0.368
0.368
0.368
0.368
0.368
0.369
0.369
0.368
0.368
0.368
0.368
0.368
0.368
0.368
0.368
0.368
0.369
0.369
0.369
0.369
0.369
0.369
0.369
0.369
0.369
0.369
0.369
0.369
0.369
0.369
0.369
0.369
0.369
0.368
0.369
0.369
0.369
0.369
0.369
0.369
0.369
0.369
0.369
0.369
0.369
0.369
0.369
0.369
0.369
0.369
0.369
0.369
0.369
0.369
0.369
0.369
0.369
0.369
0.370
0.370
0.370
0.370
0.370
0.370
0.370
0.370
0.370
0.370
0.370
0.370
0.370
0.370
0.370
0.370
0.370
0.370
0.369
0.369
0.369
0.369
0.369
0.369
0.369
0.369
0.369
0.369
0.369
0.369
0.369
0.369
0.369
0.369
0.369
0.369
0.369
0.369
0.368
0.369
0.368
0.368
0.368
0.368
0.368
0.368
0.368
0.368
0.368
0.368
0.368
0.369
0.368
0.368
0.368
0.368
0.368
0.368
0.368
0.368
0.368
0.368
0.368
0.368
0.368
0.368
0.368
0.368
0.368
0.368
0.368
0.368
0.368
0.368
0.368
0.368
0.369
0.369
0.369
0.369
0.369
0.369
0.369
0.369
0.369
0.369
0.369
0.369
0.369
0.369
0.369
0.369
0.369
0.369
0.369
0.369
0.369
0.369
0.370
0.370
0.370
0.370
0.370
0.370
0.370
0.370
0.370
0.370
0.370
0.369
0.370
0.370
0.370
0.370
0.370
0.370
0.370
0.370
0.370
0.370
0.370
0.370
0.370
0.370
0.370
0.370
0.370
0.370
0.369
0.370
0.370
0.369
0.369
0.369
0.369
0.369
0.369
0.369
0.369
0.369
0.369
0.369
0.369
0.369
0.369
0.369
0.369
0.369
0.369
0.369
0.369
0.369
0.369
0.369
0.369
0.368
0.368
0.368
0.369
0.368
0.368
0.368
0.368
0.368
0.369
0.369
0.369
0.369
0.369
0.369
0.369
0.369
0.369
0.369
0.369
0.369
0.369
0.369
0.369
0.369
0.369
0.369
0.369
0.368
0.368
0.368
0.368
0.368
0.368
0.368
0.368
0.368
0.368
0.368
0.368
0.368
0.368
0.368
0.368
0.368
0.368
0.368
0.368
0.368
0.368
0.368
0.368
0.368
0.368
0.368
0.368
0.368
0.368
0.368
0.368
0.368
0.368
0.368
0.368
0.368
0.368
0.368
0.368
0.368
0.368
0.368
0.368
0.368
0.368
0.368
0.368
0.368
0.368
0.368
0.368
0.368
0.368
0.369
0.369
0.368
0.369
0.369
0.369
0.369
0.369
0.369
0.369
0.369
0.369
0.369
0.369
0.369
0.369
0.369
0.370
0.370
0.369
0.369
0.369
0.370
0.369
0.369
0.370
0.370
0.370
0.370
0.370
0.370
0.370
0.370
0.370
0.370
0.370
0.370
0.370
0.370
0.370
0.370
0.370
0.370
0.370
0.370
0.370
0.370
0.370
0.370
0.370
0.370
0.370
0.370
0.370
0.370
0.370
0.370
0.370
0.370
0.370
0.369
0.369
0.369
0.369
0.369
0.369
0.369
0.369
0.369
0.369
0.369
0.369
0.369
0.369
0.369
0.369
0.369
0.369
0.369
0.369
0.369
0.369
0.369
0.369
0.369
0.369
0.369
0.369
0.369
0.369
0.369
0.369
0.369
0.369
0.369
0.369
0.369
0.369
0.369
0.369
0.369
0.369
0.369
0.369
0.369
0.369
0.369
0.369
0.369
0.369
0.369
0.369
0.369
0.369
0.369
0.369
0.369
0.369
0.369
0.369
0.369
0.369
0.369
0.369
0.369
0.369
0.369
0.369
0.369
0.369
0.369
0.369
0.368
0.368
0.368
0.368
0.368
0.368
0.368
0.368
0.369
0.369
0.369
0.368
0.368
0.368
0.368
0.368
0.368
0.368
0.368
0.368
0.368
0.368
0.368
0.368
0.368
0.368
0.368
0.368
0.368
0.368
0.368
0.368
0.368
0.368
0.368
0.368
0.368
0.368
0.368
0.369
0.369
0.368
0.368
0.368
0.368
0.368
0.368
0.368
0.368
0.368
0.368
0.368
0.368
0.368
0.368
0.368
0.368
0.368
0.368
0.368
0.368
0.368
0.368
0.368
0.368
0.368
0.368
0.368
0.368
0.368
0.368
0.368
0.368
0.368
0.368
0.368
0.368
0.368
0.368
0.368
0.368
0.368
0.368
0.368
0.368
0.368
0.368
0.368
0.368
0.368
0.368
0.368
0.368
0.368
0.368
0.368
0.368
0.368
0.368
0.367
0.367
0.367
0.367
0.367
0.367