Precisão média por imagem
0.488
0.487
0.519
0.539
0.560
0.637
0.632
0.671
0.706
0.735
0.757
0.752
0.737
0.747
0.734
0.721
0.711
0.719
0.711
0.709
0.702
0.696
0.688
0.684
0.680
0.676
0.672
0.666
0.661
0.658
0.655
0.650
0.647
0.645
0.642
0.639
0.637
0.635
0.632
0.630
0.627
0.624
0.623
0.623
0.621
0.619
0.618
0.616
0.614
0.613
0.611
0.609
0.606
0.602
0.599
0.595
0.591
0.588
0.595
0.601
0.608
0.614
0.612
0.610
0.611
0.609
0.609
0.607
0.605
0.604
0.603
0.603
0.602
0.600
0.599
0.597
0.596
0.596
0.595
0.594
0.593
0.593
0.593
0.593
0.594
0.593
0.592
0.591
0.591
0.591
0.590
0.589
0.588
0.592
0.593
0.592
0.592
0.595
0.599
0.603
0.603
0.603
0.603
0.603
0.603
0.602
0.602
0.601
0.605
0.606
0.606
0.608
0.607
0.607
0.610
0.612
0.611
0.612
0.611
0.610
0.609
0.609
0.609
0.608
0.607
0.607
0.606
0.606
0.605
0.604
0.604
0.603
0.603
0.602
0.603
0.603
0.601
0.600
0.600
0.599
0.599
0.599
0.599
0.599
0.599
0.598
0.598
0.598
0.597
0.597
0.599
0.601
0.601
0.601
0.600
0.600
0.599
0.599
0.599
0.598
0.598
0.598
0.597
0.596
0.596
0.595
0.595
0.594
0.597
0.596
0.596
0.595
0.595
0.596
0.595
0.598
0.598
0.598
0.597
0.597
0.596
0.596
0.595
0.595
0.595
0.595
0.594
0.594
0.594
0.594
0.593
0.594
0.594
0.593
0.593
0.592
0.592
0.592
0.592
0.592
0.592
0.591
0.591
0.591
0.591
0.591
0.591
0.591
0.591
0.591
0.590
0.590
0.590
0.590
0.591
0.593
0.593
0.595
0.594
0.594
0.593
0.593
0.593
0.593
0.592
0.592
0.592
0.592
0.592
0.591
0.591
0.591
0.591
0.590
0.590
0.590
0.590
0.589
0.589
0.589
0.589
0.589
0.589
0.589
0.589
0.589
0.588
0.588
0.588
0.588
0.588
0.588
0.588
0.588
0.588
0.588
0.588
0.588
0.587
0.587
0.588
0.590
0.589
0.591
0.590
0.590
0.591
0.592
0.593
0.593
0.593
0.593
0.592
0.592
0.592
0.592
0.592
0.593
0.593
0.593
0.593
0.593
0.593
0.594
0.594
0.593
0.593
0.593
0.593
0.592
0.592
0.592
0.591
0.592
0.592
0.592
0.592
0.592
0.593
0.593
0.594
0.595
0.595
0.595
0.595
0.595
0.594
0.594
0.594
0.594
0.594
0.594
0.594
0.594
0.593
0.593
0.593
0.593
0.594
0.596
0.597
0.598
0.600
0.601
0.602
0.603
0.603
0.603
0.604
0.604
0.604
0.604
0.604
0.603
0.604
0.604
0.604
0.605
0.605
0.605
0.605
0.604
0.604
0.604
0.604
0.604
0.604
0.605
0.605
0.606
0.608
0.609
0.609
0.608
0.608
0.608
0.608
0.607
0.607
0.608
0.607
0.607
0.607
0.607
0.606
0.606
0.606
0.606
0.606
0.606
0.606
0.607
0.608
0.608
0.608
0.608
0.608
0.608
0.609
0.609
0.609
0.608
0.609
0.609
0.609
0.609
0.610
0.610
0.610
0.611
0.611
0.611
0.611
0.611
0.611
0.611
0.611
0.611
0.610
0.610
0.610
0.609
0.610
0.610
0.611
0.611
0.612
0.612
0.611
0.611
0.611
0.611
0.611
0.612
0.612
0.612
0.612
0.612
0.612
0.611
0.611
0.611
0.611
0.611
0.610
0.611
0.610
0.611
0.611
0.611
0.611
0.611
0.611
0.611
0.611
0.611
0.611
0.611
0.611
0.611
0.611
0.612
0.612
0.612
0.612
0.612
0.612
0.612
0.612
0.612
0.611
0.611
0.611
0.610
0.610
0.610
0.610
0.610
0.610
0.609
0.609
0.609
0.610
0.609
0.609
0.609
0.610
0.610
0.610
0.609
0.609
0.609
0.609
0.609
0.608
0.608
0.608
0.608
0.608
0.608
0.607
0.607
0.607
0.607
0.607
0.607
0.607
0.606
0.606
0.606
0.606
0.606
0.606
0.606
0.606
0.606
0.606
0.606
0.606
0.606
0.606
0.606
0.606
0.605
0.605
0.605
0.605
0.605
0.605
0.606
0.606
0.606
0.605
0.605
0.605
0.605
0.605
0.605
0.605
0.605
0.605
0.605
0.604
0.604
0.604
0.604
0.604
0.604
0.604
0.604
0.603
0.603
0.603
0.604
0.604
0.604
0.604
0.603
0.603
0.603
0.603
0.603
0.603
0.603
0.604
0.604
0.604
0.604
0.604
0.604
0.604
0.604
0.604
0.604
0.604
0.604
0.604
0.604
0.603
0.603
0.603
0.603
0.603
0.603
0.603
0.603
0.603
0.603
0.603
0.603
0.603
0.603
0.603
0.603
0.603
0.603
0.603
0.603
0.603
0.603
0.602
0.602
0.602
0.602
0.602
0.602
0.602
0.602
0.602
0.602
0.602
0.603
0.604
0.604
0.605
0.605
0.605
0.604
0.604
0.604
0.604
0.604
0.604
0.604
0.604
0.604
0.603
0.603
0.603
0.603
0.603
0.603
0.603
0.603
0.603
0.603
0.602
0.602
0.602
0.602
0.602
0.602
0.602
0.602
0.602
0.603
0.603
0.603
0.604
0.604
0.604
0.604
0.603
0.603
0.603
0.603
0.603
0.603
0.603
0.603
0.603
0.603
0.603
0.603
0.603
0.603
0.603
0.603
0.602
0.602
0.602
0.602
0.602
0.602
0.602
0.602
0.602
0.602
0.601
0.601
0.601
0.602
0.601
0.601
0.601
0.601
0.601
0.601
0.602
0.602
0.601
0.601
0.601
0.601
0.601
0.601
0.601
0.601
0.601
0.601
0.601
0.601
0.601
0.601
0.601
0.601
0.601
0.600
0.600
0.600
0.600
0.600
0.600
0.600
0.600
0.600
0.600
0.600
0.600
0.600
0.600
0.600
0.600
0.600
0.599
0.599
0.599
0.599
0.599
0.599
0.599
0.599
0.599
0.598
0.598
0.598
0.598
0.598
0.598
0.598
0.599
0.599
0.599
0.599
0.599
0.599
0.599
0.599
0.599
0.599
0.599
0.599
0.598
0.598
0.598
0.598
0.598
0.598
0.598
0.598
0.598
0.598
0.598
0.597
0.597
0.597
0.597
0.597
0.597
0.597
0.597
0.597
0.597
0.597
0.598
0.598
0.597
0.597
0.597
0.597
0.597
0.597
0.597
0.597
0.597
0.597
0.597
0.596
0.596
0.596
0.596
0.596
0.596
0.595
0.596
0.596
0.596
0.596
0.596
0.596
0.596
0.596
0.595
0.595
0.595
0.596
0.596
0.596
0.596
0.596
0.596
0.596
0.596
0.596
0.596
0.596
0.596
0.596
0.596
0.596
0.597
0.596
0.596
0.597
0.597
0.597
0.597
0.597
0.597
0.597
0.597
0.597
0.597
0.597
0.597
0.597
0.597
0.596
0.596
0.596
0.597
0.597
0.597
0.597
0.597
0.597
0.597
0.597
0.597
0.596
0.596
0.596
0.596
0.596
0.596
0.596
0.597
0.597
0.597
0.597
0.597
0.597
0.597
0.597
0.597
0.597
0.597
0.596
0.596
0.596
0.596
0.596
0.596
0.596
0.596
0.596
0.596
0.596
0.596
0.596
0.597
0.597
0.597
0.597
0.597
0.597
0.597
0.597
0.597
0.597
0.597
0.597
0.597
0.597
0.597
0.597
0.597
0.597
0.597
0.597
0.597
0.597
0.597
0.596
0.596
0.596
0.596
0.596
0.596
0.596
0.596
0.596
0.596
0.596
0.595
0.596
0.596
0.596
0.596
0.596
0.595
0.595
0.595
0.595
0.595
0.595
0.595
0.595
0.595
0.595
0.595
0.595
0.595
0.595
0.595
0.595
0.595
0.596
0.596
0.597
0.597
0.596
0.596
0.596
0.596
0.596
0.596
0.596
0.596
0.596
0.596
0.596
0.596
0.596
0.596
0.596
0.595
0.595
0.595
0.595
0.595
0.595
0.595
0.595
0.595
0.595
0.595
0.595
0.595
0.595
0.595
0.595
0.595
0.594
0.594
0.594
0.594
0.594
0.594
0.594
0.594
0.594
0.594
0.594
0.594
0.594
0.594
0.593
0.593
0.593
0.593
0.593
0.593
0.593
0.593
0.593
0.593
0.593
0.593
0.593
0.593
0.593
0.593
0.593
0.593
0.593
0.593
0.593
0.593
0.593
0.593
0.593
0.593
0.592
0.593
0.593
0.593
0.593
0.593
0.593
0.593
0.594
0.594
0.594
0.593
0.593
0.593
0.593
0.593
0.593
0.593
0.593
0.593
0.593
0.593
0.593
0.593
0.593
0.593
0.593
0.592
0.592
0.592
0.592
0.592
0.592
0.592
0.592
0.592
0.592
0.592
0.592
0.592
0.592
0.592
0.592
0.591
0.591
0.592
0.592
0.592
0.592
0.592
0.592
0.592
0.593
0.593
0.593
0.593
0.593
0.593
0.593
0.593
0.593
0.593
0.593
0.593
0.593
0.593
0.593
0.593
0.593
0.593
0.593
0.592
0.592
0.592
0.592
0.592
0.592
0.592
0.592
0.592
0.592
0.592
0.592
0.592
0.592
0.592
0.592
0.592
0.592
0.592
0.592
0.592
0.592
0.592
0.592
0.592
0.592
0.592
0.592
0.592
0.592
0.592
0.593
0.593
0.593
0.593
0.593
0.593
0.593
0.593
0.593
0.593
0.592
0.592
0.592
0.592
0.592
0.592
0.592
0.592
0.592
0.592
0.593
0.593
0.593
0.593
0.593
0.592
0.592
0.592
0.592
0.593
0.593
0.593
0.593
0.593
0.594
0.594
0.594
0.594
0.594
0.594
0.595
0.595
0.595
0.595
0.595
0.595
0.595
0.596
0.596
0.596
0.596
0.596
0.596
0.597
0.597
0.597
0.597
0.597
0.597
0.597
0.597
0.597
0.597
0.597
0.597
0.597
0.597
0.597
0.596
0.596
0.597
0.597
0.597
0.597
0.597
0.597
0.597
0.597
0.597
0.597
0.597
0.597
0.597
0.597
0.597
0.597
0.597
0.597
0.597
0.597
0.597
0.597
0.597
0.597
0.597
0.597
0.597
0.597
0.597
0.597
0.597
0.597
0.597
0.597
0.597
0.597
0.597
0.597
0.596
0.596
0.596
0.596
0.596
0.596
0.597
0.597
0.597
0.597
0.597
0.597
0.597
0.597
0.597
0.597
0.597
0.597
0.597
0.597
0.597
0.597
0.597
0.597
0.597
0.597
0.597
0.597
0.596
0.596
0.596
0.596
0.596
0.596
0.596
0.596
0.596
0.596
0.596
0.596
0.596
0.596
0.596
0.596
0.596
0.596
0.596
0.596
0.596
0.596
0.596
0.595
0.595
0.595
0.595
0.595
0.595
0.595
0.595
0.595
0.596
0.596
0.596
0.596
0.596
0.596
0.596
0.596
0.596
0.596
0.596
0.596
0.596
0.596
0.596
0.596
0.596
0.596
0.596
0.596
0.595
0.595
0.595
0.596
0.596
0.595
0.595
0.595
0.595
0.595
0.595
0.595
0.595
0.595
0.596
0.596
0.596
0.596
0.596
0.596
0.596
0.596
0.596
0.596
0.596
0.596
0.596
0.596
0.596
0.596
0.596
0.596
0.596
0.595
0.595
0.595
0.595
0.595
0.595
0.595
0.595
0.595
0.595
0.595
0.595
0.595
0.595
0.595
0.596
0.596
0.596
0.596
0.596
0.596
0.596
0.596
0.596
0.596
0.596
0.596
0.596
0.596
0.596
0.596
0.596
0.596
0.596
0.596
0.596
0.596
0.596
0.596
0.596
0.596
0.597
0.597
0.597
0.597
0.597
0.597
0.597
0.597
0.597
0.597
0.597
0.597
0.597
0.597
0.597
0.597
0.597
0.597
0.597
0.597
0.597
0.597
0.597
0.597
0.597
0.597
0.597
0.597
0.597
0.597
0.597
0.597
0.597
0.597
0.597
0.597
0.597
0.597
0.597
0.598
0.598
0.598
0.598
0.597
0.597
0.597
0.598
0.598
0.598
0.598
0.598
0.598
0.598
0.599
0.599
0.599
0.599
0.599
0.599
0.599
0.599
0.600
0.600
0.600
0.600
0.600
0.600
0.600
0.600
0.600
0.600
0.600
0.599
0.599
0.599
0.599
0.599
0.599
0.600
0.600
0.600
0.600
0.600
0.599
0.599
0.599
0.599
0.599
0.600
0.599
0.599
0.599
0.599
0.599
0.599
0.599
0.599
0.599
0.600
0.600
0.600
0.600
0.599
0.599
0.599
0.599
0.599
0.599
0.599
0.599
0.599
0.599
0.599
0.599
0.599
0.599
0.599
0.598
0.598
0.598
0.598
0.598
0.598
0.598
0.598
0.598
0.598
0.598
0.598
0.598
0.598
0.598
0.598
0.598
0.598
0.598
0.598
0.598
0.598
0.598
0.597
0.597
0.597
0.597
0.597
0.597
0.597
0.597
0.597
0.597
0.597
0.597
0.597
0.597
0.597
0.597
0.597
0.597
0.597
0.597
0.597
0.597
0.596
0.596
0.596
0.596
0.596
0.596
0.596
0.596
0.596
0.596
0.596
0.596
0.596
0.596
0.596
0.596
0.596
0.596
0.596
0.596
0.596
0.595
0.595
0.595
0.595
0.595
0.595