Precisão média por imagem
0.411
0.412
0.548
0.585
0.606
0.617
0.623
0.629
0.635
0.638
0.635
0.639
0.640
0.642
0.640
0.640
0.642
0.641
0.640
0.641
0.641
0.641
0.642
0.642
0.635
0.629
0.630
0.625
0.619
0.614
0.609
0.611
0.613
0.609
0.604
0.605
0.607
0.608
0.610
0.611
0.607
0.604
0.605
0.607
0.608
0.609
0.611
0.612
0.609
0.606
0.603
0.600
0.598
0.594
0.592
0.591
0.588
0.585
0.587
0.588
0.589
0.591
0.588
0.586
0.587
0.589
0.590
0.591
0.589
0.587
0.588
0.590
0.588
0.586
0.587
0.585
0.583
0.581
0.579
0.578
0.576
0.578
0.579
0.581
0.582
0.584
0.585
0.586
0.587
0.585
0.584
0.585
0.586
0.587
0.588
0.588
0.590
0.590
0.590
0.591
0.592
0.592
0.593
0.593
0.594
0.595
0.596
0.597
0.598
0.598
0.599
0.600
0.601
0.601
0.602
0.602
0.603
0.603
0.602
0.601
0.602
0.602
0.603
0.604
0.602
0.601
0.600
0.600
0.599
0.598
0.596
0.595
0.594
0.595
0.595
0.596
0.595
0.594
0.595
0.595
0.596
0.597
0.597
0.598
0.598
0.598
0.599
0.598
0.597
0.596
0.596
0.597
0.597
0.597
0.596
0.597
0.597
0.597
0.598
0.598
0.598
0.598
0.599
0.598
0.597
0.597
0.596
0.596
0.597
0.596
0.595
0.595
0.596
0.596
0.596
0.596
0.597
0.596
0.595
0.594
0.593
0.593
0.593
0.593
0.594
0.594
0.593
0.593
0.593
0.593
0.592
0.592
0.592
0.592
0.591
0.591
0.592
0.592
0.592
0.593
0.594
0.593
0.592
0.593
0.593
0.594
0.594
0.594
0.595
0.595
0.594
0.593
0.594
0.595
0.595
0.595
0.595
0.596
0.596
0.596
0.595
0.594
0.595
0.595
0.595
0.596
0.595
0.595
0.595
0.594
0.593
0.594
0.594
0.594
0.594
0.594
0.595
0.595
0.594
0.594
0.594
0.594
0.595
0.595
0.595
0.595
0.596
0.596
0.596
0.597
0.597
0.597
0.598
0.598
0.598
0.598
0.599
0.599
0.599
0.599
0.600
0.600
0.601
0.601
0.601
0.601
0.602
0.602
0.602
0.602
0.603
0.603
0.602
0.602
0.602
0.602
0.602
0.603
0.603
0.603
0.603
0.604
0.604
0.604
0.604
0.604
0.605
0.604
0.603
0.603
0.602
0.602
0.602
0.602
0.602
0.601
0.602
0.602
0.602
0.602
0.602
0.602
0.602
0.602
0.601
0.600
0.601
0.601
0.601
0.601
0.601
0.602
0.602
0.602
0.602
0.602
0.602
0.603
0.603
0.603
0.603
0.604
0.604
0.604
0.604
0.604
0.605
0.605
0.605
0.605
0.605
0.605
0.604
0.605
0.605
0.605
0.605
0.605
0.606
0.606
0.606
0.606
0.605
0.605
0.604
0.604
0.605
0.605
0.605
0.605
0.606
0.606
0.606
0.606
0.605
0.605
0.605
0.606
0.606
0.606
0.606
0.606
0.605
0.605
0.605
0.606
0.605
0.605
0.605
0.605
0.605
0.606
0.606
0.606
0.606
0.606
0.606
0.606
0.606
0.606
0.607
0.607
0.607
0.607
0.607
0.607
0.607
0.608
0.608
0.608
0.608
0.608
0.608
0.608
0.608
0.609
0.609
0.609
0.609
0.609
0.608
0.608
0.608
0.608
0.608
0.609
0.609
0.609
0.608
0.608
0.609
0.608
0.608
0.608
0.608
0.608
0.609
0.608
0.608
0.607
0.607
0.607
0.606
0.606
0.606
0.606
0.606
0.607
0.607
0.607
0.607
0.606
0.606
0.606
0.606
0.606
0.606
0.606
0.607
0.607
0.607
0.607
0.607
0.607
0.607
0.607
0.607
0.607
0.608
0.608
0.608
0.607
0.607
0.607
0.606
0.606
0.606
0.606
0.606
0.606
0.605
0.605
0.605
0.606
0.605
0.605
0.606
0.605
0.605
0.605
0.605
0.605
0.604
0.604
0.604
0.604
0.604
0.604
0.604
0.603
0.603
0.603
0.603
0.603
0.603
0.603
0.603
0.602
0.602
0.602
0.601
0.601
0.601
0.601
0.601
0.602
0.602
0.602
0.602
0.602
0.602
0.602
0.602
0.602
0.602
0.602
0.602
0.602
0.602
0.602
0.602
0.602
0.602
0.602
0.601
0.602
0.602
0.602
0.602
0.602
0.602
0.603
0.602
0.602
0.602
0.601
0.602
0.602
0.601
0.601
0.601
0.600
0.601
0.601
0.601
0.601
0.601
0.601
0.601
0.601
0.601
0.601
0.601
0.601
0.601
0.601
0.601
0.602
0.602
0.602
0.602
0.602
0.602
0.601
0.601
0.601
0.601
0.600
0.600
0.600
0.600
0.600
0.600
0.600
0.600
0.600
0.600
0.601
0.601
0.601
0.600
0.600
0.600
0.600
0.600
0.600
0.601
0.600
0.600
0.600
0.600
0.599
0.599
0.599
0.599
0.599
0.599
0.599
0.599
0.599
0.599
0.600
0.600
0.600
0.600
0.600
0.600
0.600
0.600
0.599
0.599
0.599
0.599
0.599
0.600
0.600
0.600
0.600
0.600
0.600
0.600
0.600
0.600
0.599
0.599
0.599
0.599
0.599
0.599
0.599
0.600
0.600
0.600
0.600
0.600
0.600
0.600
0.601
0.601
0.600
0.600
0.600
0.600
0.600
0.600
0.600
0.600
0.600
0.600
0.600
0.600
0.601
0.601
0.601
0.601
0.600
0.600
0.600
0.601
0.601
0.601
0.601
0.601
0.601
0.601
0.601
0.601
0.601
0.601
0.601
0.601
0.601
0.601
0.601
0.601
0.601
0.601
0.601
0.601
0.601
0.601
0.601
0.601
0.601
0.601
0.601
0.601
0.601
0.600
0.600
0.600
0.601
0.601
0.601
0.601
0.601
0.600
0.600
0.600
0.600
0.599
0.600
0.600
0.600
0.600
0.600
0.600
0.600
0.600
0.600
0.600
0.600
0.600
0.600
0.600
0.600
0.600
0.600
0.600
0.600
0.600
0.600
0.600
0.600
0.600
0.600
0.600
0.600
0.600
0.600
0.601
0.601
0.601
0.601
0.601
0.601
0.601
0.601
0.601
0.601
0.601
0.601
0.600
0.600
0.600
0.600
0.600
0.599
0.600
0.599
0.599
0.600
0.600
0.599
0.599
0.599
0.600
0.599
0.599
0.599
0.599
0.599
0.599
0.599
0.599
0.599
0.599
0.599
0.599
0.599
0.598
0.598
0.598
0.598
0.598
0.598
0.598
0.598
0.598
0.598
0.597
0.597
0.597
0.597
0.597
0.597
0.597
0.597
0.597
0.597
0.597
0.596
0.596
0.596
0.596
0.596
0.596
0.596
0.596
0.596
0.596
0.596
0.596
0.596
0.596
0.596
0.597
0.597
0.597
0.597
0.597
0.597
0.597
0.597
0.597
0.597
0.597
0.598
0.598
0.598
0.598
0.598
0.598
0.598
0.597
0.597
0.597
0.597
0.597
0.597
0.597
0.597
0.597
0.597
0.597
0.597
0.597
0.597
0.597
0.597
0.597
0.597
0.596
0.596
0.596
0.597
0.597
0.597
0.597
0.597
0.597
0.597
0.597
0.597
0.597
0.596
0.596
0.596
0.596
0.596
0.596
0.596
0.596
0.596
0.596
0.596
0.596
0.597
0.597
0.597
0.597
0.597
0.597
0.597
0.597
0.597
0.597
0.597
0.598
0.597
0.597
0.597
0.597
0.597
0.597
0.597
0.597
0.597
0.597
0.597
0.597
0.597
0.597
0.596
0.596
0.596
0.596
0.596
0.596
0.595
0.595
0.595
0.595
0.595
0.595
0.595
0.595
0.595
0.595
0.595
0.595
0.595
0.595
0.595
0.595
0.595
0.595
0.596
0.596
0.596
0.596
0.595
0.595
0.595
0.595
0.595
0.595
0.595
0.595
0.596
0.596
0.596
0.596
0.596
0.596
0.595
0.596
0.596
0.596
0.596
0.596
0.595
0.595
0.595
0.595
0.595
0.595
0.594
0.595
0.595
0.595
0.595
0.595
0.595
0.595
0.595
0.595
0.595
0.595
0.595
0.595
0.594
0.594
0.594
0.594
0.595
0.595
0.595
0.594
0.594
0.594
0.594
0.594
0.594
0.594
0.594
0.594
0.594
0.594
0.594
0.593
0.593
0.593
0.593
0.593
0.593
0.593
0.594
0.594
0.594
0.594
0.594
0.594
0.594
0.594
0.594
0.594
0.594
0.594
0.594
0.594
0.594
0.594
0.594
0.594
0.594
0.594
0.594
0.594
0.594
0.594
0.594
0.594
0.594
0.594
0.594
0.594
0.593
0.593
0.593
0.593
0.593
0.593
0.593
0.593
0.593
0.594
0.593
0.593
0.593
0.593
0.593
0.593
0.593
0.593
0.593
0.593
0.593
0.593
0.593
0.592
0.592
0.592
0.592
0.592
0.592
0.592
0.592
0.592
0.592
0.593
0.593
0.593
0.593
0.593
0.593
0.593
0.593
0.593
0.593
0.593
0.593
0.593
0.593
0.593
0.593
0.592
0.592
0.592
0.592
0.592
0.592
0.592
0.592
0.591
0.591
0.592
0.591
0.591
0.591
0.591
0.591
0.591
0.591
0.591
0.591
0.591
0.591
0.591
0.592
0.592
0.592
0.592
0.591
0.591
0.591
0.591
0.591
0.591
0.591
0.592
0.592
0.592
0.592
0.592
0.592
0.592
0.592
0.592
0.592
0.592
0.592
0.592
0.592
0.593
0.593
0.593
0.593
0.593
0.593
0.592
0.593
0.593
0.592
0.592
0.592
0.592
0.592
0.592
0.593
0.593
0.593
0.593
0.593
0.593
0.593
0.593
0.593
0.593
0.593
0.593
0.593
0.593
0.594
0.594
0.594
0.594
0.594
0.594
0.594
0.594
0.594
0.594
0.594
0.594
0.594
0.594
0.594
0.595
0.595
0.595
0.595
0.595
0.595
0.595
0.595
0.595
0.595
0.594
0.594
0.594
0.594
0.594
0.594
0.594
0.594
0.594
0.594
0.594
0.594
0.594
0.594
0.594
0.594
0.594
0.594
0.594
0.594
0.594
0.594
0.594
0.594
0.594
0.594
0.594
0.594
0.594
0.594
0.594
0.594
0.594
0.594
0.594
0.594
0.594
0.594
0.594
0.594
0.594
0.593
0.593
0.593
0.593
0.593
0.593
0.593
0.592
0.593
0.593
0.593
0.593
0.593
0.593
0.593
0.593
0.593
0.593
0.593
0.593
0.593
0.593
0.593
0.594
0.594
0.594
0.594
0.594
0.594
0.594
0.594
0.594
0.594
0.593
0.594
0.594
0.594
0.593
0.593
0.593
0.593
0.593
0.594
0.593
0.593
0.593
0.593
0.593
0.593
0.593
0.593
0.593
0.593
0.593
0.593
0.593
0.593
0.593
0.593
0.593
0.592
0.592
0.592
0.592
0.593
0.593
0.593
0.593
0.593
0.593
0.593
0.593
0.593
0.593
0.593
0.593
0.593
0.593
0.593
0.593
0.593
0.593
0.593
0.593
0.593
0.593
0.593
0.593
0.593
0.593
0.593
0.593
0.594
0.593
0.593
0.593
0.593
0.593
0.593
0.593
0.594
0.594
0.594
0.594
0.594
0.594
0.594
0.594
0.594
0.594
0.594
0.594
0.594
0.594
0.594
0.594
0.594
0.594
0.594
0.594
0.594
0.594
0.594
0.593
0.593
0.594
0.594
0.594
0.594
0.594
0.594
0.594
0.594
0.594
0.594
0.594
0.594
0.594
0.594
0.594
0.594
0.594
0.594
0.594
0.594
0.594
0.594
0.594
0.594
0.594
0.594
0.594
0.594
0.594
0.595
0.595
0.595
0.595
0.595
0.595
0.595
0.595
0.595
0.595
0.595
0.595
0.595
0.595
0.595
0.595
0.595
0.595
0.595
0.595
0.595
0.595
0.595
0.595
0.595
0.594
0.594
0.595
0.594
0.594
0.594
0.594
0.594
0.594
0.594
0.594
0.594
0.594
0.594
0.594
0.595
0.595
0.595
0.595
0.595
0.595
0.595
0.595
0.595
0.595
0.595
0.595
0.595
0.595
0.595
0.595
0.595
0.595
0.595
0.596
0.596
0.596
0.596
0.596
0.596
0.596
0.596
0.596
0.596
0.596
0.596
0.596
0.596
0.595
0.595
0.595
0.595
0.595
0.595
0.595
0.595
0.595
0.595
0.595
0.595
0.596
0.596
0.596
0.596
0.596
0.596
0.596
0.596
0.596
0.596
0.596
0.596
0.596
0.596
0.596
0.596
0.596
0.596
0.596
0.596
0.596
0.596
0.596
0.596
0.596
0.596
0.596
0.596
0.596
0.596
0.595
0.595
0.595
0.595
0.595
0.595
0.595
0.595
0.595
0.595
0.595
0.595
0.595
0.594
0.594
0.594
0.594
0.594
0.594
0.594
0.594
0.594
0.594
0.594
0.594
0.594
0.594
0.594
0.594
0.594
0.594
0.594
0.593
0.593
0.593
0.593
0.593
0.593
0.593
0.593
0.593
0.593
0.593
0.593
0.593
0.593
0.593
0.593
0.593
0.592
0.592
0.592
0.592
0.592
0.592
0.592
0.592
0.592
0.592
0.592
0.592
0.592
0.592
0.591
0.591
0.591
0.591
0.591
0.591
0.591
0.591
0.591
0.591
0.591
0.591
0.591
0.591
0.591