Precisão média por imagem
0.424
0.450
0.461
0.434
0.421
0.430
0.428
0.429
0.431
0.430
0.425
0.417
0.406
0.399
0.391
0.391
0.386
0.383
0.386
0.388
0.381
0.377
0.374
0.371
0.370
0.369
0.366
0.362
0.358
0.356
0.355
0.353
0.354
0.360
0.358
0.355
0.353
0.352
0.350
0.347
0.344
0.347
0.343
0.342
0.342
0.340
0.338
0.337
0.336
0.337
0.341
0.340
0.344
0.344
0.344
0.345
0.344
0.342
0.343
0.343
0.344
0.347
0.349
0.351
0.351
0.353
0.354
0.352
0.354
0.356
0.357
0.358
0.357
0.355
0.355
0.357
0.356
0.355
0.355
0.354
0.355
0.354
0.354
0.354
0.353
0.354
0.353
0.353
0.353
0.353
0.353
0.353
0.351
0.350
0.350
0.351
0.350
0.350
0.353
0.354
0.353
0.352
0.352
0.352
0.351
0.353
0.352
0.352
0.353
0.354
0.354
0.353
0.352
0.351
0.353
0.354
0.353
0.352
0.353
0.353
0.353
0.352
0.353
0.354
0.356
0.356
0.356
0.355
0.356
0.356
0.358
0.358
0.359
0.360
0.359
0.357
0.358
0.359
0.359
0.360
0.360
0.361
0.362
0.363
0.364
0.363
0.363
0.363
0.363
0.364
0.364
0.364
0.363
0.363
0.362
0.362
0.362
0.363
0.363
0.362
0.362
0.362
0.361
0.360
0.360
0.360
0.359
0.358
0.358
0.360
0.360
0.361
0.362
0.362
0.362
0.363
0.363
0.364
0.364
0.365
0.365
0.364
0.364
0.364
0.363
0.363
0.362
0.363
0.363
0.363
0.364
0.364
0.363
0.363
0.363
0.362
0.363
0.363
0.363
0.364
0.363
0.363
0.362
0.362
0.362
0.362
0.361
0.361
0.360
0.361
0.361
0.362
0.361
0.361
0.361
0.360
0.359
0.360
0.360
0.361
0.361
0.361
0.362
0.363
0.363
0.364
0.364
0.365
0.365
0.365
0.365
0.364
0.364
0.364
0.363
0.363
0.363
0.364
0.364
0.364
0.363
0.363
0.363
0.363
0.363
0.363
0.363
0.362
0.362
0.362
0.363
0.363
0.363
0.363
0.362
0.362
0.362
0.361
0.361
0.361
0.361
0.361
0.360
0.360
0.361
0.360
0.360
0.360
0.359
0.359
0.358
0.358
0.358
0.359
0.359
0.359
0.359
0.359
0.359
0.360
0.359
0.359
0.359
0.360
0.360
0.360
0.360
0.360
0.360
0.359
0.359
0.359
0.359
0.360
0.360
0.360
0.360
0.359
0.359
0.360
0.360
0.361
0.361
0.361
0.362
0.362
0.363
0.363
0.363
0.363
0.363
0.363
0.363
0.363
0.362
0.362
0.363
0.363
0.363
0.363
0.363
0.364
0.363
0.363
0.364
0.364
0.363
0.363
0.363
0.363
0.362
0.362
0.362
0.362
0.362
0.362
0.362
0.362
0.361
0.361
0.361
0.361
0.361
0.361
0.361
0.362
0.362
0.363
0.363
0.362
0.362
0.362
0.362
0.363
0.363
0.363
0.363
0.363
0.364
0.363
0.363
0.364
0.364
0.364
0.364
0.364
0.364
0.364
0.364
0.364
0.364
0.364
0.364
0.364
0.364
0.363
0.363
0.363
0.363
0.362
0.363
0.363
0.363
0.362
0.363
0.363
0.362
0.362
0.362
0.362
0.363
0.363
0.363
0.363
0.363
0.363
0.363
0.362
0.363
0.363
0.363
0.362
0.363
0.363
0.363
0.363
0.363
0.363
0.364
0.364
0.364
0.364
0.364
0.364
0.364
0.363
0.363
0.363
0.363
0.363
0.364
0.363
0.364
0.364
0.364
0.364
0.364
0.364
0.364
0.364
0.363
0.363
0.363
0.363
0.363
0.363
0.363
0.363
0.363
0.362
0.362
0.362
0.362
0.362
0.363
0.363
0.363
0.363
0.363
0.363
0.363
0.363
0.364
0.364
0.364
0.364
0.364
0.364
0.364
0.363
0.363
0.364
0.364
0.364
0.364
0.363
0.363
0.363
0.363
0.363
0.363
0.362
0.363
0.362
0.362
0.362
0.362
0.362
0.362
0.362
0.362
0.362
0.362
0.362
0.362
0.362
0.362
0.362
0.362
0.362
0.362
0.362
0.362
0.362
0.362
0.362
0.362
0.362
0.362
0.362
0.362
0.362
0.362
0.362
0.362
0.362
0.363
0.363
0.362
0.363
0.363
0.363
0.363
0.363
0.363
0.363
0.363
0.363
0.363
0.363
0.363
0.363
0.363
0.362
0.362
0.362
0.363
0.362
0.362
0.362
0.362
0.362
0.363
0.362
0.362
0.362
0.362
0.362
0.362
0.362
0.362
0.362
0.362
0.362
0.362
0.362
0.362
0.362
0.362
0.362
0.362
0.362
0.361
0.361
0.361
0.361
0.361
0.361
0.361
0.361
0.361
0.360
0.360
0.360
0.360
0.360
0.360
0.360
0.360
0.360
0.360
0.360
0.359
0.360
0.360
0.360
0.360
0.360
0.360
0.360
0.360
0.359
0.359
0.359
0.359
0.359
0.359
0.359
0.359
0.359
0.359
0.359
0.359
0.359
0.359
0.359
0.359
0.359
0.359
0.360
0.360
0.359
0.360
0.360
0.360
0.360
0.360
0.360
0.360
0.359
0.360
0.360
0.360
0.360
0.360
0.360
0.360
0.360
0.360
0.360
0.360
0.360
0.360
0.360
0.360
0.360
0.360
0.360
0.360
0.360
0.361
0.360
0.361
0.361
0.361
0.361
0.361
0.360
0.360
0.360
0.360
0.360
0.360
0.360
0.360
0.360
0.360
0.360
0.360
0.360
0.360
0.360
0.360
0.360
0.360
0.360
0.360
0.360
0.360
0.360
0.360
0.360
0.359
0.359
0.359
0.359
0.359
0.359
0.359
0.359
0.359
0.359
0.359
0.359
0.359
0.359
0.359
0.359
0.359
0.359
0.359
0.359
0.358
0.358
0.358
0.358
0.358
0.358
0.358
0.358
0.358
0.358
0.358
0.358
0.358
0.357
0.357
0.357
0.357
0.357
0.357
0.357
0.357
0.357
0.357
0.356
0.357
0.357
0.357
0.357
0.357
0.357
0.357
0.357
0.357
0.357
0.356
0.356
0.356
0.356
0.356
0.356
0.356
0.356
0.356
0.356
0.356
0.356
0.356
0.357
0.357
0.357
0.357
0.357
0.357
0.357
0.357
0.357
0.357
0.357
0.357
0.357
0.357
0.357
0.357
0.356
0.357
0.357
0.357
0.357
0.356
0.357
0.357
0.357
0.357
0.357
0.357
0.357
0.357
0.358
0.358
0.358
0.358
0.358
0.359
0.358
0.358
0.359
0.359
0.359
0.358
0.359
0.359
0.359
0.358
0.358
0.358
0.358
0.358
0.358
0.358
0.358
0.358
0.358
0.358
0.358
0.358
0.358
0.359
0.359
0.359
0.359
0.359
0.359
0.359
0.359
0.359
0.359
0.359
0.359
0.359
0.359
0.359
0.359
0.359
0.359
0.360
0.360
0.360
0.359
0.359
0.359
0.359
0.359
0.359
0.359
0.359
0.359
0.359
0.359
0.359
0.359
0.359
0.359
0.360
0.360
0.359
0.359
0.359
0.359
0.359
0.359
0.359
0.359
0.359
0.359
0.359
0.359
0.359
0.359
0.359
0.359
0.359
0.359
0.360
0.360
0.360
0.360
0.360
0.360
0.359
0.359
0.359
0.359
0.359
0.359
0.359
0.360
0.359
0.359
0.359
0.359
0.359
0.359
0.359
0.359
0.358
0.359
0.359
0.359
0.359
0.359
0.358
0.358
0.358
0.358
0.358
0.358
0.358
0.358
0.358
0.358
0.358
0.358
0.358
0.358
0.358
0.358
0.358
0.358
0.358
0.358
0.357
0.357
0.357
0.358
0.358
0.358
0.358
0.357
0.357
0.357
0.357
0.358
0.358
0.358
0.358
0.358
0.358
0.358
0.358
0.358
0.358
0.358
0.358
0.358
0.358
0.358
0.358
0.358
0.358
0.358
0.358
0.358
0.358
0.358
0.358
0.358
0.358
0.358
0.358
0.358
0.358
0.358
0.358
0.358
0.358
0.358
0.358
0.358
0.358
0.359
0.359
0.359
0.359
0.359
0.359
0.359
0.359
0.359
0.359
0.359
0.359
0.359
0.358
0.359
0.359
0.359
0.359
0.359
0.359
0.359
0.359
0.359
0.359
0.359
0.359
0.359
0.359
0.359
0.359
0.359
0.359
0.359
0.359
0.359
0.358
0.358
0.358
0.358
0.358
0.358
0.358
0.358
0.358
0.358
0.358
0.358
0.358
0.358
0.358
0.358
0.358
0.358
0.358
0.358
0.358
0.358
0.358
0.358
0.358
0.358
0.358
0.358
0.358
0.358
0.358
0.358
0.358
0.358
0.358
0.358
0.359
0.358
0.358
0.358
0.358
0.358
0.359
0.359
0.358
0.358
0.359
0.359
0.358
0.358
0.358
0.358
0.358
0.358
0.358
0.358
0.358
0.358
0.358
0.358
0.358
0.358
0.358
0.358
0.358
0.358
0.358
0.358
0.358
0.358
0.358
0.358
0.358
0.358
0.358
0.358
0.358
0.358
0.358
0.358
0.358
0.358
0.358
0.358
0.358
0.358
0.358
0.358
0.358
0.358
0.358
0.358
0.358
0.358
0.358
0.358
0.358
0.358
0.358
0.358
0.357
0.358
0.358
0.358
0.358
0.358
0.358
0.358
0.358
0.358
0.358
0.358
0.358
0.358
0.358
0.358
0.358
0.358
0.359
0.358
0.358
0.359
0.359
0.359
0.358
0.358
0.358
0.359
0.359
0.359
0.359
0.359
0.359
0.359
0.359
0.359
0.359
0.360
0.360
0.360
0.360
0.359
0.359
0.359
0.359
0.359
0.359
0.359
0.359
0.359
0.359
0.360
0.360
0.360
0.359
0.359
0.359
0.359
0.359
0.359
0.359
0.359
0.359
0.359
0.359
0.359
0.359
0.359
0.359
0.359
0.359
0.359
0.359
0.359
0.359
0.359
0.359
0.359
0.359
0.359
0.359
0.359
0.359
0.359
0.359
0.359
0.359
0.359
0.359
0.359
0.359
0.359
0.359
0.359
0.359
0.359
0.359
0.359
0.359
0.359
0.359
0.359
0.359
0.359
0.359
0.359
0.359
0.359
0.359
0.359
0.359
0.359
0.359
0.358
0.358
0.358
0.358
0.359
0.359
0.359
0.359
0.359
0.359
0.359
0.358
0.358
0.358
0.358
0.358
0.358
0.359
0.359
0.358
0.358
0.359
0.358
0.358
0.358
0.358
0.358
0.358
0.358
0.359
0.359
0.358
0.359
0.359
0.359
0.359
0.358
0.358
0.358
0.358
0.358
0.358
0.358
0.358
0.358
0.358
0.358
0.358
0.358
0.358
0.358
0.358
0.358
0.358
0.358
0.359
0.359
0.359
0.359
0.359
0.359
0.359
0.359
0.359
0.359
0.359
0.359
0.359
0.359
0.359
0.359
0.358
0.358
0.359
0.359
0.359
0.359
0.359
0.359
0.359
0.358
0.358
0.359
0.359
0.359
0.359
0.359
0.359
0.359
0.358
0.358
0.358
0.359
0.359
0.359
0.359
0.359
0.359
0.359
0.359
0.359
0.359
0.359
0.359
0.359
0.359
0.359
0.359
0.359
0.359
0.359
0.359
0.359
0.359
0.359
0.359
0.359
0.358
0.358
0.358
0.358
0.358
0.358
0.358
0.358
0.358
0.358
0.358
0.358