Precisão média por imagem
0.150
0.162
0.583
0.550
0.508
0.504
0.512
0.518
0.517
0.521
0.522
0.525
0.525
0.526
0.539
0.537
0.535
0.518
0.517
0.521
0.531
0.527
0.536
0.538
0.541
0.543
0.541
0.542
0.544
0.540
0.537
0.543
0.544
0.546
0.547
0.551
0.552
0.552
0.556
0.555
0.555
0.558
0.562
0.555
0.554
0.547
0.546
0.541
0.545
0.547
0.550
0.548
0.545
0.544
0.543
0.540
0.540
0.540
0.542
0.542
0.544
0.543
0.545
0.547
0.549
0.551
0.550
0.548
0.547
0.546
0.545
0.544
0.541
0.538
0.538
0.538
0.538
0.537
0.536
0.535
0.533
0.530
0.528
0.528
0.527
0.526
0.526
0.525
0.524
0.523
0.522
0.523
0.523
0.523
0.523
0.525
0.526
0.527
0.528
0.528
0.526
0.524
0.525
0.525
0.527
0.525
0.526
0.527
0.528
0.528
0.530
0.529
0.529
0.527
0.526
0.525
0.527
0.528
0.526
0.526
0.526
0.526
0.525
0.523
0.523
0.522
0.521
0.522
0.523
0.522
0.522
0.523
0.525
0.523
0.523
0.523
0.521
0.521
0.522
0.523
0.524
0.525
0.524
0.524
0.525
0.524
0.524
0.523
0.524
0.525
0.525
0.524
0.523
0.522
0.522
0.523
0.523
0.524
0.524
0.524
0.523
0.523
0.523
0.522
0.523
0.524
0.525
0.526
0.525
0.525
0.525
0.525
0.525
0.524
0.523
0.522
0.521
0.520
0.520
0.520
0.519
0.519
0.520
0.521
0.522
0.523
0.522
0.522
0.521
0.522
0.521
0.521
0.521
0.522
0.521
0.522
0.520
0.520
0.520
0.520
0.519
0.519
0.520
0.519
0.518
0.519
0.519
0.519
0.519
0.520
0.519
0.519
0.518
0.518
0.517
0.516
0.515
0.514
0.515
0.516
0.515
0.515
0.515
0.515
0.515
0.516
0.516
0.515
0.515
0.515
0.515
0.515
0.516
0.515
0.516
0.517
0.518
0.518
0.518
0.517
0.517
0.517
0.517
0.516
0.516
0.516
0.516
0.516
0.516
0.515
0.515
0.516
0.516
0.516
0.516
0.516
0.517
0.517
0.518
0.518
0.519
0.519
0.519
0.519
0.518
0.519
0.518
0.518
0.518
0.518
0.517
0.517
0.517
0.516
0.516
0.516
0.515
0.515
0.514
0.514
0.513
0.513
0.512
0.512
0.512
0.512
0.513
0.512
0.512
0.513
0.513
0.514
0.512
0.512
0.513
0.512
0.512
0.512
0.512
0.512
0.512
0.512
0.513
0.513
0.513
0.512
0.512
0.512
0.513
0.513
0.512
0.511
0.510
0.510
0.509
0.508
0.508
0.507
0.508
0.508
0.508
0.509
0.509
0.509
0.510
0.510
0.510
0.510
0.509
0.509
0.509
0.509
0.509
0.509
0.510
0.509
0.509
0.508
0.508
0.508
0.507
0.508
0.508
0.508
0.507
0.507
0.507
0.507
0.507
0.506
0.506
0.506
0.506
0.506
0.505
0.505
0.505
0.505
0.505
0.505
0.504
0.504
0.505
0.504
0.505
0.505
0.505
0.505
0.505
0.505
0.506
0.506
0.507
0.507
0.507
0.508
0.508
0.508
0.508
0.509
0.509
0.509
0.509
0.509
0.508
0.508
0.508
0.508
0.508
0.507
0.507
0.507
0.507
0.508
0.508
0.508
0.508
0.508
0.508
0.508
0.507
0.507
0.508
0.508
0.508
0.507
0.508
0.507
0.507
0.507
0.507
0.507
0.506
0.506
0.506
0.505
0.505
0.505
0.505
0.506
0.506
0.506
0.507
0.507
0.507
0.507
0.507
0.507
0.507
0.507
0.508
0.508
0.508
0.508
0.509
0.509
0.510
0.510
0.510
0.510
0.510
0.510
0.510
0.510
0.510
0.510
0.510
0.510
0.510
0.510
0.510
0.509
0.509
0.509
0.508
0.508
0.508
0.508
0.508
0.508
0.507
0.507
0.507
0.508
0.507
0.508
0.508
0.508
0.508
0.508
0.508
0.507
0.507
0.507
0.507
0.508
0.507
0.507
0.507
0.507
0.507
0.507
0.507
0.507
0.508
0.507
0.507
0.507
0.508
0.508
0.508
0.508
0.508
0.508
0.508
0.508
0.508
0.508
0.508
0.508
0.508
0.508
0.508
0.508
0.508
0.508
0.507
0.507
0.507
0.506
0.506
0.507
0.507
0.506
0.506
0.506
0.507
0.506
0.506
0.507
0.507
0.507
0.507
0.508
0.507
0.508
0.507
0.507
0.507
0.507
0.507
0.506
0.506
0.506
0.506
0.506
0.506
0.506
0.506
0.506
0.506
0.506
0.506
0.506
0.506
0.506
0.506
0.505
0.505
0.504
0.504
0.504
0.504
0.505
0.504
0.504
0.504
0.504
0.504
0.504
0.504
0.504
0.504
0.504
0.503
0.503
0.502
0.502
0.502
0.502
0.502
0.503
0.503
0.503
0.503
0.503
0.503
0.503
0.503
0.503
0.503
0.503
0.503
0.503
0.503
0.504
0.504
0.504
0.504
0.504
0.503
0.504
0.504
0.504
0.504
0.504
0.504
0.504
0.504
0.504
0.504
0.504
0.504
0.504
0.504
0.504
0.503
0.503
0.504
0.503
0.504
0.504
0.504
0.504
0.505
0.504
0.504
0.504
0.504
0.503
0.503
0.504
0.503
0.503
0.503
0.503
0.503
0.503
0.503
0.503
0.503
0.503
0.503
0.502
0.503
0.502
0.502
0.502
0.502
0.502
0.502
0.503
0.503
0.502
0.503
0.503
0.503
0.503
0.503
0.503
0.503
0.502
0.502
0.503
0.503
0.503
0.503
0.503
0.503
0.503
0.502
0.502
0.503
0.503
0.503
0.503
0.502
0.502
0.502
0.502
0.502
0.502
0.503
0.503
0.503
0.503
0.503
0.503
0.503
0.503
0.503
0.503
0.503
0.503
0.503
0.503
0.503
0.503
0.504
0.504
0.504
0.504
0.504
0.504
0.504
0.504
0.504
0.504
0.504
0.503
0.503
0.503
0.503
0.503
0.503
0.503
0.503
0.503
0.503
0.503
0.503
0.503
0.503
0.503
0.503
0.503
0.503
0.503
0.503
0.503
0.503
0.503
0.503
0.503
0.503
0.502
0.502
0.502
0.502
0.502
0.502
0.502
0.502
0.502
0.503
0.503
0.502
0.503
0.503
0.503
0.503
0.503
0.503
0.503
0.503
0.503
0.503
0.503
0.502
0.502
0.502
0.502
0.502
0.502
0.502
0.502
0.502
0.501
0.501
0.501
0.502
0.502
0.502
0.502
0.502
0.502
0.503
0.503
0.503
0.503
0.503
0.503
0.503
0.503
0.503
0.503
0.503
0.503
0.503
0.503
0.503
0.503
0.503
0.503
0.502
0.503
0.503
0.503
0.503
0.502
0.502
0.502
0.502
0.502
0.502
0.502
0.502
0.502
0.502
0.502
0.502
0.502
0.502
0.502
0.502
0.501
0.502
0.501
0.501
0.501
0.502
0.502
0.502
0.502
0.502
0.502
0.501
0.502
0.502
0.502
0.502
0.502
0.502
0.502
0.502
0.502
0.502
0.503
0.503
0.502
0.503
0.503
0.502
0.502
0.502
0.502
0.502
0.502
0.502
0.502
0.503
0.503
0.503
0.503
0.503
0.503
0.503
0.503
0.503
0.503
0.503
0.503
0.503
0.503
0.503
0.503
0.502
0.502
0.502
0.502
0.502
0.502
0.502
0.502
0.502
0.501
0.501
0.501
0.501
0.502
0.502
0.502
0.502
0.501
0.501
0.501
0.501
0.502
0.501
0.501
0.501
0.501
0.501
0.501
0.501
0.501
0.501
0.501
0.501
0.501
0.501
0.501
0.501
0.501
0.501
0.501
0.501
0.501
0.501
0.501
0.501
0.501
0.501
0.501
0.502
0.502
0.502
0.502
0.502
0.502
0.503
0.503
0.503
0.502
0.503
0.503
0.503
0.503
0.503
0.503
0.503
0.503
0.504
0.504
0.504
0.503
0.504
0.504
0.504
0.504
0.504
0.503
0.503
0.504
0.504
0.503
0.503
0.503
0.503
0.503
0.503
0.503
0.503
0.503
0.503
0.503
0.503
0.503
0.503
0.503
0.504
0.504
0.504
0.504
0.504
0.504
0.504
0.504
0.504
0.504
0.504
0.504
0.504
0.504
0.504
0.504
0.504
0.504
0.504
0.504
0.504
0.504
0.504
0.504
0.503
0.503
0.503
0.503
0.503
0.503
0.503
0.503
0.503
0.503
0.503
0.503
0.503
0.503
0.503
0.503
0.503
0.503
0.503
0.503
0.503
0.503
0.503
0.503
0.503
0.503
0.502
0.502
0.502
0.502
0.502
0.502
0.502
0.502
0.502
0.502
0.502
0.502
0.502
0.502
0.501
0.501
0.501
0.501
0.501
0.501
0.501
0.501
0.502
0.502
0.502
0.502
0.502
0.502
0.502
0.502
0.502
0.502
0.502
0.502
0.502
0.502
0.502
0.502
0.503
0.503
0.503
0.503
0.503
0.504
0.504
0.504
0.504
0.505
0.504
0.504
0.504
0.504
0.504
0.505
0.505
0.505
0.505
0.505
0.505
0.505
0.505
0.504
0.504
0.504
0.504
0.504
0.504
0.504
0.504
0.504
0.504
0.504
0.504
0.504
0.504
0.504
0.504
0.504
0.504
0.504
0.504
0.504
0.504
0.504
0.504
0.504
0.504
0.504
0.504
0.504
0.504
0.504
0.504
0.503
0.503
0.503
0.503
0.503
0.503
0.503
0.502
0.502
0.502
0.502
0.502
0.502
0.502
0.502
0.502
0.502
0.502
0.502
0.502
0.502
0.502
0.502
0.502
0.502
0.502
0.502
0.502
0.502
0.502
0.502
0.502
0.502
0.502
0.502
0.503
0.503
0.503
0.503
0.503
0.503
0.503
0.503
0.503
0.503
0.503
0.503
0.503
0.504
0.504
0.504
0.504
0.504
0.503
0.503
0.503
0.504
0.504
0.504
0.504
0.504
0.504
0.504
0.504
0.504
0.504
0.504
0.504
0.504
0.504
0.504
0.504
0.504
0.504
0.504
0.504
0.504
0.504
0.504
0.503
0.503
0.504
0.504
0.504
0.504
0.504
0.504
0.504
0.504
0.504
0.504
0.504
0.504
0.504
0.504
0.504
0.504
0.504
0.505
0.505
0.504
0.504
0.504
0.504
0.504
0.504
0.504
0.504
0.504
0.504
0.504
0.504
0.504
0.504
0.504
0.504
0.504
0.504
0.503
0.503
0.503
0.503
0.503
0.503
0.502
0.503
0.503
0.503
0.503
0.502
0.503
0.503
0.503
0.503
0.503
0.503
0.503
0.503
0.503
0.503
0.503
0.503
0.504
0.504
0.504
0.503
0.503
0.503
0.503
0.503
0.503
0.503
0.503
0.503
0.503
0.503
0.503
0.504
0.504
0.504
0.504
0.504
0.504
0.504
0.505
0.505
0.505
0.504
0.504
0.504
0.505
0.504
0.505
0.505
0.504
0.504
0.504
0.504
0.504
0.504
0.504
0.504
0.504
0.504
0.504
0.504
0.505
0.505
0.505
0.505
0.504
0.504
0.504
0.504
0.504
0.504
0.504
0.504
0.504
0.504
0.504
0.504
0.504
0.504
0.504
0.504
0.504
0.504
0.504
0.504
0.504
0.504
0.504
0.504
0.505
0.504
0.504
0.504
0.505
0.504
0.505
0.505
0.505
0.505
0.505
0.505
0.505
0.505
0.505
0.505
0.505
0.505
0.505
0.505
0.505
0.505
0.505
0.505
0.505
0.505
0.505
0.506
0.505
0.505
0.506
0.506
0.506
0.506
0.506
0.506
0.506
0.506
0.506
0.506
0.506
0.506
0.506
0.506
0.506
0.506
0.506
0.506
0.506
0.506
0.506
0.506
0.506
0.506
0.506
0.506
0.506
0.506
0.506
0.506
0.506
0.506
0.506
0.506
0.506
0.506
0.506
0.506
0.506
0.507
0.507
0.507
0.507
0.507
0.507
0.507
0.507
0.507
0.507
0.507
0.507
0.507
0.506
0.506
0.506
0.506
0.506
0.506
0.506
0.506
0.506
0.506
0.505
0.505
0.505
0.505
0.505
0.505
0.505
0.505
0.505
0.505
0.506
0.506
0.506
0.506
0.506
0.506
0.506
0.506
0.506
0.506
0.507
0.507
0.507
0.507
0.507
0.507
0.507
0.507
0.507
0.507
0.507
0.507
0.507
0.507
0.507
0.506
0.507
0.507
0.507
0.506
0.506
0.506
0.506
0.506
0.506
0.506
0.506
0.506
0.506
0.506
0.506
0.506
0.506
0.506
0.506
0.506
0.506
0.506
0.506
0.506
0.506
0.506
0.505
0.505
0.505
0.505
0.505
0.505
0.505
0.505
0.505
0.505
0.505
0.505
0.505
0.505
0.505
0.505
0.505
0.505
0.505
0.505
0.505
0.505
0.505
0.505
0.505
0.505
0.505
0.505
0.505
0.505
0.504
0.504
0.504
0.504
0.504
0.504
0.504
0.504
0.504
0.504
0.504
0.504
0.504
0.504
0.504
0.504
0.504
0.504
0.504
0.504
0.504
0.504
0.504
0.504
0.504
0.504
0.504
0.504
0.504
0.504
0.503
0.503
0.503
0.503
0.503
0.503
0.503
0.503
0.503
0.503
0.503
0.503
0.503
0.503
0.503
0.503
0.503
0.503
0.503
0.503
0.503
0.503
0.503
0.503
0.503