Precisão média por imagem
0.170
0.161
0.486
0.506
0.469
0.441
0.429
0.438
0.449
0.453
0.464
0.462
0.458
0.468
0.459
0.449
0.455
0.456
0.448
0.435
0.426
0.419
0.434
0.448
0.459
0.466
0.475
0.481
0.485
0.481
0.477
0.483
0.486
0.491
0.496
0.500
0.501
0.510
0.512
0.512
0.516
0.521
0.519
0.512
0.508
0.506
0.502
0.499
0.500
0.505
0.509
0.514
0.512
0.512
0.510
0.509
0.508
0.506
0.505
0.504
0.501
0.500
0.503
0.505
0.506
0.507
0.509
0.510
0.509
0.507
0.506
0.506
0.506
0.506
0.508
0.512
0.514
0.513
0.512
0.512
0.512
0.512
0.513
0.510
0.508
0.506
0.504
0.502
0.500
0.499
0.499
0.502
0.503
0.502
0.499
0.499
0.499
0.498
0.499
0.498
0.497
0.496
0.494
0.492
0.491
0.490
0.489
0.489
0.489
0.489
0.488
0.486
0.484
0.484
0.482
0.481
0.479
0.477
0.478
0.480
0.481
0.483
0.483
0.483
0.482
0.481
0.481
0.482
0.482
0.482
0.483
0.484
0.484
0.485
0.486
0.487
0.489
0.491
0.493
0.495
0.497
0.498
0.498
0.497
0.499
0.500
0.501
0.501
0.502
0.503
0.502
0.502
0.502
0.502
0.502
0.503
0.503
0.504
0.504
0.506
0.507
0.507
0.507
0.508
0.509
0.509
0.510
0.510
0.510
0.511
0.512
0.513
0.514
0.513
0.512
0.513
0.514
0.515
0.515
0.515
0.515
0.515
0.515
0.516
0.518
0.519
0.518
0.518
0.518
0.519
0.519
0.520
0.520
0.520
0.521
0.521
0.520
0.520
0.520
0.520
0.520
0.520
0.521
0.521
0.521
0.521
0.522
0.522
0.522
0.522
0.522
0.523
0.524
0.525
0.526
0.527
0.526
0.526
0.527
0.527
0.526
0.526
0.526
0.527
0.527
0.528
0.527
0.527
0.527
0.528
0.528
0.529
0.529
0.529
0.530
0.531
0.531
0.532
0.531
0.531
0.531
0.531
0.531
0.530
0.530
0.529
0.530
0.531
0.531
0.531
0.531
0.531
0.532
0.532
0.532
0.531
0.531
0.531
0.531
0.532
0.532
0.531
0.531
0.530
0.529
0.528
0.528
0.528
0.527
0.527
0.526
0.525
0.526
0.526
0.526
0.526
0.525
0.526
0.526
0.526
0.527
0.527
0.527
0.526
0.526
0.527
0.527
0.527
0.528
0.528
0.528
0.528
0.527
0.527
0.527
0.527
0.526
0.525
0.525
0.524
0.524
0.524
0.524
0.524
0.524
0.524
0.524
0.524
0.524
0.525
0.524
0.523
0.523
0.522
0.522
0.521
0.521
0.520
0.520
0.521
0.521
0.521
0.521
0.521
0.522
0.522
0.522
0.522
0.522
0.521
0.521
0.521
0.521
0.522
0.523
0.522
0.522
0.522
0.521
0.521
0.520
0.520
0.520
0.520
0.520
0.519
0.519
0.519
0.519
0.519
0.520
0.520
0.520
0.520
0.519
0.519
0.518
0.517
0.517
0.517
0.516
0.516
0.517
0.516
0.516
0.517
0.517
0.517
0.517
0.517
0.517
0.517
0.517
0.517
0.517
0.516
0.516
0.517
0.517
0.517
0.518
0.517
0.517
0.517
0.516
0.516
0.516
0.515
0.515
0.514
0.514
0.514
0.513
0.513
0.513
0.513
0.513
0.513
0.513
0.512
0.512
0.512
0.512
0.511
0.511
0.510
0.510
0.511
0.511
0.512
0.512
0.512
0.512
0.512
0.511
0.511
0.511
0.511
0.511
0.511
0.510
0.510
0.510
0.510
0.510
0.510
0.510
0.510
0.510
0.511
0.511
0.511
0.512
0.512
0.512
0.512
0.512
0.512
0.512
0.512
0.512
0.512
0.511
0.511
0.511
0.510
0.510
0.510
0.510
0.510
0.510
0.510
0.510
0.510
0.510
0.510
0.510
0.510
0.510
0.510
0.510
0.509
0.510
0.510
0.509
0.510
0.510
0.510
0.510
0.510
0.511
0.510
0.510
0.510
0.511
0.511
0.510
0.510
0.510
0.510
0.510
0.510
0.510
0.510
0.510
0.511
0.510
0.510
0.511
0.511
0.511
0.511
0.512
0.512
0.512
0.512
0.512
0.512
0.512
0.512
0.512
0.512
0.512
0.512
0.513
0.512
0.512
0.512
0.512
0.511
0.511
0.511
0.512
0.512
0.512
0.511
0.511
0.511
0.511
0.512
0.512
0.512
0.512
0.512
0.512
0.512
0.512
0.513
0.512
0.512
0.512
0.512
0.512
0.512
0.512
0.512
0.512
0.512
0.512
0.512
0.512
0.512
0.512
0.512
0.512
0.511
0.511
0.510
0.510
0.510
0.510
0.510
0.509
0.510
0.510
0.509
0.510
0.509
0.509
0.509
0.509
0.510
0.510
0.510
0.509
0.509
0.509
0.508
0.509
0.509
0.509
0.510
0.509
0.509
0.509
0.509
0.509
0.509
0.510
0.510
0.510
0.510
0.510
0.510
0.511
0.511
0.511
0.511
0.511
0.510
0.510
0.510
0.510
0.510
0.510
0.510
0.511
0.511
0.511
0.512
0.512
0.512
0.512
0.512
0.511
0.511
0.511
0.511
0.511
0.511
0.511
0.512
0.512
0.512
0.512
0.512
0.511
0.511
0.511
0.511
0.511
0.510
0.510
0.510
0.510
0.510
0.509
0.509
0.509
0.509
0.509
0.509
0.509
0.509
0.509
0.509
0.509
0.509
0.509
0.509
0.508
0.509
0.509
0.509
0.509
0.509
0.508
0.508
0.508
0.508
0.508
0.508
0.508
0.508
0.508
0.508
0.509
0.508
0.508
0.508
0.508
0.508
0.509
0.509
0.509
0.509
0.508
0.508
0.509
0.509
0.509
0.509
0.509
0.510
0.510
0.510
0.510
0.510
0.510
0.510
0.509
0.509
0.509
0.509
0.509
0.509
0.509
0.509
0.509
0.510
0.510
0.510
0.510
0.510
0.510
0.510
0.510
0.510
0.510
0.510
0.510
0.510
0.510
0.511
0.511
0.511
0.511
0.511
0.511
0.511
0.511
0.511
0.511
0.512
0.512
0.512
0.512
0.512
0.512
0.512
0.512
0.512
0.512
0.512
0.512
0.512
0.511
0.511
0.511
0.511
0.512
0.512
0.512
0.512
0.513
0.513
0.512
0.513
0.513
0.512
0.513
0.512
0.512
0.513
0.513
0.513
0.512
0.512
0.512
0.512
0.512
0.513
0.513
0.513
0.513
0.513
0.513
0.513
0.513
0.514
0.514
0.514
0.514
0.514
0.514
0.514
0.514
0.514
0.514
0.514
0.515
0.514
0.514
0.514
0.514
0.514
0.514
0.514
0.513
0.513
0.513
0.514
0.514
0.514
0.514
0.514
0.513
0.514
0.514
0.514
0.514
0.514
0.514
0.513
0.513
0.513
0.513
0.513
0.513
0.513
0.513
0.513
0.513
0.513
0.513
0.513
0.513
0.513
0.513
0.513
0.514
0.514
0.514
0.514
0.514
0.514
0.514
0.515
0.515
0.515
0.515
0.515
0.515
0.515
0.515
0.515
0.515
0.516
0.516
0.516
0.516
0.517
0.517
0.517
0.516
0.517
0.517
0.516
0.516
0.516
0.516
0.516
0.516
0.516
0.516
0.516
0.516
0.516
0.516
0.516
0.516
0.516
0.516
0.516
0.515
0.515
0.515
0.515
0.515
0.515
0.514
0.514
0.514
0.514
0.514
0.513
0.513
0.513
0.513
0.513
0.513
0.513
0.512
0.513
0.513
0.512
0.513
0.513
0.513
0.513
0.513
0.513
0.513
0.513
0.513
0.513
0.514
0.514
0.514
0.514
0.514
0.514
0.514
0.514
0.514
0.514
0.514
0.514
0.514
0.514
0.514
0.514
0.514
0.514
0.514
0.514
0.514
0.514
0.515
0.515
0.515
0.515
0.515
0.515
0.515
0.515
0.515
0.514
0.514
0.514
0.514
0.514
0.515
0.515
0.515
0.515
0.515
0.515
0.515
0.515
0.515
0.515
0.515
0.515
0.515
0.515
0.515
0.515
0.514
0.514
0.514
0.515
0.515
0.515
0.515
0.515
0.515
0.515
0.515
0.516
0.516
0.516
0.516
0.516
0.516
0.516
0.516
0.516
0.516
0.516
0.516
0.516
0.516
0.516
0.516
0.516
0.516
0.516
0.516
0.516
0.516
0.516
0.516
0.516
0.516
0.515
0.515
0.515
0.515
0.515
0.515
0.515
0.515
0.515
0.515
0.515
0.515
0.515
0.515
0.515
0.515
0.515
0.515
0.515
0.514
0.514
0.514
0.514
0.514
0.514
0.514
0.515
0.514
0.514
0.514
0.514
0.514
0.514
0.514
0.514
0.514
0.514
0.513
0.513
0.513
0.513
0.513
0.513
0.513
0.513
0.513
0.513
0.513
0.513
0.513
0.513
0.514
0.514
0.514
0.514
0.514
0.513
0.513
0.513
0.513
0.513
0.513
0.513
0.513
0.513
0.513
0.513
0.513
0.512
0.512
0.512
0.512
0.512
0.511
0.511
0.511
0.511
0.512
0.512
0.512
0.512
0.512
0.512
0.512
0.512
0.512
0.512
0.512
0.512
0.512
0.512
0.512
0.512
0.512
0.512
0.512
0.512
0.512
0.513
0.513
0.513
0.513
0.513
0.513
0.513
0.513
0.513
0.513
0.513
0.513
0.513
0.513
0.513
0.513
0.513
0.513
0.513
0.513
0.513
0.512
0.512
0.512
0.512
0.512
0.512
0.511
0.511
0.511
0.511
0.511
0.511
0.511
0.511
0.511
0.512
0.512
0.512
0.512
0.512
0.512
0.512
0.512
0.512
0.511
0.511
0.511
0.512
0.512
0.512
0.512
0.512
0.512
0.512
0.512
0.512
0.512
0.512
0.512
0.512
0.512
0.512
0.512
0.512
0.512
0.512
0.512
0.512
0.512
0.512
0.512
0.512
0.511
0.511
0.511
0.511
0.511
0.510
0.510
0.511
0.511
0.511
0.511
0.511
0.511
0.511
0.511
0.511
0.511
0.510
0.510
0.510
0.510
0.510
0.510
0.510
0.510
0.510
0.510
0.510
0.510
0.510
0.509
0.509
0.509
0.509
0.509
0.509
0.509
0.509
0.509
0.510
0.510
0.510
0.510
0.510
0.510
0.510
0.510
0.510
0.510
0.510
0.510
0.510
0.510
0.510
0.510
0.510
0.510
0.510
0.510
0.510
0.510
0.510
0.510
0.510
0.510
0.510
0.510
0.510
0.510
0.510
0.510
0.510
0.510
0.510
0.510
0.510
0.510
0.510
0.510
0.510
0.510
0.510
0.511
0.511
0.511
0.511
0.511
0.511
0.511
0.511
0.511
0.511
0.511
0.511
0.511
0.511
0.511
0.511
0.511
0.511
0.511
0.512
0.512
0.512
0.512
0.512
0.512
0.512
0.512
0.512
0.512
0.512
0.512
0.512
0.512
0.512
0.512
0.512
0.511
0.511
0.511
0.511
0.511
0.511
0.511
0.511
0.511
0.511
0.511
0.511
0.511
0.511
0.511
0.511
0.511
0.511
0.511
0.511
0.511
0.511
0.511
0.511
0.511
0.511
0.511
0.511
0.511
0.511
0.511
0.511
0.511
0.511
0.511
0.511
0.511
0.511
0.511
0.511
0.511
0.511
0.511
0.511
0.511
0.511
0.512
0.512
0.512
0.512
0.512
0.512
0.512
0.512
0.512
0.512
0.512
0.512
0.512
0.512
0.512
0.513
0.513
0.513
0.513
0.513
0.513
0.513
0.513
0.513
0.513
0.513
0.513
0.513
0.513
0.513
0.513
0.513
0.513
0.513
0.513
0.513
0.513
0.513
0.513
0.513
0.514
0.513
0.513
0.513
0.513
0.513
0.513
0.513
0.513
0.513
0.513
0.513
0.513
0.513
0.513
0.513
0.513
0.513
0.513
0.513
0.513
0.513
0.513
0.513
0.513
0.513
0.513
0.514
0.514
0.514
0.514
0.514
0.514
0.514
0.514
0.514
0.514
0.514
0.514
0.513
0.513
0.513
0.513
0.513
0.513
0.512
0.512
0.512
0.512
0.512
0.512
0.512
0.511
0.512
0.512
0.511
0.511
0.511
0.511
0.511
0.511
0.511
0.511
0.511
0.511
0.511
0.510
0.510
0.510
0.510
0.510
0.510
0.510
0.510
0.510
0.510
0.510
0.510
0.510
0.510
0.510
0.510
0.510
0.510
0.510
0.510
0.510
0.510
0.510
0.510
0.509
0.509
0.509
0.509
0.509
0.509
0.509
0.509
0.509
0.508
0.508
0.508
0.508
0.508
0.508
0.508
0.508
0.508
0.508
0.508
0.508
0.508
0.508
0.508
0.508
0.508
0.508
0.508
0.508
0.508
0.508
0.508
0.508
0.508
0.508
0.508
0.508
0.508
0.508
0.508
0.508
0.508
0.508
0.508
0.508
0.508
0.508
0.508
0.508
0.508
0.508
0.508
0.508
0.507
0.507
0.507
0.507
0.507
0.507
0.507
0.507
0.507
0.507
0.507
0.507
0.507
0.507
0.507
0.507
0.507
0.507
0.507
0.507
0.507
0.507
0.507
0.507
0.507
0.507
0.507
0.507
0.507
0.507
0.507
0.507
0.507
0.507
0.507
0.507
0.507
0.507
0.507
0.507
0.507
0.507
0.507
0.507
0.506
0.506
0.506
0.506
0.506
0.506
0.506
0.506
0.506