Precisão média por imagem
0.160
0.153
0.407
0.463
0.424
0.399
0.389
0.388
0.379
0.375
0.373
0.369
0.369
0.367
0.365
0.364
0.362
0.361
0.359
0.358
0.357
0.355
0.362
0.371
0.381
0.384
0.391
0.395
0.399
0.396
0.394
0.398
0.400
0.404
0.409
0.413
0.417
0.418
0.422
0.423
0.424
0.426
0.424
0.422
0.421
0.420
0.418
0.416
0.418
0.421
0.423
0.426
0.428
0.428
0.430
0.431
0.432
0.433
0.432
0.430
0.429
0.428
0.429
0.430
0.432
0.433
0.435
0.435
0.434
0.433
0.432
0.431
0.432
0.433
0.434
0.435
0.436
0.435
0.435
0.436
0.437
0.437
0.439
0.438
0.437
0.436
0.435
0.434
0.433
0.432
0.431
0.432
0.432
0.432
0.431
0.430
0.430
0.429
0.428
0.427
0.427
0.425
0.424
0.423
0.423
0.422
0.422
0.421
0.420
0.419
0.419
0.418
0.418
0.417
0.417
0.416
0.415
0.414
0.414
0.415
0.416
0.417
0.418
0.419
0.419
0.418
0.417
0.418
0.418
0.419
0.420
0.421
0.421
0.422
0.423
0.424
0.425
0.426
0.426
0.427
0.427
0.428
0.427
0.427
0.427
0.428
0.429
0.428
0.429
0.430
0.429
0.429
0.429
0.430
0.431
0.431
0.432
0.432
0.433
0.434
0.434
0.435
0.435
0.436
0.436
0.436
0.437
0.437
0.438
0.438
0.439
0.440
0.440
0.439
0.439
0.439
0.440
0.441
0.440
0.440
0.439
0.439
0.439
0.440
0.440
0.441
0.440
0.440
0.440
0.441
0.442
0.442
0.442
0.443
0.443
0.444
0.443
0.443
0.443
0.443
0.443
0.444
0.444
0.445
0.446
0.446
0.447
0.447
0.447
0.448
0.448
0.449
0.449
0.450
0.450
0.450
0.450
0.450
0.451
0.451
0.451
0.451
0.451
0.452
0.452
0.453
0.453
0.453
0.453
0.454
0.454
0.454
0.454
0.455
0.455
0.455
0.455
0.455
0.455
0.455
0.455
0.455
0.455
0.454
0.454
0.454
0.454
0.454
0.455
0.455
0.455
0.455
0.455
0.455
0.456
0.456
0.456
0.457
0.457
0.457
0.456
0.456
0.456
0.455
0.455
0.454
0.454
0.454
0.454
0.453
0.453
0.452
0.453
0.453
0.453
0.453
0.453
0.453
0.453
0.453
0.453
0.453
0.453
0.453
0.453
0.453
0.454
0.454
0.454
0.454
0.455
0.455
0.455
0.454
0.455
0.455
0.454
0.454
0.454
0.453
0.453
0.453
0.453
0.453
0.453
0.453
0.453
0.453
0.453
0.453
0.453
0.453
0.452
0.452
0.452
0.451
0.451
0.451
0.450
0.450
0.450
0.449
0.449
0.449
0.448
0.448
0.448
0.448
0.448
0.448
0.447
0.448
0.448
0.448
0.448
0.448
0.447
0.447
0.447
0.447
0.446
0.446
0.446
0.446
0.446
0.446
0.445
0.445
0.445
0.445
0.444
0.444
0.444
0.444
0.443
0.443
0.443
0.443
0.442
0.442
0.442
0.442
0.442
0.443
0.443
0.443
0.443
0.443
0.444
0.444
0.444
0.443
0.443
0.443
0.443
0.442
0.442
0.442
0.442
0.442
0.442
0.442
0.441
0.441
0.441
0.441
0.441
0.440
0.440
0.440
0.440
0.439
0.439
0.439
0.439
0.439
0.439
0.439
0.439
0.438
0.438
0.438
0.438
0.438
0.437
0.437
0.437
0.437
0.437
0.438
0.438
0.437
0.437
0.437
0.437
0.437
0.436
0.436
0.437
0.437
0.437
0.437
0.437
0.437
0.437
0.438
0.438
0.438
0.438
0.439
0.439
0.439
0.439
0.438
0.438
0.438
0.438
0.438
0.438
0.439
0.439
0.438
0.438
0.438
0.438
0.437
0.437
0.437
0.437
0.437
0.437
0.438
0.438
0.438
0.438
0.438
0.438
0.438
0.438
0.438
0.438
0.438
0.438
0.438
0.438
0.438
0.438
0.438
0.438
0.438
0.438
0.438
0.438
0.438
0.438
0.438
0.438
0.438
0.438
0.438
0.438
0.438
0.438
0.439
0.439
0.439
0.439
0.439
0.439
0.439
0.439
0.439
0.439
0.439
0.439
0.439
0.439
0.439
0.439
0.439
0.439
0.439
0.439
0.439
0.439
0.439
0.439
0.439
0.439
0.438
0.438
0.438
0.438
0.438
0.439
0.438
0.438
0.438
0.439
0.439
0.439
0.439
0.439
0.439
0.439
0.439
0.439
0.439
0.439
0.439
0.439
0.439
0.439
0.439
0.439
0.439
0.439
0.439
0.439
0.439
0.439
0.439
0.439
0.439
0.439
0.439
0.438
0.438
0.438
0.438
0.438
0.438
0.438
0.438
0.438
0.438
0.438
0.438
0.438
0.438
0.438
0.438
0.439
0.439
0.439
0.439
0.438
0.438
0.438
0.438
0.439
0.439
0.439
0.439
0.439
0.439
0.439
0.439
0.440
0.440
0.439
0.440
0.440
0.440
0.440
0.440
0.440
0.440
0.440
0.440
0.440
0.440
0.440
0.439
0.439
0.439
0.439
0.439
0.440
0.440
0.440
0.440
0.440
0.440
0.440
0.439
0.439
0.439
0.440
0.440
0.440
0.440
0.440
0.440
0.440
0.440
0.440
0.440
0.440
0.440
0.440
0.439
0.439
0.439
0.439
0.439
0.439
0.438
0.438
0.438
0.438
0.438
0.438
0.438
0.439
0.439
0.439
0.439
0.439
0.438
0.438
0.438
0.439
0.439
0.439
0.439
0.439
0.439
0.438
0.438
0.438
0.438
0.438
0.438
0.439
0.439
0.439
0.439
0.439
0.439
0.439
0.439
0.439
0.439
0.439
0.439
0.439
0.439
0.439
0.439
0.439
0.439
0.440
0.440
0.440
0.440
0.440
0.440
0.440
0.440
0.440
0.440
0.440
0.439
0.440
0.440
0.440
0.440
0.440
0.440
0.440
0.441
0.441
0.441
0.441
0.441
0.441
0.441
0.442
0.441
0.441
0.441
0.441
0.442
0.441
0.441
0.441
0.441
0.441
0.441
0.441
0.441
0.442
0.442
0.442
0.442
0.442
0.442
0.442
0.442
0.442
0.442
0.442
0.442
0.442
0.441
0.441
0.441
0.441
0.441
0.441
0.441
0.441
0.441
0.441
0.441
0.441
0.441
0.441
0.441
0.441
0.441
0.441
0.441
0.441
0.441
0.441
0.441
0.441
0.441
0.441
0.441
0.441
0.441
0.442
0.442
0.442
0.441
0.442
0.442
0.442
0.442
0.442
0.442
0.442
0.442
0.442
0.442
0.442
0.443
0.443
0.443
0.443
0.442
0.442
0.442
0.442
0.442
0.442
0.442
0.442
0.442
0.442
0.442
0.442
0.442
0.442
0.442
0.442
0.442
0.442
0.442
0.442
0.442
0.442
0.442
0.442
0.441
0.441
0.441
0.441
0.441
0.441
0.441
0.442
0.442
0.442
0.442
0.442
0.442
0.442
0.442
0.442
0.442
0.442
0.442
0.443
0.443
0.443
0.443
0.443
0.442
0.443
0.443
0.443
0.443
0.443
0.443
0.443
0.443
0.443
0.443
0.443
0.443
0.443
0.443
0.443
0.443
0.443
0.443
0.443
0.443
0.443
0.443
0.443
0.443
0.443
0.443
0.443
0.443
0.442
0.443
0.443
0.443
0.442
0.442
0.442
0.442
0.442
0.442
0.442
0.442
0.441
0.441
0.441
0.441
0.441
0.441
0.441
0.441
0.441
0.441
0.441
0.441
0.441
0.441
0.441
0.441
0.441
0.441
0.441
0.441
0.441
0.441
0.441
0.441
0.441
0.442
0.442
0.442
0.442
0.442
0.442
0.442
0.442
0.442
0.442
0.442
0.442
0.442
0.442
0.442
0.442
0.442
0.442
0.443
0.443
0.443
0.443
0.443
0.443
0.443
0.443
0.443
0.443
0.443
0.443
0.443
0.443
0.443
0.443
0.443
0.443
0.443
0.443
0.443
0.443
0.443
0.443
0.443
0.443
0.443
0.443
0.443
0.443
0.443
0.443
0.443
0.443
0.443
0.443
0.443
0.443
0.443
0.443
0.443
0.443
0.443
0.443
0.443
0.443
0.443
0.443
0.443
0.443
0.444
0.444
0.444
0.444
0.444
0.444
0.444
0.444
0.444
0.444
0.444
0.444
0.444
0.444
0.444
0.444
0.444
0.444
0.444
0.444
0.444
0.444
0.443
0.443
0.444
0.444
0.443
0.443
0.443
0.443
0.443
0.443
0.443
0.443
0.443
0.444
0.444
0.444
0.443
0.443
0.443
0.443
0.443
0.443
0.443
0.443
0.443
0.443
0.443
0.443
0.443
0.443
0.443
0.443
0.443
0.443
0.443
0.443
0.442
0.442
0.442
0.442
0.442
0.442
0.442
0.443
0.443
0.443
0.443
0.443
0.443
0.443
0.443
0.443
0.443
0.443
0.443
0.443
0.443
0.443
0.443
0.443
0.443
0.443
0.443
0.443
0.443
0.443
0.442
0.442
0.442
0.442
0.442
0.442
0.442
0.442
0.442
0.442
0.442
0.442
0.442
0.443
0.443
0.442
0.442
0.442
0.442
0.442
0.442
0.442
0.442
0.442
0.442
0.442
0.442
0.442
0.442
0.442
0.442
0.442
0.442
0.442
0.442
0.442
0.442
0.442
0.442
0.442
0.442
0.442
0.442
0.442
0.443
0.443
0.443
0.443
0.443
0.442
0.442
0.442
0.442
0.442
0.442
0.442
0.442
0.442
0.442
0.442
0.442
0.442
0.442
0.442
0.442
0.442
0.442
0.442
0.442
0.442
0.443
0.443
0.443
0.442
0.442
0.442
0.442
0.442
0.442
0.442
0.442
0.442
0.442
0.442
0.442
0.442
0.442
0.442
0.441
0.441
0.441
0.441
0.441
0.441
0.441
0.441
0.441
0.441
0.441
0.441
0.440
0.440
0.440
0.440
0.440
0.440
0.440
0.440
0.440
0.440
0.440
0.440
0.440
0.440
0.440
0.440
0.440
0.440
0.440
0.440
0.440
0.440
0.440
0.440
0.440
0.440
0.440
0.439
0.439
0.439
0.439
0.439
0.439
0.439
0.439
0.439
0.439
0.439
0.439
0.439
0.439
0.439
0.439
0.439
0.439
0.439
0.440
0.440
0.440
0.440
0.440
0.440
0.440
0.440
0.440
0.440
0.440
0.440
0.440
0.440
0.440
0.440
0.440
0.440
0.440
0.440
0.440
0.440
0.439
0.439
0.439
0.439
0.439
0.439
0.439
0.439
0.439
0.439
0.439
0.439
0.439
0.439
0.439
0.439
0.440
0.440
0.440
0.440
0.440
0.440
0.440
0.440
0.440
0.440
0.440
0.440
0.440
0.440
0.440
0.440
0.440
0.440
0.440
0.440
0.441
0.441
0.441
0.441
0.441
0.441
0.441
0.441
0.441
0.441
0.441
0.441
0.441
0.441
0.441
0.441
0.441
0.441
0.441
0.441
0.441
0.440
0.440
0.440
0.440
0.440
0.440
0.441
0.441
0.441
0.441
0.441
0.441
0.441
0.441
0.441
0.441
0.441
0.441
0.440
0.440
0.440
0.440
0.440
0.440
0.441
0.441
0.441
0.441
0.441
0.440
0.440
0.440
0.440
0.440
0.440
0.440
0.440
0.440
0.440
0.440
0.440
0.440
0.440
0.440
0.440
0.440
0.440
0.440
0.440
0.440
0.441
0.441
0.441
0.441
0.441
0.441
0.441
0.441
0.441
0.441
0.441
0.441
0.441
0.441
0.441
0.441
0.441
0.441
0.441
0.441
0.441
0.441
0.441
0.441
0.441
0.441
0.441
0.441
0.441
0.441
0.441
0.441
0.441
0.441
0.441
0.441
0.441
0.441
0.440
0.440
0.440
0.440
0.440
0.440
0.440
0.440
0.440
0.440
0.440
0.440
0.440
0.440
0.440
0.440
0.440
0.440
0.440
0.440
0.440
0.440
0.440
0.441
0.441
0.441
0.441
0.441
0.441
0.441
0.441
0.441
0.441
0.440
0.440
0.440
0.440
0.440
0.440
0.440
0.440
0.440
0.440
0.440
0.440
0.440
0.440
0.440
0.440
0.440
0.440
0.439
0.439
0.439
0.439
0.439
0.439
0.439
0.439
0.439
0.439
0.439
0.439
0.439
0.439
0.439
0.439
0.439
0.439
0.439
0.439
0.439
0.439
0.439
0.439
0.439
0.439
0.439
0.439
0.439
0.439
0.439
0.439
0.439
0.439
0.438
0.438
0.438
0.438
0.438
0.438
0.438
0.438
0.438
0.438
0.438
0.438
0.438
0.438
0.438
0.438
0.438
0.437
0.437
0.437
0.437
0.437
0.437
0.437
0.437
0.437
0.437
0.437
0.437
0.437
0.437
0.437
0.437
0.437
0.437
0.437
0.437
0.437
0.437
0.437
0.437
0.437
0.437
0.437
0.437
0.437
0.437
0.437
0.437
0.437
0.437
0.437
0.436
0.436
0.436
0.436
0.436
0.436
0.436
0.436
0.436
0.436
0.436
0.436
0.436
0.436
0.436
0.436
0.436
0.436
0.436
0.436
0.436
0.436
0.436
0.436
0.436
0.436
0.436
0.436
0.436
0.436
0.436
0.436
0.436
0.436
0.436
0.435
0.435
0.435
0.436
0.435
0.435
0.435
0.435
0.435
0.435
0.435
0.435
0.435
0.435
0.435
0.435
0.435
0.435