Precisão média por imagem
0.505
0.527
0.515
0.493
0.495
0.497
0.516
0.508
0.503
0.497
0.488
0.485
0.481
0.479
0.486
0.486
0.484
0.481
0.476
0.471
0.472
0.480
0.482
0.487
0.484
0.482
0.480
0.481
0.484
0.484
0.483
0.481
0.482
0.481
0.480
0.482
0.484
0.482
0.482
0.484
0.483
0.485
0.485
0.485
0.483
0.481
0.479
0.478
0.479
0.480
0.481
0.481
0.482
0.483
0.482
0.481
0.481
0.484
0.484
0.485
0.483
0.484
0.484
0.485
0.484
0.484
0.483
0.484
0.484
0.484
0.485
0.487
0.487
0.486
0.486
0.487
0.486
0.486
0.485
0.484
0.483
0.482
0.482
0.481
0.480
0.479
0.479
0.478
0.477
0.476
0.476
0.475
0.474
0.473
0.472
0.472
0.473
0.473
0.474
0.473
0.474
0.473
0.473
0.473
0.472
0.473
0.473
0.474
0.474
0.474
0.473
0.473
0.472
0.473
0.474
0.474
0.475
0.476
0.476
0.477
0.477
0.477
0.477
0.476
0.476
0.476
0.476
0.476
0.476
0.477
0.477
0.478
0.477
0.478
0.479
0.479
0.478
0.478
0.478
0.478
0.479
0.479
0.480
0.480
0.481
0.481
0.480
0.481
0.481
0.482
0.481
0.481
0.480
0.480
0.480
0.480
0.479
0.479
0.480
0.481
0.480
0.480
0.480
0.479
0.480
0.480
0.480
0.481
0.480
0.480
0.480
0.481
0.481
0.481
0.482
0.481
0.481
0.481
0.481
0.481
0.482
0.483
0.482
0.483
0.483
0.483
0.484
0.484
0.483
0.483
0.484
0.484
0.484
0.484
0.484
0.483
0.483
0.482
0.482
0.481
0.481
0.481
0.481
0.481
0.482
0.481
0.481
0.481
0.481
0.482
0.482
0.482
0.482
0.482
0.483
0.483
0.482
0.482
0.482
0.482
0.481
0.482
0.482
0.482
0.481
0.481
0.481
0.481
0.481
0.481
0.481
0.480
0.480
0.480
0.480
0.479
0.479
0.479
0.479
0.479
0.479
0.479
0.479
0.479
0.479
0.480
0.479
0.479
0.480
0.480
0.480
0.479
0.479
0.479
0.479
0.478
0.478
0.478
0.478
0.478
0.477
0.478
0.478
0.478
0.478
0.478
0.478
0.478
0.478
0.478
0.478
0.478
0.478
0.478
0.478
0.478
0.478
0.477
0.478
0.478
0.478
0.479
0.479
0.479
0.479
0.478
0.478
0.478
0.478
0.478
0.478
0.478
0.478
0.478
0.479
0.479
0.479
0.479
0.479
0.479
0.479
0.479
0.479
0.479
0.478
0.479
0.479
0.479
0.479
0.479
0.479
0.479
0.479
0.479
0.479
0.479
0.479
0.479
0.479
0.479
0.479
0.479
0.479
0.479
0.479
0.479
0.479
0.479
0.479
0.478
0.478
0.478
0.478
0.478
0.478
0.478
0.478
0.478
0.478
0.478
0.478
0.478
0.478
0.479
0.478
0.478
0.478
0.478
0.478
0.478
0.478
0.478
0.478
0.478
0.478
0.478
0.478
0.478
0.478
0.477
0.477
0.477
0.477
0.477
0.477
0.477
0.476
0.477
0.477
0.477
0.477
0.477
0.477
0.477
0.477
0.477
0.477
0.477
0.477
0.477
0.477
0.477
0.478
0.478
0.478
0.478
0.478
0.478
0.479
0.479
0.479
0.479
0.479
0.479
0.479
0.479
0.478
0.478
0.478
0.479
0.479
0.479
0.479
0.479
0.478
0.479
0.479
0.479
0.479
0.479
0.479
0.479
0.479
0.479
0.480
0.480
0.480
0.480
0.480
0.480
0.480
0.480
0.480
0.480
0.481
0.481
0.481
0.481
0.481
0.481
0.481
0.481
0.481
0.481
0.481
0.481
0.481
0.481
0.481
0.481
0.481
0.481
0.481
0.481
0.481
0.481
0.481
0.481
0.481
0.481
0.481
0.481
0.481
0.481
0.482
0.482
0.482
0.482
0.482
0.481
0.481
0.481
0.481
0.481
0.481
0.481
0.480
0.481
0.480
0.481
0.480
0.481
0.481
0.481
0.481
0.481
0.481
0.481
0.481
0.481
0.481
0.481
0.481
0.481
0.481
0.481
0.481
0.481
0.481
0.481
0.481
0.481
0.481
0.481
0.481
0.481
0.481
0.481
0.481
0.481
0.481
0.481
0.481
0.481
0.481
0.482
0.482
0.481
0.481
0.481
0.482
0.482
0.482
0.481
0.482
0.482
0.482
0.482
0.482
0.482
0.482
0.482
0.482
0.482
0.482
0.482
0.482
0.482
0.482
0.482
0.482
0.482
0.482
0.482
0.482
0.482
0.482
0.482
0.482
0.481
0.481
0.482
0.482
0.482
0.482
0.482
0.482
0.482
0.482
0.482
0.482
0.482
0.482
0.482
0.482
0.482
0.482
0.482
0.482
0.482
0.482
0.482
0.482
0.482
0.483
0.483
0.483
0.483
0.483
0.483
0.483
0.483
0.483
0.483
0.483
0.483
0.483
0.483
0.483
0.483
0.483
0.483
0.483
0.484
0.484
0.483
0.483
0.483
0.483
0.483
0.483
0.483
0.483
0.483
0.483
0.483
0.483
0.483
0.483
0.484
0.483
0.483
0.483
0.483
0.483
0.483
0.483
0.483
0.483
0.483
0.484
0.484
0.484
0.484
0.484
0.484
0.484
0.484
0.484
0.484
0.485
0.485
0.485
0.485
0.485
0.485
0.485
0.485
0.485
0.485
0.486
0.486
0.486
0.486
0.486
0.486
0.486
0.486
0.486
0.486
0.486
0.486
0.486
0.486
0.486
0.486
0.486
0.486
0.486
0.486
0.486
0.487
0.487
0.487
0.487
0.487
0.487
0.487
0.487
0.487
0.487
0.487
0.487
0.487
0.487
0.486
0.486
0.486
0.486
0.486
0.486
0.486
0.486
0.486
0.486
0.486
0.486
0.486
0.486
0.486
0.486
0.486
0.486
0.486
0.486
0.486
0.486
0.486
0.486
0.486
0.486
0.486
0.486
0.486
0.487
0.487
0.487
0.487
0.487
0.487
0.487
0.487
0.487
0.487
0.487
0.487
0.487
0.487
0.487
0.487
0.487
0.486
0.486
0.486
0.486
0.486
0.486
0.486
0.486
0.486
0.486
0.486
0.486
0.486
0.486
0.486
0.486
0.486
0.486
0.486
0.486
0.486
0.486
0.486
0.486
0.486
0.486
0.486
0.486
0.486
0.486
0.486
0.486
0.486
0.487
0.487
0.487
0.487
0.487
0.487
0.487
0.487
0.487
0.487
0.488
0.488
0.488
0.488
0.488
0.488
0.488
0.487
0.488
0.487
0.487
0.487
0.487
0.487
0.487
0.487
0.487
0.487
0.487
0.487
0.487
0.487
0.487
0.487
0.487
0.487
0.487
0.487
0.487
0.487
0.487
0.487
0.487
0.487
0.487
0.487
0.487
0.487
0.487
0.487
0.487
0.487
0.487
0.487
0.487
0.487
0.487
0.487
0.487
0.487
0.487
0.487
0.487
0.487
0.487
0.487
0.487
0.486
0.486
0.486
0.486
0.486
0.487
0.486
0.486
0.486
0.486
0.486
0.486
0.486
0.486
0.486
0.486
0.486
0.486
0.486
0.486
0.486
0.486
0.486
0.486
0.486
0.486
0.486
0.486
0.486
0.486
0.486
0.486
0.486
0.486
0.486
0.486
0.486
0.486
0.486
0.486
0.486
0.486
0.486
0.486
0.486
0.486
0.486
0.486
0.486
0.486
0.486
0.486
0.486
0.486
0.486
0.485
0.485
0.486
0.486
0.486
0.486
0.486
0.486
0.486
0.486
0.486
0.486
0.486
0.486
0.486
0.486
0.486
0.486
0.486
0.486
0.486
0.486
0.486
0.486
0.486
0.486
0.486
0.486
0.486
0.486
0.486
0.486
0.486
0.486
0.486
0.486
0.486
0.486
0.486
0.486
0.486
0.486
0.486
0.486
0.486
0.486
0.486
0.486
0.485
0.485
0.485
0.485
0.485
0.485
0.485
0.485
0.485
0.485
0.485
0.485
0.485
0.486
0.486
0.486
0.486
0.486
0.486
0.485
0.485
0.485
0.485
0.485
0.486
0.486
0.485
0.485
0.486
0.485
0.485
0.486
0.486
0.486
0.486
0.486
0.486
0.486
0.486
0.486
0.486
0.486
0.486
0.486
0.486
0.486
0.486
0.486
0.486
0.486
0.486
0.486
0.486
0.486
0.486
0.486
0.486
0.486
0.486
0.486
0.486
0.486
0.486
0.486
0.486
0.486
0.486
0.486
0.486
0.486
0.486
0.486
0.486
0.486
0.487
0.487
0.487
0.487
0.487
0.487
0.487
0.487
0.487
0.487
0.487
0.487
0.487
0.487
0.487
0.487
0.487
0.487
0.487
0.487
0.487
0.487
0.487
0.487
0.487
0.487
0.487
0.487
0.487
0.487
0.487
0.487
0.487
0.487
0.487
0.487
0.487
0.487
0.487
0.487
0.487
0.487
0.487
0.487
0.487
0.487
0.487
0.487
0.487
0.487
0.487
0.487
0.487
0.487
0.487
0.487
0.487
0.487
0.487
0.487
0.487
0.487
0.487
0.487
0.487
0.487
0.487
0.487
0.487
0.487
0.487
0.487
0.487
0.487
0.488
0.487
0.487
0.487
0.488
0.488
0.488
0.487
0.487
0.487
0.487
0.487
0.487
0.487
0.487
0.487
0.487
0.487
0.487
0.487
0.487
0.487
0.487
0.487
0.487
0.487
0.487
0.487
0.487
0.487
0.487
0.487
0.487
0.488
0.488
0.488
0.488
0.488
0.488
0.488
0.488
0.488
0.488
0.488
0.488
0.488
0.488
0.488
0.488
0.488
0.488
0.487
0.487
0.487
0.487
0.487
0.487
0.487
0.487
0.487
0.487
0.487
0.487
0.487
0.487
0.487
0.487
0.487
0.487
0.487
0.487
0.487
0.487
0.487
0.487
0.487
0.487
0.487
0.487
0.487
0.487
0.487
0.487
0.487
0.487
0.487
0.487
0.487
0.487
0.487
0.487
0.487
0.487
0.487
0.487
0.487
0.487
0.487
0.487
0.487
0.487
0.487
0.487
0.487
0.487
0.487
0.487
0.487
0.487
0.487
0.487
0.487
0.487
0.487
0.487
0.487
0.487
0.487
0.487
0.487
0.487
0.487
0.487
0.487
0.487
0.487
0.487
0.487
0.487
0.487
0.487
0.487
0.487
0.487
0.487
0.487
0.486
0.486
0.486
0.486
0.486
0.486
0.486
0.486
0.486
0.486
0.486
0.486
0.486
0.486
0.486
0.486
0.486
0.486
0.486
0.486
0.486
0.486
0.486
0.486
0.486
0.486
0.486
0.486
0.486
0.486
0.486
0.486
0.486
0.486
0.486
0.486
0.486
0.486
0.486
0.486
0.486
0.486
0.486
0.486
0.486
0.486
0.486
0.486
0.486
0.486
0.486
0.486
0.486
0.486
0.486
0.486
0.486
0.486
0.486
0.486
0.486
0.486
0.486
0.486
0.486
0.486
0.486
0.486
0.486
0.486
0.486
0.486
0.486
0.486
0.486
0.486
0.486
0.486
0.486
0.486
0.486
0.486
0.486
0.486
0.486
0.486
0.486
0.486
0.486
0.486
0.486
0.486
0.486
0.486
0.486
0.486
0.486
0.486
0.486
0.485
0.485
0.485
0.485
0.485
0.485
0.485
0.485
0.485
0.485
0.485
0.485
0.485
0.485
0.485
0.485
0.485
0.485
0.486
0.486
0.486