Precisão média por imagem
0.116
0.150
0.424
0.458
0.431
0.411
0.401
0.388
0.380
0.372
0.371
0.366
0.363
0.360
0.358
0.357
0.354
0.354
0.353
0.351
0.351
0.350
0.362
0.373
0.384
0.389
0.391
0.396
0.401
0.399
0.397
0.399
0.406
0.411
0.415
0.420
0.424
0.428
0.432
0.435
0.434
0.437
0.436
0.434
0.432
0.430
0.428
0.426
0.429
0.430
0.433
0.433
0.434
0.436
0.437
0.438
0.440
0.442
0.440
0.438
0.437
0.435
0.436
0.437
0.439
0.440
0.441
0.443
0.441
0.440
0.439
0.439
0.441
0.442
0.443
0.443
0.445
0.444
0.444
0.445
0.445
0.445
0.447
0.446
0.445
0.443
0.442
0.441
0.440
0.439
0.438
0.440
0.440
0.439
0.438
0.437
0.436
0.435
0.434
0.433
0.432
0.432
0.431
0.429
0.428
0.427
0.427
0.426
0.425
0.425
0.424
0.424
0.423
0.422
0.422
0.421
0.421
0.420
0.421
0.422
0.423
0.424
0.425
0.426
0.426
0.425
0.424
0.426
0.427
0.428
0.429
0.429
0.431
0.431
0.432
0.433
0.434
0.434
0.435
0.436
0.436
0.437
0.437
0.437
0.437
0.438
0.439
0.438
0.439
0.440
0.439
0.439
0.440
0.440
0.441
0.442
0.443
0.444
0.444
0.445
0.445
0.446
0.446
0.446
0.447
0.447
0.448
0.449
0.449
0.449
0.450
0.450
0.451
0.450
0.449
0.449
0.450
0.450
0.450
0.449
0.449
0.449
0.449
0.450
0.450
0.451
0.450
0.450
0.450
0.450
0.450
0.450
0.451
0.451
0.452
0.452
0.452
0.452
0.452
0.452
0.452
0.453
0.453
0.453
0.454
0.454
0.454
0.455
0.455
0.455
0.456
0.456
0.457
0.457
0.457
0.457
0.457
0.457
0.457
0.457
0.457
0.457
0.457
0.458
0.458
0.458
0.458
0.458
0.459
0.459
0.459
0.459
0.459
0.460
0.460
0.460
0.460
0.461
0.460
0.460
0.460
0.460
0.460
0.460
0.459
0.459
0.459
0.459
0.460
0.460
0.460
0.460
0.461
0.461
0.461
0.462
0.462
0.462
0.463
0.463
0.462
0.462
0.462
0.461
0.461
0.460
0.460
0.460
0.459
0.459
0.458
0.458
0.458
0.458
0.458
0.458
0.457
0.458
0.458
0.458
0.458
0.459
0.459
0.459
0.459
0.459
0.459
0.459
0.459
0.460
0.460
0.460
0.460
0.460
0.460
0.460
0.459
0.459
0.458
0.458
0.458
0.457
0.458
0.458
0.457
0.457
0.457
0.457
0.458
0.458
0.457
0.457
0.457
0.456
0.456
0.456
0.455
0.455
0.455
0.454
0.454
0.454
0.454
0.453
0.453
0.453
0.453
0.453
0.453
0.453
0.452
0.453
0.453
0.453
0.453
0.453
0.453
0.452
0.452
0.452
0.451
0.451
0.452
0.451
0.451
0.451
0.450
0.450
0.450
0.449
0.449
0.449
0.448
0.448
0.448
0.448
0.447
0.447
0.447
0.447
0.446
0.446
0.446
0.447
0.447
0.447
0.448
0.448
0.448
0.448
0.448
0.447
0.447
0.447
0.447
0.446
0.446
0.446
0.445
0.446
0.446
0.446
0.445
0.445
0.445
0.445
0.444
0.444
0.444
0.444
0.443
0.443
0.443
0.442
0.442
0.442
0.443
0.443
0.442
0.442
0.442
0.442
0.442
0.441
0.441
0.441
0.441
0.441
0.441
0.441
0.441
0.441
0.441
0.441
0.440
0.440
0.440
0.440
0.440
0.440
0.441
0.441
0.441
0.441
0.441
0.442
0.442
0.442
0.442
0.442
0.443
0.443
0.443
0.443
0.442
0.442
0.442
0.442
0.442
0.443
0.443
0.443
0.443
0.442
0.442
0.442
0.442
0.442
0.442
0.442
0.442
0.442
0.442
0.443
0.443
0.443
0.443
0.443
0.443
0.443
0.443
0.442
0.443
0.443
0.443
0.443
0.443
0.443
0.443
0.443
0.443
0.443
0.443
0.442
0.442
0.443
0.443
0.443
0.443
0.443
0.443
0.443
0.443
0.444
0.444
0.444
0.444
0.444
0.444
0.444
0.444
0.444
0.444
0.443
0.444
0.444
0.444
0.444
0.443
0.443
0.444
0.444
0.444
0.444
0.444
0.444
0.444
0.444
0.443
0.443
0.443
0.443
0.443
0.444
0.444
0.443
0.443
0.444
0.444
0.444
0.444
0.444
0.444
0.444
0.444
0.444
0.445
0.445
0.445
0.444
0.444
0.444
0.444
0.444
0.444
0.444
0.444
0.444
0.444
0.444
0.445
0.445
0.444
0.444
0.444
0.444
0.444
0.443
0.443
0.443
0.443
0.443
0.444
0.444
0.444
0.444
0.444
0.443
0.443
0.443
0.443
0.443
0.443
0.443
0.443
0.443
0.443
0.443
0.443
0.443
0.443
0.443
0.444
0.444
0.444
0.444
0.444
0.444
0.444
0.445
0.444
0.445
0.445
0.445
0.445
0.445
0.445
0.445
0.445
0.445
0.445
0.444
0.444
0.444
0.444
0.444
0.444
0.444
0.444
0.444
0.444
0.444
0.444
0.444
0.444
0.444
0.444
0.444
0.444
0.444
0.444
0.444
0.444
0.445
0.445
0.445
0.444
0.444
0.444
0.444
0.444
0.443
0.443
0.443
0.443
0.443
0.443
0.442
0.442
0.442
0.442
0.442
0.443
0.443
0.443
0.443
0.443
0.443
0.443
0.443
0.442
0.443
0.443
0.443
0.443
0.443
0.443
0.443
0.443
0.443
0.443
0.443
0.443
0.443
0.443
0.443
0.443
0.443
0.443
0.443
0.443
0.443
0.443
0.444
0.444
0.444
0.443
0.444
0.444
0.444
0.444
0.444
0.444
0.444
0.444
0.444
0.445
0.444
0.444
0.444
0.444
0.444
0.444
0.444
0.444
0.444
0.445
0.445
0.445
0.445
0.445
0.445
0.445
0.445
0.446
0.446
0.446
0.446
0.446
0.446
0.445
0.446
0.446
0.446
0.446
0.445
0.446
0.445
0.445
0.445
0.445
0.445
0.446
0.446
0.446
0.446
0.446
0.446
0.446
0.446
0.446
0.446
0.445
0.445
0.445
0.445
0.445
0.445
0.445
0.445
0.445
0.445
0.445
0.445
0.446
0.445
0.445
0.445
0.446
0.446
0.446
0.446
0.446
0.446
0.446
0.446
0.446
0.446
0.446
0.446
0.446
0.446
0.446
0.446
0.446
0.446
0.446
0.446
0.446
0.446
0.446
0.446
0.446
0.447
0.447
0.447
0.447
0.447
0.447
0.447
0.447
0.447
0.447
0.447
0.447
0.447
0.446
0.446
0.446
0.446
0.446
0.446
0.446
0.446
0.446
0.446
0.446
0.446
0.446
0.446
0.446
0.446
0.446
0.446
0.446
0.446
0.446
0.446
0.446
0.445
0.445
0.445
0.445
0.446
0.446
0.446
0.446
0.446
0.446
0.446
0.446
0.447
0.447
0.447
0.447
0.447
0.447
0.447
0.447
0.447
0.447
0.447
0.447
0.447
0.448
0.448
0.448
0.448
0.448
0.448
0.448
0.448
0.448
0.448
0.448
0.448
0.448
0.448
0.448
0.448
0.448
0.448
0.448
0.448
0.448
0.448
0.448
0.448
0.448
0.448
0.448
0.448
0.448
0.448
0.448
0.448
0.448
0.447
0.447
0.447
0.447
0.447
0.447
0.447
0.447
0.446
0.446
0.446
0.446
0.446
0.446
0.446
0.446
0.446
0.446
0.446
0.446
0.446
0.446
0.446
0.446
0.446
0.446
0.447
0.447
0.447
0.447
0.447
0.447
0.447
0.447
0.447
0.447
0.447
0.447
0.447
0.447
0.447
0.447
0.447
0.447
0.447
0.447
0.447
0.447
0.447
0.448
0.448
0.448
0.448
0.448
0.448
0.448
0.448
0.448
0.448
0.448
0.448
0.448
0.448
0.448
0.448
0.448
0.448
0.448
0.448
0.448
0.448
0.448
0.448
0.448
0.448
0.448
0.448
0.448
0.448
0.448
0.448
0.448
0.448
0.448
0.448
0.448
0.448
0.448
0.448
0.448
0.448
0.448
0.448
0.448
0.448
0.448
0.448
0.448
0.448
0.449
0.449
0.449
0.449
0.448
0.449
0.449
0.449
0.449
0.449
0.449
0.449
0.449
0.449
0.449
0.449
0.449
0.449
0.449
0.448
0.448
0.448
0.448
0.448
0.448
0.448
0.448
0.448
0.448
0.448
0.448
0.448
0.448
0.448
0.448
0.448
0.448
0.448
0.448
0.448
0.448
0.448
0.448
0.448
0.448
0.448
0.448
0.448
0.448
0.448
0.448
0.448
0.448
0.448
0.447
0.447
0.447
0.447
0.447
0.447
0.447
0.447
0.447
0.447
0.447
0.447
0.447
0.447
0.447
0.448
0.448
0.448
0.448
0.448
0.448
0.448
0.448
0.447
0.448
0.448
0.448
0.448
0.448
0.448
0.447
0.447
0.447
0.447
0.447
0.447
0.447
0.447
0.447
0.447
0.447
0.447
0.447
0.447
0.447
0.447
0.447
0.447
0.447
0.447
0.447
0.447
0.447
0.447
0.447
0.447
0.447
0.447
0.447
0.447
0.447
0.447
0.447
0.447
0.447
0.447
0.447
0.447
0.447
0.447
0.447
0.447
0.447
0.447
0.447
0.447
0.447
0.447
0.448
0.448
0.447
0.447
0.447
0.447
0.447
0.447
0.447
0.447
0.447
0.447
0.446
0.447
0.447
0.447
0.447
0.447
0.447
0.447
0.447
0.447
0.447
0.447
0.447
0.447
0.447
0.447
0.447
0.447
0.447
0.447
0.447
0.447
0.447
0.447
0.447
0.447
0.446
0.446
0.446
0.446
0.446
0.446
0.446
0.446
0.446
0.446
0.446
0.445
0.445
0.445
0.445
0.445
0.445
0.445
0.445
0.445
0.445
0.445
0.445
0.444
0.444
0.444
0.444
0.444
0.445
0.445
0.445
0.445
0.445
0.445
0.444
0.444
0.444
0.444
0.444
0.444
0.444
0.444
0.444
0.444
0.444
0.444
0.444
0.443
0.443
0.443
0.443
0.444
0.444
0.444
0.444
0.444
0.444
0.444
0.444
0.444
0.444
0.444
0.444
0.444
0.444
0.444
0.444
0.444
0.444
0.444
0.444
0.444
0.444
0.444
0.444
0.444
0.444
0.444
0.444
0.444
0.444
0.444
0.444
0.444
0.444
0.444
0.444
0.444
0.444
0.444
0.444
0.443
0.444
0.444
0.444
0.444
0.444
0.444
0.444
0.444
0.444
0.444
0.444
0.444
0.444
0.444
0.444
0.444
0.444
0.444
0.444
0.444
0.444
0.444
0.444
0.444
0.444
0.444
0.444
0.444
0.445
0.445
0.445
0.445
0.445
0.445
0.445
0.445
0.445
0.445
0.445
0.445
0.445
0.445
0.445
0.445
0.445
0.445
0.445
0.445
0.445
0.444
0.444
0.444
0.444
0.444
0.444
0.445
0.445
0.445
0.445
0.445
0.445
0.445
0.445
0.445
0.445
0.445
0.444
0.444
0.444
0.444
0.444
0.444
0.444
0.444
0.444
0.444
0.444
0.444
0.444
0.444
0.444
0.444
0.444
0.444
0.444
0.444
0.444
0.444
0.444
0.444
0.444
0.444
0.444
0.444
0.444
0.444
0.444
0.444
0.444
0.445
0.445
0.445
0.445
0.445
0.445
0.445
0.445
0.445
0.445
0.445
0.445
0.445
0.445
0.445
0.445
0.445
0.445
0.445
0.445
0.445
0.445
0.445
0.445
0.445
0.445
0.445
0.445
0.445
0.445
0.445
0.445
0.445
0.445
0.445
0.445
0.445
0.445
0.445
0.445
0.445
0.445
0.445
0.445
0.445
0.445
0.445
0.445
0.445
0.445
0.445
0.445
0.445
0.445
0.445
0.445
0.445
0.445
0.445
0.445
0.445
0.445
0.445
0.445
0.445
0.445
0.446
0.445
0.446
0.445
0.445
0.445
0.445
0.445
0.445
0.445
0.445
0.445
0.445
0.445
0.445
0.445
0.445
0.445
0.444
0.444
0.444
0.444
0.444
0.444
0.444
0.444
0.444
0.444
0.444
0.444
0.444
0.444
0.444
0.444
0.443
0.443
0.443
0.443
0.443
0.443
0.443
0.443
0.443
0.443
0.443
0.443
0.444
0.444
0.444
0.444
0.444
0.444
0.444
0.443
0.443
0.443
0.443
0.443
0.443
0.443
0.443
0.443
0.443
0.443
0.443
0.443
0.443
0.443
0.442
0.442
0.442
0.442
0.442
0.442
0.442
0.442
0.442
0.442
0.442
0.442
0.442
0.442
0.442
0.442
0.442
0.442
0.442
0.442
0.442
0.442
0.442
0.442
0.442
0.442
0.442
0.442
0.442
0.441
0.441
0.441
0.441
0.441
0.441
0.441
0.441
0.441
0.441
0.441
0.441
0.441
0.441
0.441
0.441
0.441
0.441
0.441
0.441
0.441
0.441
0.441
0.441
0.441
0.441
0.441
0.441
0.441
0.441
0.441
0.441
0.441
0.441
0.441
0.441
0.441
0.441
0.441
0.441
0.441
0.440
0.440
0.440
0.440
0.440
0.440
0.440
0.440
0.440
0.440
0.440
0.440
0.440
0.440
0.440
0.440
0.440
0.440
0.440
0.440
0.440
0.440
0.440
0.440
0.440