Precisão média por imagem
0.685
0.616
0.631
0.604
0.586
0.570
0.548
0.573
0.588
0.603
0.589
0.581
0.566
0.559
0.553
0.549
0.544
0.541
0.536
0.547
0.544
0.554
0.553
0.553
0.553
0.551
0.551
0.549
0.550
0.542
0.543
0.537
0.536
0.534
0.532
0.530
0.529
0.528
0.526
0.521
0.519
0.516
0.521
0.520
0.528
0.525
0.532
0.531
0.530
0.527
0.526
0.529
0.526
0.525
0.525
0.524
0.530
0.529
0.536
0.534
0.534
0.534
0.534
0.533
0.531
0.529
0.528
0.528
0.527
0.525
0.524
0.522
0.521
0.518
0.518
0.517
0.515
0.515
0.516
0.517
0.516
0.515
0.514
0.513
0.512
0.512
0.511
0.509
0.508
0.513
0.512
0.517
0.516
0.515
0.515
0.514
0.519
0.518
0.519
0.518
0.522
0.521
0.521
0.521
0.521
0.524
0.524
0.523
0.523
0.523
0.522
0.521
0.520
0.520
0.520
0.519
0.519
0.517
0.516
0.516
0.515
0.517
0.516
0.515
0.518
0.520
0.523
0.523
0.522
0.522
0.522
0.521
0.523
0.524
0.526
0.527
0.527
0.527
0.526
0.528
0.527
0.525
0.525
0.524
0.524
0.523
0.523
0.523
0.523
0.522
0.522
0.521
0.521
0.520
0.520
0.523
0.522
0.522
0.522
0.521
0.521
0.521
0.520
0.523
0.525
0.525
0.527
0.526
0.526
0.527
0.527
0.526
0.526
0.526
0.525
0.528
0.527
0.529
0.529
0.528
0.528
0.528
0.527
0.527
0.527
0.526
0.526
0.526
0.526
0.526
0.525
0.524
0.524
0.524
0.524
0.523
0.523
0.523
0.522
0.522
0.521
0.521
0.521
0.520
0.520
0.519
0.519
0.519
0.519
0.519
0.518
0.520
0.522
0.524
0.525
0.526
0.527
0.529
0.531
0.532
0.534
0.536
0.538
0.539
0.541
0.540
0.540
0.539
0.539
0.539
0.538
0.537
0.537
0.537
0.536
0.536
0.535
0.536
0.536
0.535
0.535
0.535
0.534
0.534
0.534
0.533
0.533
0.533
0.533
0.532
0.532
0.532
0.532
0.533
0.532
0.532
0.532
0.531
0.531
0.530
0.530
0.530
0.530
0.530
0.532
0.533
0.534
0.535
0.536
0.537
0.538
0.537
0.538
0.537
0.537
0.537
0.538
0.538
0.538
0.538
0.537
0.538
0.538
0.538
0.537
0.538
0.539
0.539
0.540
0.540
0.540
0.540
0.540
0.540
0.540
0.541
0.540
0.541
0.541
0.542
0.542
0.541
0.541
0.542
0.542
0.543
0.543
0.543
0.543
0.543
0.542
0.542
0.542
0.541
0.542
0.541
0.541
0.541
0.541
0.541
0.541
0.540
0.540
0.540
0.540
0.540
0.540
0.541
0.541
0.541
0.542
0.543
0.544
0.544
0.544
0.543
0.544
0.544
0.545
0.546
0.547
0.546
0.547
0.548
0.548
0.547
0.547
0.547
0.546
0.546
0.546
0.546
0.546
0.546
0.546
0.546
0.546
0.545
0.545
0.545
0.545
0.545
0.545
0.545
0.545
0.544
0.545
0.545
0.544
0.544
0.544
0.544
0.544
0.544
0.544
0.544
0.544
0.544
0.543
0.544
0.545
0.546
0.547
0.547
0.547
0.547
0.547
0.546
0.546
0.547
0.547
0.547
0.547
0.547
0.547
0.547
0.548
0.547
0.547
0.547
0.547
0.546
0.546
0.546
0.546
0.547
0.548
0.547
0.548
0.548