Precisão média por imagem
0.907
0.908
0.914
0.908
0.896
0.866
0.873
0.853
0.863
0.854
0.857
0.863
0.866
0.862
0.866
0.863
0.865
0.868
0.865
0.869
0.866
0.858
0.861
0.864
0.860
0.859
0.863
0.866
0.868
0.863
0.862
0.863
0.863
0.863
0.861
0.860
0.862
0.864
0.865
0.864
0.863
0.862
0.863
0.864
0.865
0.863
0.865
0.866
0.869
0.870
0.872
0.873
0.874
0.875
0.875
0.876
0.874
0.874
0.876
0.875
0.876
0.875
0.876
0.877
0.877
0.878
0.877
0.878
0.877
0.878
0.878
0.877
0.878
0.878
0.878
0.879
0.879
0.879
0.878
0.878
0.879
0.879
0.880
0.881
0.881
0.882
0.882
0.881
0.881
0.881
0.881
0.879
0.879
0.878
0.877
0.875
0.875
0.876
0.875
0.875
0.876
0.876
0.876
0.873
0.873
0.873
0.873
0.874
0.874
0.874
0.875
0.875
0.876
0.875
0.873
0.872
0.872
0.871
0.871
0.871
0.872
0.872
0.872
0.870
0.869
0.869
0.869
0.869
0.868
0.868
0.868
0.869
0.868
0.866
0.867
0.867
0.867
0.866
0.865
0.865
0.865
0.865
0.862
0.861
0.861
0.861
0.862
0.862
0.863
0.863
0.862
0.863
0.862
0.863
0.863
0.863
0.862
0.860
0.860
0.859
0.857
0.858
0.858
0.858
0.858
0.857
0.858
0.856
0.855
0.855
0.855
0.856
0.855
0.856
0.856
0.855
0.852
0.853
0.853
0.853
0.853
0.853
0.853
0.852
0.853
0.852
0.852
0.853
0.853
0.854
0.854
0.855
0.854
0.854
0.853
0.853
0.854
0.853
0.854
0.854
0.854
0.854
0.854
0.854
0.855
0.855
0.855
0.855
0.854
0.854
0.854
0.854
0.855
0.855
0.855
0.854
0.854
0.852
0.852
0.851
0.851
0.851
0.851
0.851
0.851
0.851
0.852
0.852
0.852
0.852
0.852
0.852
0.852
0.851
0.851
0.852
0.851
0.851
0.850
0.848
0.848
0.848
0.849
0.849
0.849
0.849
0.848
0.848
0.848
0.846
0.846
0.846
0.846
0.846
0.846
0.847
0.847
0.847
0.847
0.846
0.846
0.846
0.846
0.845
0.845
0.844
0.844
0.845
0.845
0.845
0.846
0.846
0.846
0.846
0.846
0.845
0.845
0.845
0.845
0.844
0.843
0.842
0.842
0.842
0.843
0.843
0.843
0.843
0.843
0.843
0.843
0.844
0.844
0.844
0.843
0.843
0.842
0.841
0.840
0.840
0.840
0.840
0.840
0.840
0.840
0.840
0.840
0.841
0.841
0.841
0.840
0.841
0.840
0.839
0.840
0.839
0.840
0.840
0.840
0.840
0.840
0.840
0.840
0.840
0.839
0.839
0.839
0.838
0.838
0.838
0.838
0.838
0.837
0.837
0.836
0.835
0.834
0.834
0.833
0.833
0.833
0.833
0.833
0.834
0.833
0.833
0.834
0.834
0.834
0.832
0.831
0.830
0.830
0.829
0.829
0.829
0.829
0.829
0.830
0.830
0.830
0.830
0.830
0.831
0.831
0.832
0.831
0.832
0.831
0.832
0.832
0.832
0.832
0.832
0.831
0.831
0.831
0.831
0.831
0.831
0.831
0.831
0.832
0.832
0.831
0.831
0.831
0.831
0.830
0.830
0.830
0.830
0.830
0.829
0.829
0.830
0.830
0.830
0.830
0.830
0.830
0.830
0.830
0.830
0.830
0.830
0.830
0.831
0.831
0.831
0.831
0.832
0.832
0.832
0.831
0.832
0.832
0.831
0.831
0.831
0.831
0.831
0.830
0.831
0.830
0.830
0.830
0.830
0.830
0.830
0.831
0.831
0.831
0.832
0.832
0.832
0.832
0.832
0.832
0.832
0.832
0.832
0.832
0.832
0.832
0.831
0.831
0.831
0.831
0.831
0.831
0.831
0.831
0.831
0.831
0.831
0.831
0.831
0.832
0.831
0.832
0.832
0.832
0.831
0.832
0.832
0.831
0.831
0.831
0.831
0.831
0.830
0.830
0.830
0.830
0.830
0.830
0.830
0.830
0.830
0.830
0.830
0.830
0.831
0.831
0.831
0.831
0.831
0.832
0.831
0.831
0.831
0.831
0.831
0.831
0.832
0.832
0.832
0.831
0.831
0.832
0.832
0.832
0.831
0.831
0.831
0.831
0.831
0.832
0.832
0.832
0.832
0.832
0.832
0.832
0.832
0.831
0.831
0.830
0.831
0.831
0.831
0.831
0.830
0.830
0.830
0.830
0.830
0.830
0.830
0.830
0.829
0.829
0.829
0.829
0.829
0.830
0.830
0.830
0.829
0.829
0.829
0.829
0.829
0.829
0.829
0.829
0.829
0.829
0.828
0.828
0.828
0.828
0.828
0.828
0.828
0.828
0.828
0.828
0.828
0.828
0.828
0.828
0.828
0.827
0.827
0.827
0.827
0.827
0.826
0.827
0.826
0.826
0.826
0.826
0.827
0.826
0.826
0.826
0.827
0.827
0.826
0.826
0.826
0.826
0.826
0.826
0.826
0.826
0.826
0.826
0.825
0.826
0.826
0.826
0.826
0.826
0.826
0.825
0.825
0.826
0.825
0.825
0.825
0.824
0.825
0.825
0.825
0.824
0.824
0.824
0.824
0.824
0.824
0.824
0.824
0.824
0.824
0.823
0.823
0.822
0.822
0.822
0.822
0.822
0.822
0.822
0.822
0.822
0.822
0.822
0.822
0.822
0.822
0.823
0.823
0.823
0.823
0.823
0.823
0.823
0.823
0.823
0.823
0.823
0.823
0.823
0.823
0.823
0.823
0.823
0.823
0.823
0.823
0.823
0.823
0.823
0.823
0.823
0.823
0.823
0.823
0.823
0.823
0.823
0.822
0.823
0.823
0.823
0.822
0.822
0.822
0.822
0.822
0.822
0.821
0.822
0.822
0.822
0.822
0.822
0.822
0.822
0.822
0.823
0.823
0.823
0.823
0.823
0.823
0.823
0.823
0.823
0.823
0.823
0.823
0.823
0.823
0.823
0.823
0.824
0.823
0.824
0.824
0.824
0.824
0.824
0.824
0.824
0.824
0.824
0.824
0.824
0.824
0.824
0.824
0.824
0.824
0.824
0.824
0.824
0.823
0.823
0.823
0.823
0.823
0.823
0.824
0.824
0.824
0.824
0.824
0.823
0.823
0.823
0.823
0.823
0.823
0.823
0.823
0.823
0.823
0.823
0.823
0.823
0.823
0.823
0.823
0.823
0.823
0.823
0.822
0.822
0.822
0.822
0.821
0.821
0.821
0.821
0.821
0.820
0.820
0.820
0.820
0.819
0.819
0.820
0.819
0.819
0.820
0.820
0.820
0.820
0.820
0.820
0.820
0.820
0.821
0.821
0.821
0.821
0.821
0.821
0.821
0.822
0.822
0.822
0.822
0.822
0.822
0.822
0.822
0.822
0.822
0.822
0.822
0.822
0.822
0.822
0.823
0.823
0.823
0.823
0.823
0.823
0.823
0.823
0.823
0.823
0.823
0.824
0.824
0.824
0.824
0.824
0.824
0.824
0.824
0.825
0.825
0.825
0.825
0.825
0.825
0.825
0.825
0.825
0.825
0.825
0.825
0.825
0.825
0.825
0.825
0.825
0.825
0.825
0.825
0.825
0.825
0.825
0.825
0.826
0.826
0.826
0.826
0.826
0.826
0.826
0.826
0.826
0.826
0.826
0.826
0.826
0.826
0.826
0.826
0.826
0.825
0.825
0.825
0.825
0.825
0.825
0.825
0.825
0.825
0.825
0.825
0.825
0.825
0.825
0.826
0.825
0.825
0.825
0.825
0.825
0.825
0.825
0.825
0.825
0.825
0.825
0.826
0.826
0.826
0.826
0.826
0.826
0.826
0.826
0.826
0.826
0.826
0.827
0.827
0.827
0.827
0.827
0.827
0.827
0.827
0.827
0.827
0.827
0.827
0.827
0.827
0.827
0.826
0.826
0.826
0.826
0.826
0.826
0.826
0.826
0.826
0.826
0.826
0.826
0.826
0.826
0.826
0.826
0.826
0.826
0.826
0.826
0.826
0.826
0.826
0.826
0.826
0.826
0.826
0.826
0.826
0.826
0.827
0.827
0.827
0.827
0.827
0.827
0.827
0.827
0.828
0.828
0.828
0.828
0.828
0.828
0.828
0.828
0.828
0.828
0.828
0.827
0.827
0.828
0.828
0.828
0.828
0.828
0.828
0.828
0.828
0.828
0.828
0.828
0.828
0.828
0.827
0.827
0.828
0.828
0.828
0.828
0.828
0.828
0.828
0.828
0.828
0.828
0.828
0.828
0.828
0.828
0.828
0.829
0.829
0.828
0.828
0.828
0.828
0.828
0.828
0.828
0.828
0.828
0.828
0.828
0.828
0.828
0.828
0.828
0.828
0.828
0.828
0.828
0.828
0.828
0.828
0.828
0.828
0.828
0.828
0.828
0.828
0.827
0.828
0.828
0.828
0.828
0.828
0.828
0.828
0.827
0.827
0.827
0.827
0.827
0.826
0.826
0.826
0.826
0.826
0.826
0.826
0.826
0.826
0.826
0.826
0.826
0.826
0.826
0.826
0.826
0.826
0.826
0.826
0.826
0.826
0.826
0.826
0.826
0.826
0.826
0.826
0.826
0.826
0.826
0.826
0.826
0.826
0.826
0.826
0.826
0.826
0.826
0.826
0.826
0.826
0.826
0.826
0.825
0.825
0.825
0.825
0.826
0.826
0.825
0.825
0.825
0.825
0.825
0.825
0.825
0.825
0.825
0.825
0.825
0.826
0.825
0.825
0.825
0.825
0.825
0.825
0.825
0.825
0.825
0.825
0.825
0.825
0.825
0.825
0.825
0.825
0.825
0.825
0.825
0.826
0.825
0.826
0.826
0.826
0.826
0.826
0.826
0.826
0.826
0.826
0.825
0.826
0.826
0.826
0.826
0.825
0.826
0.825
0.826
0.826
0.826
0.826
0.826
0.826
0.826
0.826
0.826
0.826
0.826
0.825
0.825
0.825
0.825
0.826
0.826
0.826
0.826
0.826
0.826
0.826
0.826
0.826
0.826
0.826
0.826
0.826
0.826
0.826
0.826
0.827
0.827
0.827
0.827
0.827
0.827
0.827
0.827
0.827
0.827
0.827
0.827
0.827
0.827
0.827
0.827
0.827
0.828
0.827
0.827
0.827
0.827
0.828
0.828
0.827
0.827
0.827
0.827
0.827
0.827
0.827
0.827
0.827
0.827
0.827
0.827
0.827
0.827
0.827
0.827
0.827
0.827
0.827
0.827
0.827
0.827
0.827
0.827
0.827
0.827
0.827
0.827
0.827
0.827
0.827
0.827
0.827
0.827
0.827
0.827
0.826
0.826
0.826
0.826
0.825
0.826
0.825
0.825
0.826
0.826
0.826
0.826
0.826
0.826
0.825
0.826
0.826
0.826
0.825
0.825
0.825
0.825
0.825
0.825
0.825
0.825
0.825
0.825
0.825
0.825
0.825
0.825
0.825
0.825
0.826
0.826
0.826
0.826
0.826
0.826
0.826
0.826
0.826
0.826
0.826
0.826
0.826
0.827
0.827
0.827
0.826
0.827
0.827
0.827
0.827
0.827
0.827
0.827
0.827
0.827
0.827
0.827
0.826
0.826
0.826
0.826
0.826
0.826
0.826
0.826
0.826
0.826
0.826
0.826
0.826
0.826
0.826
0.826
0.826
0.826
0.826
0.826
0.826
0.826
0.826
0.826
0.826
0.826
0.826
0.826
0.826
0.826
0.826
0.826
0.826
0.826
0.826
0.825
0.825
0.825
0.826
0.826
0.826
0.826
0.826
0.826
0.826
0.826
0.826
0.826
0.826
0.825
0.825
0.825
0.825
0.825
0.825
0.825
0.825
0.825
0.825
0.825
0.825
0.825
0.825
0.825
0.825
0.825
0.825
0.825
0.825
0.825
0.825
0.825
0.825
0.825
0.825
0.825
0.825
0.825
0.825
0.825
0.825
0.825
0.825
0.825
0.825
0.825
0.825
0.825
0.825
0.825
0.825
0.825
0.825
0.826
0.826
0.826
0.826
0.826
0.826
0.826
0.826
0.826
0.826
0.826
0.826
0.826
0.826
0.826
0.826
0.826
0.826
0.826
0.826
0.826
0.826
0.826
0.826
0.826
0.826
0.825
0.825
0.825
0.825
0.826
0.826
0.826
0.826
0.826
0.826
0.825
0.825
0.825
0.825
0.825
0.825
0.825
0.825
0.825
0.825
0.825
0.825
0.825
0.825
0.825
0.825
0.825
0.825
0.825
0.825
0.825
0.825
0.825
0.825
0.825
0.825
0.825
0.825
0.825
0.825
0.826
0.826
0.826
0.826
0.826
0.826
0.826
0.826
0.825
0.825
0.825
0.825
0.825
0.825
0.825
0.825
0.825
0.825
0.824
0.824
0.824
0.824
0.824
0.824
0.824
0.824
0.824
0.823
0.824
0.824
0.824
0.824
0.824
0.824
0.824
0.823
0.824
0.824
0.824
0.824
0.824
0.823
0.823
0.823
0.823
0.823
0.823
0.823
0.824
0.824
0.824
0.824
0.824
0.824
0.824
0.824
0.824
0.824
0.824
0.824
0.824
0.824
0.824
0.824
0.824
0.824
0.824
0.824
0.824
0.824
0.824
0.824
0.824
0.824
0.824
0.824
0.824
0.824
0.824
0.824
0.824
0.824
0.824
0.824
0.824
0.824
0.824
0.824
0.824
0.824
0.824
0.824
0.824
0.824
0.824
0.824
0.824
0.824
0.824
0.824
0.824
0.824
0.824
0.824
0.824
0.824
0.824
0.823
0.823
0.823
0.823
0.823
0.823
0.824
0.823
0.823
0.823
0.823
0.824
0.823
0.823
0.823
0.823
0.823
0.823
0.823
0.823
0.823
0.823
0.823
0.823
0.823
0.824
0.824
0.824
0.824
0.824
0.824
0.824
0.824
0.824
0.824
0.824
0.824
0.824
0.824
0.824
0.824
0.824
0.824
0.824
0.824
0.824
0.824
0.824
0.824
0.824
0.824
0.824
0.824
0.824
0.824
0.824
0.824
0.824
0.824
0.824
0.824
0.824
0.824
0.824
0.824
0.824
0.824
0.824
0.824
0.824
0.824
0.824
0.824
0.824
0.824
0.824
0.824
0.824
0.823
0.823
0.823
0.823
0.823
0.823
0.823
0.823
0.823
0.823
0.823
0.823
0.823
0.822
0.822
0.823
0.822
0.823
0.823
0.823
0.823
0.823
0.823
0.823
0.823
0.823
0.823
0.823
0.823
0.823
0.823
0.823
0.823
0.823
0.823
0.823
0.823
0.823
0.823
0.823
0.823
0.824
0.824
0.824
0.823
0.823
0.823
0.823
0.824
0.824
0.824
0.824
0.824
0.824
0.824
0.824
0.824
0.824
0.824
0.824
0.824
0.824
0.824
0.824
0.824
0.824
0.824
0.824
0.824
0.824
0.824
0.824
0.824
0.824
0.824
0.824
0.824
0.824
0.824
0.824
0.824
0.824
0.824
0.824
0.824
0.824
0.824
0.824
0.824
0.824
0.824
0.824
0.824
0.824
0.824
0.824
0.824
0.824
0.824
0.824
0.824
0.824
0.824
0.824
0.824
0.824
0.824
0.824
0.824
0.824
0.824
0.824
0.824
0.824
0.824
0.824
0.824
0.823
0.824
0.823
0.823
0.823
0.823
0.823
0.823
0.823
0.823
0.823
0.823
0.823
0.823
0.823
0.823
0.823
0.823
0.823
0.823
0.823
0.823
0.823
0.823
0.823
0.823
0.823
0.823
0.823
0.823
0.822
0.823
0.823
0.823
0.822
0.822
0.822
0.822
0.822
0.822
0.822
0.822
0.822
0.822
0.822
0.822
0.822
0.822
0.822
0.822
0.822
0.822
0.822
0.822
0.822
0.822
0.821
0.821
0.821
0.821
0.821
0.821
0.821
0.821
0.821
0.821
0.821
0.821
0.821
0.822
0.822
0.822
0.822
0.822
0.822
0.822
0.822
0.822
0.822
0.822
0.822
0.822
0.822
0.822
0.822
0.821
0.821
0.821
0.821
0.821
0.821
0.821
0.821
0.821
0.821
0.821
0.821
0.821
0.821
0.821
0.821
0.821
0.820
0.820
0.820
0.820
0.820
0.820
0.820
0.820
0.820
0.820
0.820
0.820
0.820
0.820
0.819
0.819
0.819
0.819
0.819
0.819
0.819
0.819
0.819
0.819
0.819
0.819
0.819
0.819
0.819
0.819
0.819
0.819
0.819
0.819
0.819
0.819
0.819
0.820
0.819
0.819
0.819
0.819
0.819
0.819
0.819
0.819
0.819
0.819
0.819
0.819
0.819
0.819
0.819
0.819
0.819
0.819
0.819
0.819
0.819
0.819
0.819
0.819
0.819
0.819
0.819
0.819
0.819
0.820
0.819
0.820
0.820
0.819
0.820
0.820
0.819
0.819
0.820
0.820
0.819
0.819
0.819
0.819
0.819
0.819
0.819
0.819
0.819
0.819
0.819
0.819
0.819
0.819
0.819
0.819
0.819
0.819
0.819
0.819
0.819
0.819
0.819
0.819
0.819
0.819
0.819
0.819
0.819
0.819
0.819
0.819
0.819
0.819
0.819
0.819
0.819
0.819
0.819
0.819
0.819
0.819
0.819
0.819
0.819
0.819
0.819
0.819
0.819
0.819
0.819
0.819
0.819
0.819
0.819
0.819
0.819
0.819
0.819
0.819
0.819
0.819
0.819
0.819
0.819
0.819
0.819
0.819
0.819
0.819
0.819
0.819
0.819
0.819
0.819
0.819
0.819
0.819
0.819
0.819
0.819
0.819
0.819
0.819
0.820
0.819
0.819
0.819
0.819
0.819
0.819
0.819
0.819
0.819
0.819
0.819
0.819
0.819
0.819
0.819
0.819
0.819
0.819
0.819
0.819
0.819
0.819
0.819
0.819
0.819
0.819
0.819
0.819
0.819
0.819
0.819
0.819
0.819
0.819
0.819
0.819
0.819
0.819
0.819
0.819
0.819
0.819
0.819
0.819
0.819
0.819
0.819
0.819
0.819
0.818
0.818
0.818
0.818
0.818
0.818
0.818
0.818
0.818
0.819
0.818
0.818
0.818
0.818
0.818
0.818
0.818
0.818
0.818
0.818
0.818
0.818
0.818
0.819
0.818
0.818
0.818
0.819
0.819
0.819
0.819
0.819
0.819
0.819
0.819
0.819
0.819
0.819
0.819
0.819
0.819
0.819
0.819
0.819
0.819
0.819
0.819
0.819
0.819
0.819
0.819
0.819
0.819
0.819
0.819
0.819
0.819
0.819
0.819
0.819
0.819
0.819
0.819
0.819
0.819
0.819
0.819
0.819
0.819
0.819
0.819
0.819
0.819
0.819
0.819
0.819
0.819
0.819
0.819
0.819
0.819
0.819
0.819
0.818
0.818
0.818
0.818
0.818
0.818
0.818
0.818
0.818
0.818
0.818
0.818
0.818
0.818
0.818
0.818
0.818
0.818
0.818
0.818
0.818
0.818
0.818
0.818
0.818
0.818
0.818
0.818
0.818
0.818
0.818
0.818
0.818
0.818
0.819
0.819
0.819
0.819
0.819
0.819
0.819
0.819
0.819
0.819
0.819
0.819
0.819
0.819
0.819
0.819
0.819
0.819
0.819
0.819
0.819
0.819
0.819
0.819
0.819
0.819
0.819
0.819
0.819
0.819
0.819
0.819
0.819
0.819
0.819
0.819
0.819
0.819
0.819
0.819
0.819
0.819
0.819
0.819
0.819
0.819
0.819
0.819
0.819
0.819
0.819
0.819
0.819
0.819
0.819
0.819
0.819
0.819
0.819
0.819
0.819
0.819
0.819
0.819
0.819
0.819
0.819
0.819
0.819
0.819
0.819
0.819
0.819
0.819
0.819
0.819
0.819
0.819
0.819
0.819
0.819
0.819
0.819
0.819
0.819
0.820
0.820
0.820
0.820
0.820
0.820
0.820
0.820
0.820
0.820
0.820
0.820
0.820
0.820
0.820
0.820
0.820
0.820
0.820
0.820
0.820
0.820
0.820
0.820
0.820
0.820
0.820
0.820
0.820
0.820
0.820
0.820
0.820
0.820
0.820
0.820
0.821
0.821
0.821
0.821
0.821
0.821
0.821
0.821
0.821
0.821
0.821
0.821
0.821
0.821
0.821
0.821
0.821
0.821
0.821
0.821
0.821
0.821
0.821
0.821
0.821
0.821
0.821
0.821
0.821
0.821
0.821
0.821
0.821
0.821
0.821
0.821
0.821
0.821
0.821
0.821
0.821
0.821
0.821
0.821
0.821
0.821
0.821
0.821
0.821
0.821
0.821
0.821
0.821
0.821
0.821
0.821
0.821
0.821
0.821
0.822
0.821
0.822
0.822
0.822
0.822
0.822
0.822
0.822
0.822
0.822
0.822
0.822
0.822
0.822
0.822
0.822
0.822
0.822
0.822
0.822
0.822
0.822
0.822
0.822
0.822
0.822
0.822
0.822
0.822
0.822
0.822
0.822
0.822
0.822
0.822
0.822
0.822
0.822
0.822
0.822
0.822
0.823
0.823
0.822
0.822
0.822
0.822
0.822
0.822
0.822
0.822
0.822
0.822
0.822
0.822
0.822
0.822
0.822
0.822
0.822
0.822
0.822
0.822
0.822
0.822
0.823
0.823
0.823
0.823
0.823
0.823
0.823
0.823
0.823
0.823
0.823
0.822
0.822
0.822
0.822
0.822
0.822
0.822
0.822
0.822
0.822
0.822
0.822
0.822
0.822
0.822
0.822
0.822
0.822
0.822
0.822
0.822
0.823
0.823
0.823
0.823
0.823
0.823
0.823
0.823
0.823
0.823
0.822
0.822
0.822
0.822
0.822
0.822
0.822
0.822
0.822
0.822
0.822
0.822
0.822
0.822
0.822
0.822
0.822
0.822
0.822
0.822
0.823
0.823
0.823
0.823
0.823
0.823
0.823
0.823
0.823
0.823
0.823
0.823
0.823
0.823
0.823
0.823
0.823
0.823
0.823
0.823
0.823
0.823
0.823
0.823
0.823
0.823
0.823
0.823
0.823
0.823
0.823
0.823
0.823
0.823
0.823
0.823
0.823
0.823
0.823
0.823
0.823
0.823
0.823
0.823
0.823
0.823
0.823
0.823
0.823
0.823
0.823
0.823
0.823
0.823
0.823
0.823
0.823
0.823
0.823
0.823
0.823
0.823
0.823
0.823
0.823
0.824
0.824
0.824
0.824
0.824
0.824
0.823
0.823
0.824
0.824
0.824
0.824
0.823
0.823
0.823
0.823
0.823
0.824
0.824
0.824
0.824
0.824
0.824
0.824
0.824
0.824
0.824
0.824
0.824
0.824
0.824
0.824
0.824
0.824
0.824
0.824
0.824
0.824
0.824
0.824
0.824
0.824
0.824
0.824
0.824
0.824
0.824
0.824
0.824
0.824
0.824
0.824
0.824
0.824
0.824
0.824
0.824
0.824
0.824
0.824
0.824
0.824
0.824
0.824
0.824
0.824
0.824
0.824
0.824
0.824
0.824
0.824
0.824
0.824
0.824
0.824
0.824
0.824
0.824
0.824
0.824
0.824
0.824
0.824
0.824
0.824
0.824
0.824
0.824
0.824
0.824
0.824
0.824
0.824
0.824
0.824
0.824
0.824
0.824
0.824
0.824
0.824
0.824
0.824
0.824
0.824
0.824
0.824
0.824
0.824
0.824
0.824
0.824
0.824
0.824
0.824
0.824
0.824
0.824
0.824
0.824
0.824
0.824
0.824
0.824
0.824
0.824
0.824
0.824
0.824
0.824
0.824
0.824
0.824
0.824
0.824
0.824
0.824
0.824
0.824
0.824
0.824
0.824
0.824
0.824
0.824
0.824
0.824
0.824
0.824
0.824
0.824
0.824
0.824
0.824
0.824
0.824
0.824
0.824
0.824
0.824
0.824
0.824
0.824
0.824
0.824
0.824
0.824
0.824
0.824
0.824
0.824
0.824
0.824
0.824
0.824
0.824
0.824
0.824
0.824
0.825
0.825
0.825
0.825
0.825
0.825
0.825
0.825
0.825
0.825
0.825
0.825
0.825
0.825
0.825
0.825
0.825
0.825
0.825
0.825
0.825
0.825
0.825
0.825
0.825
0.825
0.825
0.825
0.825
0.825
0.825
0.825
0.825
0.825
0.825
0.825
0.825
0.825
0.825
0.825
0.825
0.825
0.825
0.825
0.825
0.825
0.825
0.825
0.825
0.825
0.825
0.825
0.825
0.825
0.825
0.825
0.825
0.825
0.825
0.825
0.825
0.825
0.825
0.825
0.825
0.825
0.825
0.825
0.825
0.825
0.825
0.825
0.825
0.825
0.825
0.825
0.826
0.826
0.826
0.826
0.826
0.826
0.826
0.826
0.826
0.826
0.826
0.826
0.826
0.825
0.826
0.826
0.826
0.826
0.826
0.826
0.826
0.826
0.826
0.826
0.825
0.825
0.825
0.825
0.825
0.825
0.825
0.825
0.825
0.825
0.825
0.825
0.825
0.825
0.825
0.825
0.825
0.825
0.825
0.825
0.825
0.825
0.825
0.825
0.825
0.825
0.825
0.825
0.825
0.825
0.825
0.825
0.825
0.825
0.825
0.825
0.825
0.826
0.826
0.826
0.826
0.826
0.826
0.826
0.826
0.826
0.826
0.826
0.826
0.826
0.826
0.826
0.826
0.826
0.826
0.826
0.826
0.826
0.826
0.826
0.826
0.826
0.826
0.826
0.826
0.826
0.826
0.826
0.826
0.826
0.826
0.825
0.825
0.825
0.825
0.825
0.825
0.825
0.825
0.825
0.825
0.825
0.825
0.825
0.825
0.825
0.825
0.825
0.825
0.825
0.825
0.825
0.825
0.825
0.825
0.825
0.825
0.825
0.825
0.825
0.825
0.825
0.825
0.825
0.825
0.825
0.825
0.825
0.825
0.825
0.825
0.825
0.825
0.825
0.825
0.825
0.825
0.825
0.825
0.825
0.825
0.825
0.825
0.825
0.825
0.825
0.825
0.825
0.825
0.825
0.825
0.825
0.825
0.825
0.825
0.825
0.825
0.825
0.825
0.825
0.825
0.825
0.825
0.825
0.825
0.825
0.825
0.825
0.825
0.825
0.825
0.825
0.824
0.824
0.824
0.824
0.824
0.824
0.824
0.824
0.824
0.824
0.824
0.824
0.824
0.824
0.824
0.824
0.824
0.824
0.824
0.824
0.824
0.824
0.824
0.824
0.824
0.824
0.824
0.824
0.824
0.824
0.824
0.824
0.824
0.824
0.824
0.824
0.824
0.824
0.824
0.824
0.824
0.824
0.824
0.824
0.824
0.824
0.824
0.824
0.824
0.824
0.824
0.824
0.824
0.824
0.824
0.824
0.824
0.824
0.824
0.824
0.824
0.824
0.824
0.824
0.824
0.824
0.824
0.824
0.824
0.824
0.824
0.824
0.824
0.824
0.824
0.824
0.824
0.824
0.824
0.824
0.824
0.824
0.824
0.824
0.824
0.824
0.824
0.824
0.824
0.824
0.824
0.824
0.824
0.824
0.824
0.824
0.824
0.824
0.823
0.823
0.823
0.823
0.823
0.823
0.823
0.823
0.823
0.823
0.823
0.823
0.823
0.823
0.823
0.823
0.823
0.823
0.823
0.823
0.823
0.823
0.823
0.823
0.823
0.823
0.823
0.823
0.823
0.823
0.823
0.823
0.823
0.823
0.823
0.823
0.823
0.823
0.823
0.823
0.823
0.823
0.823
0.823
0.823
0.823
0.823
0.823
0.823
0.823
0.823
0.823
0.823
0.823
0.823
0.823
0.823
0.823
0.823
0.823
0.823
0.823
0.823
0.823
0.823
0.823
0.823
0.823
0.823
0.823
0.823
0.823
0.823
0.823
0.823
0.823
0.823
0.823
0.822
0.822
0.822
0.822
0.822
0.822
0.822
0.822
0.822
0.822
0.822
0.822
0.822
0.822
0.822
0.822
0.822
0.822
0.822
0.822
0.822
0.822
0.822
0.822
0.822
0.822
0.822
0.822
0.822
0.822
0.822
0.822
0.822
0.822
0.822
0.822
0.822
0.822
0.822
0.822
0.822
0.822
0.822
0.822
0.822
0.822
0.822
0.822
0.822
0.822
0.822
0.822
0.822
0.822
0.822
0.822
0.822
0.822
0.822
0.822
0.822
0.822
0.822
0.822
0.822
0.822
0.822
0.822
0.822
0.822
0.822
0.822
0.822
0.822
0.822
0.822
0.822
0.822
0.822
0.822
0.822
0.822
0.822
0.822
0.822
0.822
0.822
0.822
0.822
0.822
0.821
0.821
0.821
0.821
0.821
0.821
0.821
0.821
0.821
0.821
0.821
0.821
0.821
0.821
0.821
0.821
0.821
0.821
0.821
0.821
0.821
0.821
0.821
0.821
0.821
0.821
0.821
0.821
0.821
0.821
0.821
0.821
0.821
0.821
0.821
0.821
0.821
0.821
0.821
0.821
0.821
0.821
0.821
0.821
0.821
0.821
0.821
0.821
0.821
0.821
0.821
0.821
0.821
0.821
0.821
0.821
0.821
0.821
0.821
0.821
0.821
0.821
0.821
0.821
0.821
0.821
0.821
0.821
0.821
0.821
0.821
0.821
0.821
0.821
0.821
0.821
0.821
0.821
0.821
0.821
0.821
0.821
0.821
0.821
0.821
0.821
0.821
0.821
0.821