
0.223
0.146
0.209
0.212
0.206
0.207
0.187
0.199
0.198
0.248
0.258
0.260
0.246
0.296
0.288
0.281
0.273
0.301
0.294
0.315
0.339
0.337
0.326
0.329
0.320
0.321
0.322
0.313
0.331
0.350
0.367
0.358
0.353
0.345
0.357
0.354
0.349
0.358
0.374
0.368
0.365
0.372
0.380
0.377
0.371
0.366
0.362
0.357
0.358
0.352
0.349
0.345
0.345
0.347
0.343
0.339
0.347
0.346
0.342
0.347
0.354
0.354
0.354
0.353
0.349
0.346
0.348
0.344
0.345
0.353
0.358
0.364
0.368
0.365
0.361
0.360
0.362
0.361
0.364
0.362
0.359
0.359
0.357
0.361
0.365
0.362
0.360
0.365
0.369
0.374
0.378
0.378
0.384
0.381
0.379
0.376
0.377
0.381
0.380
0.378
0.376
0.381
0.379
0.379
0.376
0.374
0.371
0.370
0.367
0.365
0.367
0.366
0.365
0.365
0.364
0.366
0.369
0.372
0.370
0.375
0.372
0.375
0.378
0.376
0.377
0.375
0.378
0.378
0.379
0.377
0.381
0.378
0.376
0.379
0.377
0.376
0.380
0.379
0.378
0.376
0.374
0.377
0.378
0.377
0.378
0.378
0.376
0.374
0.372
0.374
0.372
0.371
0.370
0.369
0.370
0.372
0.370
0.373
0.375
0.375
0.377
0.380
0.378
0.377
0.376
0.375
0.373
0.372
0.370
0.369
0.372
0.375
0.376
0.375
0.374
0.372
0.373
0.373
0.375
0.378
0.381
0.379
0.378
0.377
0.376
0.375
0.378
0.379
0.382
0.381
0.380
0.379
0.380
0.379
0.378
0.377
0.377
0.376
0.379
0.377
0.377
0.375
0.374
0.376
0.376
0.378
0.380
0.380
0.379
0.377
0.376
0.375
0.377
0.378
0.377
0.380
0.379
0.378
0.378
0.377
0.379
0.377
0.377
0.378
0.378
0.380
0.380
0.379
0.379
0.379
0.378
0.378
0.380
0.380
0.379
0.378
0.380
0.382
0.381
0.380
0.379
0.378
0.378
0.378
0.377
0.379
0.378
0.378
0.380
0.382
0.382
0.382
0.381
0.380
0.381
0.380
0.381
0.380
0.379
0.378
0.378
0.379
0.378
0.380
0.382
0.382
0.383
0.383
0.382
0.383
0.383
0.384
0.386
0.385
0.383
0.386
0.385
0.384
0.383
0.383
0.383
0.382
0.381
0.381
0.380
0.380
0.379
0.379
0.378
0.379
0.378
0.378
0.378
0.377
0.376
0.376
0.375
0.375
0.374
0.374
0.373
0.372
0.372
0.371
0.371
0.370
0.370
0.370
0.371
0.371
0.371
0.370
0.370
0.369
0.370
0.371
0.370
0.371
0.370
0.371
0.370
0.370
0.370
0.369
0.369
0.368
0.368
0.369
0.369
0.369
0.369
0.369
0.369
0.369
0.368
0.368
0.369
0.370
0.369
0.369
0.370
0.369
0.369
0.369
0.369
0.368
0.369
0.369
0.369
0.369
0.368
0.368
0.368
0.367
0.367
0.367
0.368
0.367
0.367
0.367
0.367
0.366
0.367
0.366
0.366
0.366
0.366
0.366
0.365
0.365
0.364
0.364
0.364
0.364
0.364
0.363
0.363
0.363
0.363
0.363
0.364
0.363
0.363
0.363
0.363
0.363
0.363
0.363
0.362
0.362
0.362
0.361
0.361
0.360
0.360
0.360
0.360
0.360
0.359
0.359
0.359
0.359
0.359
0.359
0.359
0.359
0.358
0.358
0.357
0.357
0.357
0.357
0.357
0.356
0.356
0.355
0.356
0.356
0.356
0.356
0.355
0.355
0.355
0.355
0.354
0.354
0.354
0.353
0.353
0.353
0.353
0.353
0.353
0.353
0.353
0.353
0.353
0.352
0.352
0.351
0.351
0.352
0.352
0.352
0.352
0.352
0.352
0.351
0.351
0.351
0.351
0.351
0.350
0.350
0.350
0.349
0.349
0.349
0.349
0.349
0.349
0.349
0.349
0.348
0.348
0.349
0.348
0.348
0.348
0.348
0.348
0.348
0.348
0.348
0.348
0.348
0.348
0.348
0.348
0.348
0.348
0.348
0.347
0.347
0.347
0.347
0.347
0.347
0.347
0.347
0.347
0.347
0.347
0.346
0.346
0.346
0.346
0.346
0.346
0.346
0.346
0.346
0.346
0.345
0.345
0.345
0.345
0.345
0.345
0.345
0.345
0.345
0.344
0.344
0.345
0.345
0.345
0.345
0.345
0.345
0.345
0.345
0.345
0.345
0.346
0.345
0.345
0.345
0.345
0.345
0.345
0.345
0.345
0.345
0.345
0.345
0.345
0.344
0.344
0.344
0.344
0.344
0.344
0.344
0.344
0.344
0.344
0.344
0.344
0.344
0.344
0.344
0.344
0.343
0.343
0.343
0.343
0.343
0.343
0.343
0.343
0.343
0.343
0.343
0.343
0.343
0.343
0.343
0.343
0.342
0.342
0.342
0.342
0.342
0.342
0.342
0.341
0.341
0.341
0.341
0.341
0.340
0.340
0.340
0.340
0.340
0.340
0.340
0.340
0.340
0.340
0.340
0.340
0.340
0.340
0.340
0.340
0.340
0.340
0.340
0.339
0.340
0.340
0.340
0.340
0.339
0.339
0.339
0.339
0.339
0.339
0.339
0.339
0.340
0.340
0.340
0.339
0.339
0.339
0.339
0.339
0.339
0.339
0.339
0.339
0.339
0.339
0.338
0.338
0.338
0.338
0.338
0.338
0.338
0.338
0.338
0.338
0.338
0.338
0.338
0.338
0.338
0.338
0.338
0.338
0.338
0.339
0.339
0.339
0.339
0.339
0.339
0.339
0.339
0.339
0.339
0.339
0.339
0.340
0.340
0.340
0.340
0.340
0.340
0.340
0.340
0.340
0.340
0.340
0.341
0.341
0.341
0.341
0.341
0.341
0.341
0.341
0.341
0.341
0.342
0.342
0.342
0.342
0.342
0.342
0.342
0.342
0.342
0.342
0.342
0.342
0.342
0.342
0.342
0.342
0.342
0.342
0.342
0.342
0.342
0.341
0.341
0.341
0.341
0.341
0.342
0.341
0.341
0.341
0.341
0.341
0.341
0.341
0.341
0.341
0.341
0.341
0.341
0.341
0.341
0.341
0.341
0.341
0.341
0.341
0.341
0.341
0.341
0.341
0.341
0.341
0.341
0.341
0.341
0.341
0.341
0.341
0.341
0.341
0.341
0.341
0.341
0.341
0.341
0.340
0.341
0.341
0.341
0.341
0.341
0.341
0.341
0.341
0.341
0.341
0.341
0.341
0.341
0.341
0.341
0.340
0.340
0.340
0.341
0.341
0.340
0.341
0.341
0.341
0.341
0.341
0.341
0.341
0.341
0.341
0.341
0.341
0.340
0.341
0.341
0.341
0.341
0.341
0.341
0.341
0.341
0.341
0.341
0.340
0.341
0.341
0.341
0.341
0.341
0.341
0.341
0.341
0.341
0.340
0.340
0.340
0.341
0.341
0.341
0.341
0.341
0.341
0.341
0.341
0.341
0.341
0.341
0.341
0.341
0.341
0.341
0.341
0.341
0.341
0.341
0.341
0.341
0.341
0.341
0.341
0.341
0.341
0.341
0.341
0.341
0.341
0.341
0.341
0.340
0.340
0.341
0.341
0.341
0.340
0.341
0.341
0.340
0.340
0.340
0.340
0.340
0.340
0.340
0.341
0.341
0.340
0.340
0.340
0.340
0.340
0.340
0.340
0.340
0.340
0.340
0.340
0.340
0.340
0.340
0.340
0.340
0.340
0.340
0.340
0.340
0.340
0.340
0.340
0.340
0.340
0.340
0.340
0.340
0.340
0.340
0.340
0.340
0.340
0.339
0.339
0.339
0.339
0.339
0.339
0.339
0.339
0.339
0.339
0.339
0.339
0.339
0.339
0.339
0.339
0.339
0.339
0.339
0.339
0.338
0.338
0.338
0.338
0.338
0.339
0.338
0.338
0.339
0.338
0.338
0.338
0.338
0.338
0.338
0.338
0.338
0.338
0.338
0.338
0.338
0.338
0.338
0.338
0.338
0.338
0.338
0.338
0.338
0.338
0.338
0.338
0.338
0.338
0.338
0.338
0.338
0.338
0.338
0.338
0.338
0.338
0.338
0.338
0.338
0.338
0.338
0.338
0.338
0.338
0.338
0.338
0.338
0.338
0.338
0.338
0.338
0.338
0.338
0.338
0.338
0.338
0.338
0.337
0.337
0.337
0.336
0.336
0.336
0.336
0.336
0.336
0.336
0.336
0.335
0.335
0.335
0.335
0.334
0.334
0.334
0.334
0.333
0.333
0.333
0.333
0.333
0.333
0.333
0.333
0.333
0.333
0.333
0.333
0.334
0.334
0.334
0.333
0.333
0.333
0.333
0.333
0.333
0.333
0.333
0.333
0.334
0.333
0.334
0.333
0.333
0.333
0.332
0.332
0.333
0.332
0.332
0.333
0.333
0.333
0.333
0.333
0.333
0.333
0.332
0.332
0.332
0.332
0.332
0.332
0.332
0.332
0.332
0.332
0.332
0.333
0.333
0.332
0.332
0.332
0.332
0.331
0.331
0.331
0.331
0.331
0.331
0.330
0.331
0.331
0.331
0.331
0.331
0.331
0.330
0.330
0.330
0.330
0.330
0.330
0.330
0.329
0.329
0.329
0.329
0.330
0.330
0.330
0.330
0.330
0.331
0.331
0.331
0.331
0.331
0.331
0.331
0.331
0.330
0.330
0.331
0.331
0.331
0.331
0.331
0.331
0.331
0.331
0.331
0.330
0.331
0.331
0.331
0.331
0.330
0.330
0.330
0.331
0.331
0.331
0.331
0.331
0.331
0.331
0.331
0.331
0.331
0.331
0.331
0.331
0.331
0.332
0.332
0.332
0.331
0.332
0.332
0.332
0.331
0.331
0.331
0.331
0.331
0.331
0.331
0.331
0.330
0.331
0.331
0.330
0.330
0.330
0.330
0.330
0.330
0.330
0.330
0.329
0.329
0.329
0.329
0.329
0.329
0.329
0.328
0.328
0.328
0.329
0.329
0.329
0.329
0.329
0.329
0.329
0.329
0.328
0.328
0.328
0.328
0.328
0.328
0.328
0.328
0.328
0.328
0.328
0.328
0.328
0.328
0.328
0.328
0.328
0.327
0.327
0.327
0.328
0.327
0.327
0.327
0.327
0.327
0.327
0.327
0.326
0.326
0.326
0.327
0.326
0.326
0.326
0.326
0.326
0.327
0.326
0.327
0.326
0.326
0.326
0.326
0.326
0.327
0.327
0.327
0.327
0.327
0.326
0.326
0.326
0.327
0.327
0.327
0.327
0.327
0.327
0.328
0.327
0.327
0.328
0.327
0.328
0.327
0.327
0.328
0.327
0.328
0.328
0.329
0.329
0.329
0.329
0.329
0.329
0.329
0.329
0.329
0.329
0.329
0.330
0.329
0.329
0.330
0.330
0.330
0.330
0.329
0.329
0.329
0.329
0.329
0.329
0.329
0.329
0.329
0.329
0.329
0.329
0.329
0.329
0.329
0.329
0.329
0.329
0.330
0.329
0.329
0.329
0.329
0.329
0.329
0.329
0.329
0.329
0.329
0.329
0.329
0.330
0.329
0.329
0.329
0.329
0.329
0.329
0.329
0.329
0.329
0.329
0.329
0.329
0.329
0.328
0.328
0.328
0.328
0.328
0.328
0.328
0.328
0.328
0.328
0.328
0.328
0.328
0.328
0.328
0.328
0.328
0.328
0.328
0.328
0.328
0.328
0.328
0.328
0.328
0.328
0.328
0.328
0.328
0.328
0.329
0.329
0.329
0.329
0.329
0.329
0.329
0.329
0.329
0.329
0.329
0.329
0.329
0.329
0.329
0.329
0.329
0.329
0.329
0.330
0.330
0.330
0.330
0.330
0.330
0.330
0.330
0.330
0.330
0.330
0.330
0.330
0.330
0.330
0.330
0.330
0.330
0.330
0.330
0.330
0.330
0.330
0.330
0.330
0.330
0.330
0.330
0.330
0.330
0.330
0.330
0.330
0.330
0.330
0.330
0.330
0.330
0.330
0.330
0.330
0.330
0.330
0.330
0.330
0.330
0.330
0.330
0.330
0.330
0.330
0.330
0.330
0.330
0.330
0.330
0.330
0.330
0.330
0.330
0.330
0.330
0.330
0.330
0.330
0.330
0.330
0.330
0.330
0.330
0.330
0.330
0.330
0.330
0.330
0.330
0.330
0.330
0.330
0.330
0.330
0.330
0.330
0.330
0.330
0.330
0.330
0.330
0.330
0.330
0.330
0.330
0.330
0.330
0.330
0.330
0.330
0.330
0.330
0.330
0.330
0.330
0.330
0.330
0.330
0.330
0.330
0.330
0.330
0.330
0.330
0.330
0.330
0.330
0.330
0.330
0.330
0.330
0.330
0.330
0.330
0.330
0.330
0.330
0.330
0.330
0.330
0.330
0.330
0.330
0.330
0.330
0.330
0.330
0.330
0.330
0.331
0.331
0.331
0.331
0.331
0.331
0.331
0.331
0.331
0.331
0.331
0.331
0.331
0.332
0.332
0.332
0.332
0.333
0.333
0.333
0.334
0.334
0.335
0.335
0.335
0.335
0.336
0.336
0.336
0.336
0.337
0.337
0.337
0.338
0.338
0.338
0.338
0.339
0.339
0.339
0.340
0.340
0.340
0.340
0.341
0.341
0.342
0.342
0.341
0.341
0.341
0.342
0.342
0.343
0.343
0.343
0.343
0.343
0.343
0.343
0.343
0.343
0.342
0.343
0.343
0.343
0.343
0.344
0.344
0.344
0.344
0.345
0.345
0.345
0.346
0.346
0.346
0.346
0.347
0.347
0.348
0.347
0.348
0.348
0.348
0.348
0.347
0.347
0.347
0.347
0.347
0.347
0.347
0.347
0.347
0.347
0.346
0.346
0.346
0.346
0.346
0.346
0.347
0.347
0.347
0.347
0.348
0.347
0.347
0.348
0.348
0.348
0.348
0.348
0.348
0.348
0.348
0.348
0.348
0.348
0.348
0.348
0.348
0.348
0.347
0.347
0.347
0.347
0.347
0.347
0.348
0.348
0.348
0.348
0.348
0.348
0.349
0.349
0.349
0.349
0.349
0.349
0.349
0.348
0.348
0.348
0.348
0.348
0.348
0.348
0.348
0.348
0.348
0.348
0.348
0.348
0.347
0.348
0.347
0.347
0.347
0.347
0.347
0.347
0.347
0.347
0.347
0.346
0.346
0.346
0.346
0.346
0.346
0.346
0.346
0.346
0.346
0.346
0.346
0.346
0.346
0.346
0.346
0.346
0.346
0.346
0.346
0.346
0.346
0.345
0.345
0.345
0.345
0.345
0.345
0.345
0.345
0.345
0.345
0.345
0.345
0.345
0.345
0.345
0.345
0.345
0.344
0.344
0.344
0.344
0.344
0.344
0.344
0.344
0.344
0.344
0.343
0.343
0.343
0.343
0.343
0.343
0.343
0.343
0.343
0.343
0.343
0.343
0.343
0.343
0.343
0.343
0.343
0.342
0.342
0.342
0.342
0.342
0.342
0.342
0.342
0.342
0.342
0.342
0.342
0.342
0.342
0.342
0.342
0.342
0.342
0.342
0.342
0.342
0.341
0.341
0.341
0.341
0.341
0.341
0.341
0.341
0.341
0.341
0.341
0.341
0.341
0.341
0.341
0.341
0.341
0.341
0.341
0.341
0.341
0.340
0.340
0.340
0.340
0.340
0.340
0.340
0.340
0.340
0.340
0.340
0.340
0.340
0.340
0.340
0.340
0.340
0.340
0.340
0.340
0.340
0.340
0.340
0.340
0.340
0.340
0.340
0.339
0.339
0.339
0.339
0.339
0.339
0.339
0.339
0.339
0.339
0.339
0.339
0.339
0.339
0.339
0.339
0.339
0.339
0.339
0.339
0.339
0.339
0.339
0.339
0.339
0.339
0.339
0.339
0.339
0.339
0.339
0.339
0.339
0.339
0.339
0.339
0.339
0.339
0.339
0.339
0.339
0.339
0.339
0.339
0.339
0.339
0.338
0.338
0.338
0.338
0.338
0.338
0.338
0.338
0.338
0.338
0.338
0.338
0.338
0.338
0.338
0.338
0.338
0.338
0.338
0.338
0.338
0.338
0.338
0.338
0.338
0.338
0.338
0.338
0.338
0.338
0.338
0.338
0.338
0.338
0.338
0.338
0.338
0.338
0.337
0.337
0.337
0.337
0.337
0.337
0.337
0.337
0.337
0.337
0.337
0.337
0.337
0.337
0.337
0.337
0.337
0.337
0.337
0.337
0.337
0.337
0.337
0.337
0.337
0.337
0.337
0.337
0.337
0.337
0.337
0.337
0.337
0.337
0.337
0.337
0.337
0.337
0.337
0.337
0.337
0.337
0.337
0.337
0.337
0.337
0.337
0.337
0.337
0.337
0.337
0.336
0.336
0.336
0.336
0.336
0.336
0.337
0.337
0.337
0.337
0.337
0.337
0.337
0.337
0.337
0.337
0.337
0.337
0.337
0.336
0.336
0.336
0.336
0.336
0.336
0.336
0.336
0.336
0.336
0.336
0.336
0.336
0.336
0.336
0.336
0.336
0.336
0.336
0.336
0.336
0.336
0.336
0.336
0.336
0.336
0.336
0.336
0.336
0.336
0.336
0.336
0.336
0.336
0.336
0.336
0.336
0.336
0.336
0.336
0.336
0.336
0.336
0.336
0.336
0.336
0.336
0.336
0.336
0.336
0.336
0.336
0.336
0.337
0.337
0.337
0.337
0.337
0.337
0.337
0.337
0.337
0.337
0.337
0.337
0.337
0.337
0.337
0.337
0.337
0.337
0.337
0.337
0.337
0.337
0.337
0.337
0.337
0.337
0.337
0.337
0.337
0.337
0.337
0.337
0.337
0.337
0.337
0.337
0.337
0.337
0.337
0.337
0.336
0.336
0.336
0.336
0.336
0.337
0.337
0.337
0.336
0.337
0.337
0.337
0.337
0.336
0.337
0.337
0.337
0.337
0.337
0.337
0.337
0.337
0.337
0.337
0.336
0.337
0.336
0.336
0.336
0.336
0.336
0.336
0.336
0.337
0.337
0.336
0.336
0.336
0.337
0.337
0.337
0.337
0.336
0.336
0.336
0.336
0.336
0.336
0.336
0.336
0.336
0.336
0.337
0.336
0.336
0.336
0.337
0.337
0.337
0.336
0.336
0.337
0.337
0.337
0.337
0.336
0.336
0.336
0.336
0.336
0.336
0.337
0.337
0.337
0.337
0.337
0.337
0.337
0.337
0.337
0.337
0.337
0.337
0.337
0.337
0.337
0.337
0.337
0.337
0.337
0.337
0.337
0.337
0.337
0.337
0.337
0.337
0.337
0.337
0.337
0.337
0.337
0.337
0.337
0.337
0.337
0.337
0.337
0.337
0.337
0.337
0.337
0.337
0.337
0.337
0.337
0.337
0.337
0.337
0.337
0.337
0.337
0.337
0.337
0.337
0.337
0.337
0.337
0.337
0.337
0.337
0.337
0.337
0.337
0.337
0.337
0.337
0.337
0.337
0.337
0.337
0.338
0.338
0.338
0.337
0.337
0.338
0.338
0.338
0.338
0.338
0.338
0.338
0.338
0.338
0.338
0.338
0.338
0.338
0.338
0.338
0.338
0.338
0.338
0.338
0.338
0.338
0.338
0.338
0.338
0.338
0.338
0.338
0.338
0.338
0.338
0.338
0.338
0.338
0.338
0.338
0.338
0.338
0.338
0.338
0.338
0.338
0.338
0.338
0.338
0.338
0.338
0.338
0.338
0.338
0.338
0.338
0.338
0.338
0.338
0.338
0.338
0.338
0.338
0.338
0.338
0.338
0.338
0.338
0.338
0.338