Precisão média por imagem
0.166
0.175
0.424
0.483
0.438
0.452
0.473
0.488
0.507
0.491
0.468
0.483
0.488
0.493
0.508
0.511
0.513
0.510
0.513
0.511
0.498
0.487
0.494
0.506
0.505
0.506
0.513
0.521
0.529
0.526
0.522
0.530
0.529
0.531
0.537
0.537
0.540
0.541
0.543
0.544
0.546
0.550
0.550
0.543
0.542
0.536
0.537
0.533
0.533
0.534
0.536
0.537
0.537
0.538
0.539
0.538
0.539
0.539
0.541
0.540
0.540
0.541
0.543
0.544
0.547
0.549
0.550
0.550
0.548
0.547
0.546
0.545
0.546
0.546
0.547
0.547
0.545
0.545
0.544
0.544
0.545
0.541
0.541
0.539
0.537
0.537
0.537
0.537
0.537
0.536
0.536
0.538
0.539
0.538
0.535
0.535
0.535
0.536
0.537
0.535
0.531
0.529
0.527
0.525
0.525
0.523
0.524
0.523
0.524
0.523
0.521
0.520
0.519
0.519
0.518
0.517
0.516
0.516
0.517
0.518
0.519
0.520
0.519
0.518
0.517
0.516
0.515
0.517
0.518
0.519
0.519
0.521
0.522
0.522
0.523
0.524
0.524
0.525
0.526
0.527
0.527
0.529
0.529
0.528
0.530
0.530
0.531
0.530
0.532
0.533
0.533
0.532
0.531
0.530
0.529
0.530
0.531
0.532
0.533
0.533
0.533
0.533
0.533
0.532
0.533
0.533
0.534
0.534
0.533
0.533
0.533
0.533
0.533
0.532
0.531
0.531
0.531
0.530
0.530
0.529
0.529
0.529
0.529
0.530
0.531
0.531
0.530
0.530
0.530
0.530
0.530
0.530
0.531
0.531
0.532
0.533
0.532
0.532
0.532
0.532
0.532
0.532
0.533
0.533
0.534
0.534
0.535
0.535
0.536
0.537
0.537
0.536
0.535
0.535
0.534
0.533
0.533
0.532
0.533
0.533
0.533
0.533
0.534
0.534
0.534
0.534
0.534
0.534
0.534
0.534
0.535
0.535
0.535
0.536
0.536
0.536
0.537
0.537
0.537
0.537
0.537
0.537
0.536
0.536
0.536
0.535
0.536
0.536
0.537
0.536
0.536
0.537
0.538
0.537
0.538
0.538
0.538
0.539
0.539
0.540
0.540
0.540
0.539
0.540
0.539
0.539
0.538
0.537
0.537
0.537
0.536
0.535
0.536
0.536
0.536
0.536
0.535
0.534
0.534
0.533
0.533
0.532
0.532
0.532
0.532
0.533
0.533
0.533
0.534
0.534
0.535
0.536
0.535
0.534
0.534
0.534
0.533
0.532
0.532
0.532
0.532
0.532
0.533
0.533
0.533
0.532
0.533
0.533
0.533
0.533
0.533
0.532
0.531
0.530
0.529
0.529
0.528
0.527
0.528
0.528
0.528
0.529
0.529
0.529
0.530
0.530
0.530
0.530
0.530
0.530
0.530
0.530
0.530
0.531
0.531
0.530
0.530
0.530
0.530
0.529
0.528
0.528
0.528
0.528
0.528
0.527
0.527
0.526
0.526
0.526
0.525
0.524
0.524
0.524
0.523
0.523
0.522
0.523
0.522
0.521
0.521
0.521
0.521
0.521
0.521
0.521
0.522
0.522
0.523
0.523
0.524
0.524
0.524
0.524
0.523
0.524
0.524
0.524
0.524
0.524
0.524
0.524
0.524
0.524
0.523
0.523
0.522
0.522
0.523
0.522
0.522
0.522
0.521
0.521
0.522
0.522
0.522
0.522
0.522
0.522
0.521
0.521
0.521
0.520
0.520
0.519
0.519
0.519
0.518
0.518
0.519
0.519
0.518
0.518
0.518
0.517
0.516
0.517
0.517
0.517
0.518
0.518
0.518
0.519
0.519
0.519
0.519
0.519
0.519
0.520
0.520
0.520
0.520
0.520
0.520
0.520
0.520
0.521
0.521
0.521
0.520
0.520
0.520
0.520
0.519
0.520
0.519
0.519
0.519
0.520
0.519
0.519
0.519
0.518
0.518
0.518
0.518
0.518
0.518
0.518
0.517
0.517
0.517
0.518
0.517
0.518
0.518
0.518
0.518
0.518
0.518
0.518
0.518
0.517
0.518
0.518
0.518
0.518
0.518
0.518
0.518
0.518
0.519
0.519
0.519
0.520
0.519
0.519
0.519
0.520
0.520
0.520
0.520
0.520
0.520
0.520
0.520
0.520
0.520
0.520
0.520
0.520
0.520
0.520
0.521
0.520
0.520
0.519
0.519
0.519
0.519
0.519
0.519
0.519
0.519
0.519
0.519
0.519
0.519
0.519
0.519
0.519
0.520
0.520
0.520
0.520
0.520
0.520
0.520
0.520
0.519
0.519
0.519
0.519
0.519
0.519
0.519
0.519
0.519
0.520
0.519
0.520
0.519
0.519
0.520
0.520
0.519
0.519
0.518
0.518
0.518
0.518
0.518
0.518
0.518
0.518
0.518
0.518
0.517
0.517
0.517
0.518
0.518
0.518
0.517
0.517
0.517
0.516
0.516
0.517
0.517
0.517
0.517
0.517
0.517
0.517
0.517
0.517
0.518
0.518
0.518
0.518
0.518
0.518
0.519
0.519
0.519
0.519
0.518
0.518
0.518
0.518
0.518
0.518
0.517
0.518
0.518
0.518
0.518
0.518
0.519
0.519
0.519
0.519
0.519
0.518
0.518
0.518
0.518
0.518
0.519
0.519
0.519
0.520
0.520
0.520
0.519
0.519
0.519
0.518
0.518
0.518
0.518
0.518
0.518
0.518
0.518
0.518
0.518
0.517
0.517
0.518
0.518
0.518
0.518
0.518
0.518
0.518
0.518
0.518
0.518
0.518
0.518
0.518
0.518
0.519
0.518
0.518
0.518
0.518
0.518
0.518
0.518
0.518
0.518
0.518
0.519
0.518
0.518
0.518
0.518
0.518
0.519
0.519
0.519
0.518
0.518
0.518
0.518
0.518
0.518
0.518
0.519
0.519
0.519
0.520
0.520
0.520
0.520
0.519
0.519
0.519
0.519
0.519
0.519
0.519
0.519
0.519
0.520
0.520
0.520
0.520
0.520
0.520
0.520
0.520
0.520
0.520
0.520
0.519
0.519
0.519
0.519
0.520
0.520
0.519
0.520
0.520
0.519
0.520
0.520
0.520
0.520
0.520
0.520
0.520
0.520
0.520
0.520
0.520
0.520
0.520
0.520
0.520
0.520
0.520
0.519
0.519
0.519
0.519
0.519
0.519
0.519
0.520
0.520
0.520
0.520
0.520
0.520
0.520
0.520
0.520
0.520
0.520
0.520
0.520
0.520
0.520
0.520
0.520
0.520
0.520
0.520
0.520
0.520
0.519
0.519
0.519
0.519
0.519
0.519
0.520
0.520
0.520
0.520
0.520
0.521
0.521
0.521
0.521
0.521
0.521
0.521
0.521
0.521
0.521
0.521
0.521
0.520
0.520
0.521
0.521
0.521
0.521
0.521
0.521
0.521
0.521
0.521
0.521
0.521
0.521
0.521
0.521
0.521
0.520
0.520
0.520
0.520
0.520
0.519
0.519
0.520
0.519
0.519
0.519
0.519
0.519
0.519
0.520
0.520
0.520
0.520
0.520
0.520
0.520
0.520
0.520
0.520
0.520
0.520
0.520
0.520
0.520
0.520
0.520
0.520
0.520
0.521
0.521
0.521
0.521
0.521
0.521
0.521
0.521
0.521
0.521
0.521
0.520
0.521
0.521
0.521
0.521
0.521
0.521
0.521
0.521
0.521
0.521
0.521
0.521
0.521
0.521
0.520
0.520
0.520
0.520
0.520
0.520
0.520
0.519
0.519
0.519
0.519
0.519
0.519
0.519
0.519
0.519
0.519
0.519
0.519
0.519
0.518
0.518
0.519
0.519
0.519
0.519
0.519
0.519
0.519
0.519
0.519
0.519
0.519
0.519
0.519
0.519
0.519
0.519
0.519
0.519
0.519
0.519
0.519
0.519
0.519
0.519
0.519
0.519
0.520
0.519
0.520
0.520
0.520
0.520
0.520
0.521
0.521
0.521
0.521
0.521
0.521
0.521
0.521
0.521
0.521
0.521
0.521
0.521
0.521
0.522
0.521
0.521
0.522
0.522
0.522
0.522
0.522
0.522
0.522
0.522
0.522
0.522
0.522
0.521
0.521
0.521
0.521
0.522
0.522
0.522
0.522
0.522
0.522
0.522
0.522
0.522
0.522
0.523
0.523
0.523
0.523
0.523
0.523
0.523
0.523
0.523
0.523
0.523
0.523
0.523
0.523
0.523
0.523
0.523
0.523
0.523
0.523
0.523
0.523
0.522
0.522
0.522
0.522
0.522
0.521
0.521
0.521
0.521
0.521
0.521
0.521
0.521
0.521
0.521
0.521
0.521
0.521
0.521
0.521
0.521
0.521
0.521
0.521
0.521
0.521
0.521
0.521
0.521
0.520
0.520
0.521
0.520
0.520
0.520
0.520
0.520
0.520
0.520
0.520
0.520
0.519
0.519
0.519
0.519
0.519
0.519
0.519
0.520
0.520
0.520
0.520
0.520
0.520
0.520
0.520
0.520
0.520
0.520
0.520
0.520
0.520
0.520
0.520
0.520
0.520
0.520
0.520
0.520
0.520
0.520
0.520
0.520
0.519
0.519
0.519
0.519
0.519
0.519
0.519
0.519
0.520
0.520
0.520
0.520
0.519
0.519
0.519
0.519
0.519
0.519
0.519
0.519
0.519
0.519
0.520
0.519
0.520
0.519
0.519
0.519
0.519
0.520
0.520
0.520
0.520
0.520
0.520
0.520
0.520
0.520
0.520
0.520
0.520
0.520
0.520
0.520
0.520
0.520
0.520
0.520
0.519
0.519
0.519
0.519
0.519
0.519
0.518
0.518
0.519
0.519
0.519
0.519
0.518
0.518
0.518
0.518
0.519
0.518
0.518
0.519
0.519
0.519
0.518
0.518
0.518
0.518
0.518
0.518
0.518
0.518
0.518
0.518
0.518
0.518
0.518
0.518
0.518
0.518
0.518
0.518
0.518
0.518
0.518
0.518
0.518
0.518
0.518
0.518
0.518
0.518
0.518
0.518
0.518
0.518
0.518
0.518
0.518
0.518
0.518
0.518
0.518
0.518
0.518
0.518
0.518
0.518
0.518
0.518
0.517
0.517
0.517
0.517
0.517
0.517
0.517
0.517
0.517
0.517
0.517
0.517
0.517
0.517
0.517
0.517
0.517
0.517
0.517
0.517
0.517
0.517
0.517
0.517
0.517
0.517
0.517
0.518
0.518
0.518
0.518
0.518
0.518
0.518
0.518
0.518
0.518
0.518
0.518
0.518
0.518
0.518
0.518
0.518
0.518
0.518
0.518
0.518
0.517
0.517
0.517
0.517
0.517
0.517
0.516
0.516
0.516
0.517
0.516
0.516
0.516
0.516
0.516
0.516
0.517
0.517
0.517
0.517
0.517
0.517
0.517
0.517
0.517
0.517
0.517
0.517
0.517
0.517
0.517
0.517
0.517
0.517
0.518
0.518
0.518
0.517
0.517
0.517
0.517
0.517
0.518
0.518
0.518
0.518
0.518
0.518
0.518
0.518
0.518
0.518
0.517
0.518
0.517
0.517
0.517
0.517
0.517
0.517
0.517
0.517
0.517
0.517
0.517
0.517
0.517
0.518
0.518
0.518
0.518
0.518
0.518
0.518
0.517
0.517
0.517
0.517
0.517
0.517
0.517
0.517
0.517
0.517
0.517
0.517
0.517
0.517
0.517
0.517
0.517
0.517
0.517
0.517
0.517
0.517
0.517
0.517
0.517
0.517
0.517
0.517
0.517
0.517
0.518
0.518
0.518
0.518
0.518
0.518
0.518
0.518
0.518
0.518
0.518
0.518
0.518
0.518
0.519
0.519
0.519
0.519
0.519
0.519
0.519
0.519
0.518
0.519
0.519
0.519
0.519
0.519
0.519
0.519
0.519
0.519
0.519
0.519
0.519
0.519
0.519
0.519
0.519
0.519
0.519
0.519
0.519
0.519
0.519
0.519
0.519
0.519
0.518
0.518
0.519
0.519
0.519
0.519
0.519
0.518
0.518
0.518
0.518
0.518
0.519
0.519
0.519
0.519
0.519
0.519
0.519
0.519
0.519
0.519
0.519
0.519
0.519
0.519
0.519
0.519
0.519
0.518
0.518
0.518
0.518
0.518
0.518
0.518
0.518
0.517
0.517
0.517
0.517
0.517
0.517
0.517
0.517
0.517
0.517
0.517
0.517
0.517
0.517
0.517
0.517
0.517
0.517
0.517
0.517
0.517
0.517
0.517
0.517
0.517
0.517
0.517
0.517
0.517
0.517
0.517
0.517
0.517
0.517
0.517
0.517
0.517
0.517
0.517
0.517
0.516
0.516
0.516
0.516
0.516
0.516
0.516
0.516
0.516
0.515
0.515
0.515
0.515
0.515
0.515
0.515
0.515
0.515
0.515
0.515
0.515
0.515
0.515
0.515
0.515
0.515
0.515
0.515
0.515
0.515
0.515
0.515
0.515
0.514
0.514
0.514
0.514
0.514
0.514
0.514
0.514
0.514
0.514
0.514
0.514
0.514
0.514
0.514
0.514
0.514
0.514
0.514
0.514
0.514
0.514
0.514
0.514
0.514
0.514
0.514
0.514
0.514
0.514
0.514
0.514
0.513
0.513
0.513
0.513
0.513
0.513
0.513
0.513
0.513
0.513
0.513
0.513
0.513
0.513
0.513
0.513
0.513
0.513
0.513
0.513
0.513
0.513
0.513
0.513
0.513
0.513
0.513
0.513
0.513
0.513
0.513
0.513
0.513
0.513
0.513
0.513
0.512
0.512
0.512
0.512
0.512
0.512