Precisão média por imagem
0.153
0.172
0.171
0.250
0.220
0.218
0.236
0.230
0.213
0.226
0.226
0.215
0.213
0.232
0.223
0.220
0.216
0.259
0.270
0.307
0.317
0.332
0.329
0.356
0.346
0.335
0.327
0.339
0.357
0.379
0.369
0.360
0.355
0.353
0.364
0.362
0.372
0.365
0.377
0.373
0.366
0.372
0.385
0.391
0.391
0.393
0.386
0.384
0.381
0.375
0.369
0.364
0.359
0.367
0.371
0.375
0.385
0.394
0.389
0.386
0.393
0.388
0.384
0.380
0.375
0.370
0.378
0.374
0.372
0.371
0.371
0.378
0.377
0.373
0.372
0.370
0.377
0.374
0.371
0.367
0.371
0.374
0.373
0.379
0.386
0.387
0.385
0.390
0.388
0.392
0.398
0.395
0.398
0.395
0.397
0.399
0.404
0.406
0.403
0.399
0.398
0.403
0.406
0.411
0.411
0.409
0.406
0.407
0.405
0.404
0.408
0.405
0.404
0.402
0.400
0.399
0.398
0.403
0.400
0.401
0.398
0.403
0.403
0.401
0.405
0.403
0.401
0.398
0.398
0.396
0.396
0.395
0.392
0.396
0.397
0.399
0.403
0.404
0.403
0.403
0.401
0.405
0.406
0.404
0.402
0.401
0.398
0.396
0.394
0.397
0.398
0.398
0.401
0.402
0.400
0.401
0.401
0.404
0.402
0.401
0.403
0.405
0.403
0.401
0.399
0.397
0.398
0.396
0.394
0.393
0.392
0.395
0.398
0.396
0.395
0.394
0.395
0.394
0.397
0.399
0.402
0.405
0.403
0.403
0.401
0.399
0.402
0.404
0.407
0.405
0.405
0.403
0.406
0.404
0.403
0.401
0.399
0.398
0.400
0.399
0.400
0.400
0.399
0.398
0.398
0.398
0.401
0.399
0.398
0.397
0.396
0.397
0.396
0.395
0.394
0.397
0.397
0.396
0.396
0.395
0.394
0.392
0.391
0.390
0.389
0.389
0.391
0.389
0.390
0.389
0.388
0.387
0.389
0.389
0.388
0.386
0.388
0.391
0.390
0.390
0.391
0.390
0.389
0.388
0.386
0.389
0.390
0.389
0.391
0.390
0.389
0.391
0.390
0.389
0.389
0.388
0.388
0.387
0.386
0.386
0.386
0.388
0.389
0.391
0.393
0.394
0.393
0.392
0.392
0.394
0.392
0.394
0.396
0.396
0.395
0.397
0.396
0.395
0.395
0.394
0.393
0.392
0.391
0.391
0.390
0.389
0.388
0.387
0.386
0.386
0.385
0.384
0.383
0.383
0.382
0.381
0.380
0.380
0.379
0.378
0.377
0.377
0.376
0.375
0.375
0.374
0.373
0.372
0.372
0.371
0.370
0.370
0.369
0.368
0.367
0.367
0.366
0.365
0.365
0.364
0.364
0.363
0.362
0.362
0.361
0.360
0.360
0.359
0.358
0.358
0.357
0.356
0.356
0.355
0.355
0.354
0.353
0.353
0.352
0.352
0.351
0.350
0.350
0.349
0.349
0.348
0.347
0.347
0.346
0.346
0.345
0.344
0.344
0.343
0.343
0.342
0.342
0.341
0.341
0.340
0.340
0.339
0.339
0.338
0.337
0.337
0.336
0.336
0.335
0.335
0.334
0.334
0.333
0.333
0.332
0.332
0.331
0.331
0.330
0.330
0.329
0.329
0.328
0.328
0.327
0.327
0.326
0.326
0.326
0.325
0.325
0.324
0.324
0.323
0.323
0.322
0.322
0.321
0.321
0.320
0.320
0.319
0.319
0.318
0.318
0.318
0.317
0.317
0.316
0.316
0.315
0.315
0.315
0.315
0.314
0.314
0.314
0.314
0.314
0.314
0.314
0.314
0.313
0.313
0.313
0.313
0.313
0.313
0.312
0.312
0.312
0.312
0.312
0.312
0.312
0.311
0.311
0.311
0.311
0.311
0.311
0.311
0.310
0.310
0.310
0.310
0.309
0.309
0.309
0.308
0.308
0.308
0.308
0.307
0.307
0.307
0.307
0.307
0.307
0.306
0.307
0.306
0.306
0.306
0.306
0.306
0.306
0.306
0.306
0.306
0.305
0.305
0.305
0.305
0.305
0.305
0.305
0.305
0.305
0.304
0.304
0.304
0.304
0.303
0.303
0.303
0.303
0.302
0.302
0.302
0.302
0.302
0.302
0.301
0.302
0.301
0.301
0.301
0.301
0.301
0.301
0.301
0.301
0.301
0.300
0.300
0.300
0.300
0.300
0.300
0.300
0.300
0.299
0.299
0.299
0.299
0.299
0.299
0.298
0.298
0.298
0.298
0.298
0.298
0.297
0.297
0.297
0.297
0.297
0.297
0.297
0.296
0.296
0.296
0.296
0.296
0.296
0.296
0.296
0.295
0.295
0.295
0.295
0.295
0.295
0.295
0.294
0.294
0.294
0.294
0.294
0.294
0.294
0.294
0.293
0.293
0.293
0.293
0.293
0.293
0.293
0.293
0.293
0.293
0.293
0.293
0.292
0.292
0.292
0.292
0.292
0.292
0.292
0.291
0.291
0.291
0.291
0.291
0.291
0.291
0.291
0.291
0.290
0.290
0.290
0.290
0.290
0.290
0.290
0.290
0.289
0.289
0.289
0.289
0.289
0.289
0.289
0.289
0.289
0.289
0.288
0.288
0.288
0.288
0.288
0.288
0.288
0.288
0.288
0.287
0.287
0.287
0.287
0.287
0.287
0.287
0.287
0.287
0.287
0.286
0.286
0.286
0.286
0.286
0.286
0.286
0.286
0.286
0.285
0.285
0.285
0.285
0.285
0.285
0.285
0.285
0.285
0.285
0.285
0.285
0.285
0.285
0.285
0.285
0.285
0.286
0.286
0.286
0.286
0.286
0.286
0.286
0.286
0.286
0.287
0.287
0.287
0.287
0.287
0.287
0.287
0.287
0.287
0.288
0.288
0.288
0.288
0.288
0.288
0.288
0.288
0.288
0.289
0.289
0.289
0.289
0.289
0.289
0.289
0.289
0.289
0.289
0.290
0.290
0.290
0.290
0.290
0.290
0.290
0.290
0.290
0.290
0.289
0.289
0.289
0.289
0.289
0.289
0.289
0.289
0.289
0.289
0.289
0.289
0.289
0.289
0.289
0.289
0.289
0.289
0.288
0.288
0.288
0.288
0.288
0.288
0.288
0.288
0.288
0.288
0.288
0.288
0.287
0.287
0.287
0.287
0.287
0.287
0.287
0.287
0.287
0.287
0.287
0.287
0.287
0.287
0.287
0.287
0.287
0.287
0.286
0.287
0.287
0.286
0.286
0.286
0.286
0.286
0.286
0.286
0.286
0.286
0.286
0.286
0.286
0.286
0.286
0.286
0.286
0.286
0.286
0.286
0.286
0.286
0.286
0.286
0.286
0.286
0.286
0.286
0.286
0.285
0.285
0.285
0.285
0.285
0.285
0.285
0.285
0.285
0.285
0.285
0.285
0.285
0.285
0.285
0.285
0.285
0.285
0.285
0.285
0.285
0.285
0.285
0.285
0.285
0.285
0.284
0.284
0.284
0.284
0.284
0.284
0.284
0.284
0.284
0.284
0.284
0.284
0.284
0.284
0.284
0.284
0.284
0.284
0.283
0.283
0.283
0.283
0.283
0.283
0.283
0.283
0.283
0.283
0.283
0.283
0.283
0.283
0.283
0.283
0.283
0.282
0.282
0.282
0.282
0.282
0.282
0.282
0.282
0.282
0.282
0.282
0.282
0.281
0.281
0.281
0.281
0.281
0.281
0.281
0.281
0.281
0.281
0.281
0.281
0.281
0.280
0.280
0.280
0.280
0.280
0.280
0.280
0.280
0.280
0.280
0.280
0.280
0.280
0.280
0.280
0.280
0.280
0.280
0.280
0.279
0.279
0.279
0.279
0.279
0.279
0.279
0.279
0.279
0.279
0.279
0.279
0.279
0.279
0.278
0.278
0.278
0.278
0.278
0.278
0.278
0.278
0.278
0.278
0.278
0.278
0.278
0.278
0.277
0.277
0.277
0.277
0.277
0.277
0.277
0.277
0.277
0.277
0.277
0.277
0.277
0.277
0.277
0.277
0.277
0.277
0.276
0.276
0.277
0.276
0.276
0.276
0.276
0.276
0.276
0.276
0.276
0.276
0.276
0.276
0.276
0.276
0.276
0.276
0.276
0.276
0.276
0.276
0.276
0.276
0.276
0.276
0.276
0.275
0.275
0.275
0.275
0.275
0.275
0.275
0.275
0.275
0.275
0.275
0.275
0.275
0.275
0.275
0.275
0.275
0.275
0.275
0.275
0.275
0.276
0.276
0.276
0.276
0.276
0.276
0.277
0.277
0.278
0.278
0.278
0.278
0.278
0.278
0.278
0.278
0.278
0.278
0.279
0.279
0.279
0.279
0.279
0.280
0.279
0.280
0.280
0.279
0.280
0.280
0.280
0.280
0.279
0.279
0.279
0.279
0.279
0.279
0.279
0.278
0.279
0.279
0.279
0.279
0.279
0.279
0.278
0.279
0.279
0.279
0.279
0.279
0.279
0.279
0.279
0.279
0.279
0.279
0.279
0.279
0.279
0.279
0.279
0.279
0.279
0.279
0.279
0.279
0.279
0.279
0.279
0.279
0.279
0.280
0.280
0.279
0.280
0.280
0.280
0.280
0.280
0.280
0.280
0.280
0.281
0.281
0.281
0.281
0.281
0.281
0.281
0.281
0.281
0.281
0.281
0.281
0.281
0.282
0.282
0.282
0.282
0.282
0.282
0.282
0.282
0.282
0.282
0.282
0.282
0.282
0.282
0.282
0.282
0.282
0.282
0.283
0.283
0.283
0.282
0.283
0.283
0.283
0.283
0.283
0.283
0.283
0.283
0.284
0.283
0.283
0.283
0.283
0.283
0.283
0.283
0.284
0.285
0.284
0.285
0.285
0.285
0.285
0.285
0.285
0.285
0.285
0.285
0.285
0.285
0.285
0.285
0.285
0.285
0.285
0.285
0.285
0.285
0.285
0.286
0.286
0.285
0.285
0.285
0.285
0.285
0.285
0.285
0.285
0.285
0.285
0.285
0.285
0.285
0.285
0.285
0.285
0.286
0.286
0.286
0.286
0.286
0.286
0.286
0.285
0.285
0.286
0.286
0.286
0.286
0.285
0.285
0.285
0.285
0.285
0.286
0.286
0.286
0.286
0.286
0.286
0.286
0.286
0.286
0.285
0.286
0.285
0.286
0.286
0.286
0.286
0.286
0.286
0.286
0.286
0.286
0.286
0.286
0.286
0.286
0.286
0.286
0.286
0.286
0.286
0.286
0.286
0.286
0.286
0.286
0.286
0.287
0.286
0.287
0.287
0.287
0.287
0.287
0.287
0.287
0.288
0.288
0.288
0.288
0.288
0.288
0.288
0.288
0.288
0.288
0.288
0.288
0.288
0.288
0.288
0.288
0.288
0.288
0.288
0.288
0.288
0.288
0.288
0.288
0.288
0.288
0.288
0.289
0.288
0.288
0.289
0.289
0.288
0.288
0.289
0.289
0.288
0.288
0.288
0.288
0.289
0.288
0.288
0.288
0.289
0.289
0.289
0.289
0.289
0.289
0.288
0.288
0.288
0.288
0.288
0.288
0.289
0.288
0.288
0.288
0.288
0.288
0.288
0.288
0.288
0.288
0.288
0.288
0.288
0.288
0.288
0.287
0.288
0.287
0.288
0.288
0.288
0.287
0.288
0.288
0.288
0.288
0.288
0.288
0.288
0.288
0.288
0.288
0.288
0.288
0.289
0.289
0.289
0.289
0.289
0.289
0.289
0.289
0.289
0.289
0.289
0.289
0.289
0.289
0.289
0.289
0.289
0.289
0.289
0.289
0.289
0.289
0.289
0.289
0.289
0.289
0.289
0.289
0.289
0.289
0.289
0.289
0.289
0.289
0.289
0.289
0.289
0.289
0.289
0.289
0.289
0.289
0.289
0.289
0.289
0.289
0.289
0.289
0.289
0.289
0.289
0.288
0.288
0.288
0.288
0.288
0.288
0.288
0.288
0.288
0.288
0.288
0.288
0.288
0.288
0.288
0.288
0.288
0.288
0.288
0.288
0.287
0.287
0.287
0.287
0.287
0.287
0.287
0.287
0.287
0.287
0.287
0.287
0.287
0.287
0.287
0.287
0.287
0.287
0.287
0.287
0.287
0.287
0.287
0.287
0.287
0.287
0.287
0.287
0.287
0.287
0.287
0.287
0.287
0.287
0.287
0.287
0.287
0.287
0.286
0.286
0.286
0.286
0.286
0.286
0.286
0.286
0.286
0.286
0.286
0.286
0.286
0.286
0.286
0.286
0.286
0.286
0.286
0.286
0.286
0.286
0.286
0.286
0.286
0.286
0.285
0.286
0.286
0.286
0.286
0.285
0.285
0.285
0.285
0.285
0.285
0.285
0.285
0.285
0.285
0.285
0.285
0.285
0.285
0.285
0.285
0.285
0.285
0.285
0.285
0.285
0.285
0.285
0.285
0.285
0.285
0.284
0.284
0.284
0.284
0.284
0.284
0.284
0.284
0.284
0.284
0.284
0.284
0.284
0.284
0.284
0.284
0.284
0.284
0.284
0.284
0.284
0.284
0.284
0.284
0.285
0.285
0.285
0.285
0.286
0.286
0.287
0.287
0.287
0.288
0.288
0.289
0.289
0.289
0.289
0.290
0.290
0.290
0.290
0.291
0.291
0.292
0.292
0.292
0.292
0.293
0.293
0.294
0.294
0.294
0.294
0.295
0.295
0.295
0.296
0.296
0.296
0.296
0.296
0.296
0.296
0.297
0.297
0.297
0.297
0.297
0.297
0.297
0.297
0.297
0.297
0.297
0.297
0.297
0.297
0.298
0.298
0.298
0.298
0.299
0.299
0.300
0.300
0.300
0.300
0.301
0.301
0.301
0.302
0.302
0.302
0.302
0.302
0.302
0.302
0.301
0.301
0.301
0.301
0.301
0.301
0.301
0.301
0.301
0.301
0.301
0.301
0.300
0.300
0.300
0.301
0.301
0.302
0.301
0.302
0.302
0.302
0.302
0.302
0.302
0.302
0.302
0.302
0.302
0.302
0.302
0.302
0.302
0.302
0.302
0.302
0.301
0.301
0.301
0.301
0.301
0.301
0.301
0.302
0.302
0.302
0.302
0.302
0.303
0.303
0.302
0.302
0.302
0.302
0.302
0.302
0.302
0.302
0.302
0.302
0.302
0.302
0.302
0.302
0.302
0.302
0.302
0.302
0.302
0.302
0.302
0.302
0.302
0.302
0.302
0.302
0.302
0.302
0.302
0.302
0.302
0.301
0.301
0.301
0.301
0.301
0.301
0.301
0.301
0.301
0.301
0.301
0.301
0.301
0.301
0.301
0.301
0.301
0.301
0.301
0.301
0.301
0.301
0.301
0.301
0.301
0.301
0.300
0.301
0.301
0.301
0.301
0.300
0.300
0.300
0.300
0.300
0.300
0.300
0.300
0.300
0.300
0.300
0.300
0.300
0.299
0.299
0.299
0.299
0.299
0.299
0.299
0.299
0.299
0.299
0.299
0.299
0.299
0.299
0.299
0.299
0.299
0.299
0.299
0.299
0.299
0.299
0.299
0.298
0.298
0.298
0.298
0.298
0.298
0.298
0.298
0.298
0.298
0.298
0.298
0.298
0.298
0.298
0.298
0.298
0.298
0.298
0.298
0.298
0.298
0.298
0.298
0.298
0.298
0.298
0.298
0.298
0.298
0.298
0.298
0.298
0.298
0.298
0.298
0.298
0.298
0.298
0.298
0.298
0.298
0.298
0.298
0.298
0.298
0.298
0.298
0.298
0.298
0.298
0.298
0.297
0.298
0.297
0.297
0.297
0.297
0.297
0.297
0.297
0.297
0.297
0.297
0.297
0.297
0.297
0.297
0.297
0.297
0.297
0.297
0.297
0.297
0.297
0.297
0.297
0.297
0.297
0.297
0.297
0.297
0.297
0.297
0.297
0.297
0.297
0.297
0.297
0.297
0.297
0.297
0.297
0.296
0.296
0.296
0.296
0.296
0.296
0.296
0.296
0.296
0.296
0.296
0.296
0.296
0.296
0.296
0.296
0.296
0.296
0.296
0.296
0.296
0.296
0.296
0.296
0.296
0.296
0.296
0.296
0.296
0.296
0.296
0.296
0.296
0.295
0.295
0.295
0.295
0.295
0.295
0.295
0.295
0.295
0.295
0.295
0.295
0.295
0.295
0.295
0.295
0.295
0.295
0.295
0.295
0.295
0.295
0.295
0.295
0.295
0.295
0.295
0.295
0.295
0.295
0.294
0.294
0.294
0.294
0.294
0.294
0.294
0.294
0.294
0.294
0.294
0.294
0.294
0.294
0.294
0.294
0.294
0.294
0.294
0.294
0.294
0.294
0.294
0.294
0.294
0.294
0.294
0.294
0.294
0.294
0.294
0.294
0.294
0.294
0.294
0.294
0.294
0.294
0.294
0.294
0.294
0.294
0.294
0.294
0.294
0.294
0.294
0.294
0.294
0.293
0.293
0.294
0.294
0.294
0.293
0.293
0.293
0.293
0.293
0.293
0.293
0.293
0.293
0.293
0.293
0.293
0.293
0.293
0.293
0.293
0.293
0.293
0.293
0.293
0.293
0.293
0.293
0.293
0.293
0.293
0.293
0.293
0.293
0.293
0.293
0.293
0.293
0.293
0.293
0.293
0.293
0.293
0.293
0.293
0.293
0.293
0.293
0.293
0.293
0.293
0.293
0.293
0.293
0.293
0.293
0.293
0.293
0.293
0.293
0.293
0.293
0.293
0.293
0.293
0.293
0.293
0.293
0.293
0.293
0.293
0.293
0.293
0.293
0.293
0.293
0.293
0.293
0.293
0.293
0.293
0.293
0.293
0.293
0.293
0.293
0.293
0.293
0.293
0.293
0.293
0.293
0.293
0.293
0.293
0.293
0.293
0.293
0.293
0.293
0.293
0.293
0.293
0.293
0.293
0.293
0.293
0.293
0.293
0.293
0.293
0.293
0.293
0.293
0.293
0.293
0.293
0.293
0.293
0.293
0.293
0.293
0.293
0.293
0.293
0.293
0.293
0.293
0.293
0.293
0.292
0.292
0.292
0.292
0.292
0.292
0.292
0.292
0.292
0.292
0.292
0.292
0.292
0.292
0.292
0.292
0.292
0.292
0.292
0.292
0.292
0.292
0.292
0.292
0.292
0.292
0.292
0.292
0.292
0.292
0.292
0.292
0.291
0.291
0.291
0.291
0.291
0.291
0.291
0.291
0.291
0.291
0.291
0.291
0.291
0.291
0.291
0.291
0.291
0.291
0.291
0.291
0.291
0.291
0.291
0.291
0.291
0.291
0.290
0.290
0.290
0.290
0.290
0.290
0.290
0.290
0.290
0.290
0.290
0.290
0.290
0.290
0.290
0.290
0.290
0.290
0.290
0.290
0.290
0.290
0.290
0.290
0.290
0.290
0.290
0.290
0.290
0.290
0.289
0.289
0.289
0.289
0.289
0.289
0.289
0.289
0.289
0.289
0.289
0.289
0.289
0.289
0.289
0.289
0.289
0.289
0.289
0.289
0.289
0.289
0.289
0.289
0.289
0.289
0.288
0.288
0.288
0.288
0.288
0.288
0.288
0.288
0.288
0.288
0.288
0.288
0.288
0.288
0.288
0.288
0.288
0.288
0.288
0.288
0.288
0.288
0.288
0.288
0.288
0.288
0.288
0.288
0.288
0.288
0.287
0.287
0.287
0.287
0.287
0.287
0.287
0.287
0.287
0.287
0.287
0.287
0.287
0.287
0.287
0.287
0.287
0.287
0.287
0.287
0.287
0.287
0.287
0.287
0.287
0.287
0.287
0.287
0.287
0.287
0.287
0.286
0.286
0.286
0.286
0.286
0.286
0.286
0.286
0.286
0.286
0.286
0.286
0.286
0.286
0.286