Precisão média por imagem
0.156
0.199
0.506
0.513
0.457
0.518
0.479
0.519
0.558
0.586
0.609
0.587
0.558
0.571
0.546
0.525
0.506
0.509
0.494
0.485
0.473
0.461
0.472
0.477
0.481
0.486
0.486
0.486
0.489
0.486
0.484
0.487
0.488
0.492
0.494
0.499
0.501
0.505
0.508
0.507
0.508
0.509
0.504
0.498
0.493
0.487
0.482
0.477
0.479
0.481
0.482
0.483
0.486
0.485
0.486
0.484
0.483
0.484
0.489
0.490
0.494
0.497
0.497
0.498
0.499
0.500
0.501
0.502
0.501
0.500
0.499
0.498
0.499
0.499
0.500
0.500
0.501
0.501
0.500
0.501
0.502
0.504
0.505
0.502
0.500
0.497
0.494
0.492
0.489
0.489
0.488
0.489
0.490
0.493
0.491
0.489
0.486
0.487
0.488
0.490
0.488
0.486
0.483
0.481
0.479
0.477
0.475
0.473
0.475
0.474
0.474
0.474
0.472
0.470
0.472
0.473
0.471
0.470
0.472
0.472
0.473
0.473
0.474
0.475
0.475
0.474
0.473
0.474
0.475
0.476
0.477
0.478
0.479
0.480
0.480
0.480
0.479
0.480
0.481
0.482
0.483
0.484
0.483
0.483
0.484
0.485
0.485
0.485
0.485
0.486
0.485
0.485
0.486
0.486
0.487
0.488
0.488
0.489
0.490
0.490
0.491
0.491
0.491
0.491
0.491
0.492
0.492
0.493
0.491
0.492
0.492
0.493
0.493
0.493
0.492
0.490
0.490
0.491
0.490
0.490
0.490
0.489
0.490
0.490
0.491
0.492
0.491
0.491
0.491
0.491
0.492
0.492
0.492
0.493
0.493
0.494
0.492
0.493
0.492
0.492
0.493
0.493
0.494
0.494
0.494
0.494
0.495
0.495
0.495
0.496
0.496
0.496
0.496
0.497
0.496
0.495
0.495
0.495
0.495
0.495
0.494
0.495
0.495
0.495
0.495
0.496
0.496
0.496
0.496
0.497
0.497
0.497
0.498
0.498
0.498
0.498
0.499
0.499
0.499
0.498
0.498
0.498
0.498
0.498
0.497
0.497
0.497
0.498
0.498
0.498
0.498
0.499
0.499
0.499
0.499
0.500
0.500
0.500
0.500
0.500
0.500
0.501
0.500
0.500
0.499
0.498
0.498
0.498
0.499
0.498
0.497
0.497
0.497
0.497
0.497
0.496
0.496
0.495
0.495
0.495
0.496
0.496
0.496
0.495
0.496
0.496
0.496
0.496
0.497
0.497
0.497
0.497
0.496
0.496
0.496
0.496
0.495
0.495
0.495
0.494
0.495
0.496
0.496
0.496
0.496
0.496
0.496
0.496
0.496
0.496
0.496
0.495
0.494
0.493
0.493
0.492
0.491
0.490
0.491
0.492
0.493
0.494
0.495
0.495
0.496
0.497
0.497
0.497
0.496
0.496
0.495
0.496
0.496
0.496
0.496
0.496
0.496
0.496
0.495
0.494
0.494
0.494
0.494
0.494
0.494
0.493
0.493
0.493
0.493
0.494
0.494
0.495
0.495
0.494
0.494
0.493
0.493
0.492
0.491
0.491
0.490
0.490
0.490
0.491
0.491
0.491
0.491
0.491
0.491
0.491
0.491
0.492
0.493
0.492
0.492
0.491
0.491
0.490
0.490
0.490
0.491
0.490
0.490
0.489
0.489
0.489
0.489
0.489
0.488
0.488
0.489
0.488
0.488
0.487
0.486
0.487
0.487
0.487
0.487
0.486
0.486
0.486
0.485
0.485
0.486
0.486
0.486
0.486
0.486
0.486
0.486
0.486
0.486
0.486
0.486
0.486
0.485
0.485
0.486
0.486
0.486
0.486
0.487
0.487
0.487
0.487
0.488
0.487
0.487
0.487
0.487
0.487
0.487
0.488
0.487
0.487
0.487
0.487
0.487
0.487
0.487
0.487
0.487
0.486
0.486
0.485
0.485
0.485
0.485
0.485
0.485
0.485
0.486
0.486
0.486
0.486
0.486
0.486
0.486
0.486
0.486
0.486
0.485
0.485
0.485
0.485
0.485
0.485
0.485
0.485
0.485
0.485
0.485
0.485
0.485
0.485
0.485
0.485
0.485
0.485
0.485
0.485
0.485
0.485
0.486
0.486
0.486
0.485
0.486
0.486
0.486
0.486
0.486
0.486
0.486
0.486
0.486
0.486
0.486
0.486
0.486
0.486
0.486
0.486
0.486
0.486
0.486
0.485
0.485
0.485
0.485
0.485
0.485
0.485
0.486
0.485
0.485
0.485
0.486
0.486
0.486
0.486
0.486
0.486
0.486
0.486
0.487
0.487
0.487
0.487
0.486
0.486
0.486
0.486
0.486
0.486
0.486
0.486
0.486
0.486
0.486
0.487
0.486
0.487
0.487
0.487
0.486
0.486
0.485
0.485
0.484
0.484
0.485
0.485
0.485
0.485
0.485
0.485
0.485
0.484
0.485
0.485
0.485
0.485
0.485
0.484
0.484
0.484
0.484
0.484
0.484
0.484
0.484
0.484
0.484
0.484
0.485
0.485
0.485
0.485
0.485
0.485
0.485
0.485
0.485
0.486
0.486
0.486
0.485
0.485
0.485
0.486
0.486
0.486
0.487
0.487
0.487
0.487
0.487
0.487
0.488
0.487
0.487
0.487
0.487
0.487
0.486
0.486
0.486
0.486
0.486
0.486
0.487
0.487
0.487
0.486
0.486
0.486
0.485
0.485
0.485
0.484
0.484
0.484
0.483
0.484
0.484
0.484
0.484
0.484
0.484
0.484
0.484
0.484
0.484
0.485
0.485
0.484
0.484
0.484
0.483
0.483
0.484
0.484
0.484
0.484
0.484
0.483
0.483
0.483
0.483
0.483
0.483
0.483
0.484
0.484
0.484
0.484
0.484
0.484
0.484
0.484
0.484
0.484
0.484
0.484
0.484
0.484
0.484
0.484
0.484
0.484
0.484
0.485
0.485
0.485
0.485
0.485
0.485
0.485
0.485
0.485
0.485
0.485
0.485
0.485
0.485
0.485
0.485
0.485
0.486
0.486
0.486
0.486
0.486
0.486
0.486
0.486
0.487
0.486
0.486
0.486
0.486
0.486
0.486
0.486
0.486
0.485
0.485
0.485
0.485
0.486
0.486
0.486
0.486
0.486
0.486
0.486
0.486
0.486
0.486
0.486
0.486
0.486
0.485
0.485
0.485
0.485
0.485
0.485
0.485
0.485
0.485
0.485
0.485
0.485
0.485
0.485
0.485
0.486
0.486
0.486
0.485
0.486
0.486
0.486
0.485
0.485
0.485
0.485
0.485
0.486
0.486
0.486
0.486
0.486
0.486
0.485
0.486
0.486
0.486
0.486
0.486
0.486
0.486
0.486
0.487
0.487
0.487
0.487
0.487
0.487
0.487
0.487
0.487
0.487
0.486
0.486
0.486
0.486
0.486
0.486
0.486
0.486
0.486
0.486
0.487
0.487
0.487
0.487
0.487
0.487
0.487
0.487
0.486
0.487
0.486
0.486
0.486
0.486
0.486
0.486
0.486
0.485
0.486
0.486
0.486
0.486
0.486
0.486
0.486
0.486
0.486
0.487
0.487
0.487
0.487
0.487
0.487
0.487
0.488
0.487
0.487
0.488
0.488
0.488
0.488
0.488
0.488
0.488
0.488
0.488
0.488
0.488
0.488
0.488
0.489
0.489
0.489
0.488
0.488
0.489
0.489
0.488
0.489
0.489
0.489
0.489
0.489
0.489
0.489
0.489
0.489
0.489
0.488
0.488
0.488
0.488
0.488
0.487
0.488
0.487
0.487
0.487
0.487
0.487
0.487
0.487
0.486
0.486
0.486
0.486
0.486
0.486
0.486
0.486
0.486
0.486
0.486
0.486
0.486
0.486
0.486
0.486
0.487
0.487
0.487
0.487
0.487
0.487
0.487
0.487
0.487
0.487
0.487
0.487
0.487
0.487
0.487
0.487
0.487
0.487
0.487
0.487
0.488
0.488
0.488
0.488
0.488
0.488
0.488
0.488
0.488
0.488
0.489
0.489
0.489
0.489
0.489
0.489
0.489
0.489
0.489
0.490
0.489
0.489
0.489
0.490
0.490
0.490
0.490
0.490
0.490
0.490
0.490
0.490
0.490
0.490
0.489
0.489
0.489
0.489
0.490
0.490
0.490
0.490
0.490
0.490
0.490
0.490
0.490
0.490
0.490
0.491
0.491
0.491
0.491
0.491
0.491
0.491
0.491
0.491
0.491
0.491
0.491
0.491
0.492
0.491
0.491
0.491
0.491
0.491
0.491
0.491
0.491
0.490
0.490
0.490
0.490
0.490
0.490
0.490
0.490
0.490
0.490
0.490
0.490
0.490
0.490
0.490
0.490
0.490
0.490
0.490
0.490
0.490
0.489
0.489
0.489
0.489
0.489
0.489
0.489
0.489
0.489
0.489
0.489
0.489
0.489
0.489
0.489
0.488
0.488
0.488
0.488
0.488
0.487
0.487
0.487
0.488
0.488
0.488
0.488
0.488
0.488
0.488
0.488
0.488
0.488
0.488
0.488
0.488
0.488
0.488
0.488
0.488
0.488
0.488
0.488
0.488
0.488
0.488
0.488
0.488
0.488
0.488
0.488
0.488
0.488
0.488
0.488
0.488
0.488
0.488
0.488
0.488
0.488
0.488
0.488
0.488
0.488
0.488
0.488
0.487
0.487
0.488
0.488
0.488
0.488
0.488
0.488
0.488
0.488
0.488
0.488
0.488
0.488
0.488
0.488
0.488
0.488
0.488
0.488
0.488
0.488
0.488
0.488
0.488
0.488
0.488
0.488
0.488
0.488
0.488
0.487
0.487
0.488
0.487
0.487
0.487
0.487
0.487
0.487
0.487
0.487
0.487
0.487
0.487
0.487
0.487
0.487
0.487
0.487
0.487
0.487
0.487
0.487
0.487
0.487
0.487
0.487
0.487
0.487
0.486
0.487
0.486
0.487
0.486
0.487
0.487
0.487
0.487
0.487
0.486
0.487
0.487
0.487
0.486
0.486
0.487
0.486
0.486
0.487
0.487
0.487
0.487
0.487
0.486
0.487
0.486
0.486
0.486
0.486
0.486
0.486
0.486
0.486
0.487
0.486
0.486
0.486
0.486
0.486
0.486
0.486
0.486
0.486
0.486
0.486
0.486
0.486
0.486
0.486
0.486
0.486
0.486
0.486
0.486
0.486
0.486
0.486
0.486
0.486
0.486
0.486
0.486
0.487
0.487
0.486
0.486
0.487
0.487
0.487
0.487
0.487
0.487
0.487
0.487
0.487
0.487
0.486
0.487
0.487
0.487
0.487
0.487
0.487
0.487
0.487
0.487
0.487
0.486
0.486
0.486
0.486
0.486
0.486
0.486
0.486
0.486
0.486
0.486
0.486
0.486
0.486
0.486
0.486
0.486
0.486
0.486
0.486
0.486
0.486
0.486
0.486
0.486
0.486
0.487
0.486
0.487
0.487
0.487
0.487
0.487
0.487
0.487
0.487
0.487
0.487
0.487
0.487
0.487
0.487
0.487
0.487
0.487
0.488
0.488
0.488
0.488
0.487
0.488
0.488
0.488
0.488
0.488
0.488
0.487
0.487
0.487
0.487
0.487
0.487
0.487
0.487
0.487
0.487
0.487
0.488
0.488
0.488
0.488
0.488
0.487
0.487
0.487
0.487
0.487
0.487
0.487
0.487
0.487
0.487
0.487
0.487
0.487
0.487
0.487
0.487
0.487
0.487
0.487
0.487
0.487
0.486
0.486
0.486
0.486
0.486
0.486
0.486
0.486
0.487
0.487
0.487
0.487
0.487
0.487
0.487
0.487
0.487
0.487
0.487
0.487
0.487
0.487
0.487
0.487
0.488
0.488
0.488
0.488
0.488
0.488
0.488
0.488
0.488
0.488
0.488
0.488
0.488
0.488
0.488
0.488
0.488
0.488
0.487
0.488
0.488
0.488
0.488
0.487
0.487
0.487
0.487
0.487
0.487
0.487
0.487
0.487
0.487
0.487
0.487
0.487
0.487
0.487
0.488
0.488
0.488
0.488
0.488
0.488
0.488
0.488
0.488
0.488
0.488
0.488
0.488
0.488
0.488
0.488
0.488
0.489
0.488
0.488
0.488
0.488
0.488
0.488
0.488
0.488
0.488
0.488
0.488
0.488
0.488
0.488
0.488
0.488
0.487
0.487
0.487
0.487
0.487
0.487
0.487
0.487
0.487
0.487
0.487
0.487
0.487
0.487
0.487
0.487
0.487
0.487
0.487
0.487
0.487
0.487
0.487
0.487
0.487
0.487
0.487
0.487
0.487
0.487
0.487
0.487
0.487
0.487
0.487
0.487
0.487
0.487
0.487
0.487
0.486
0.486
0.486
0.486
0.486
0.486
0.485
0.485
0.485
0.485
0.485
0.485
0.485
0.485
0.484
0.484
0.484
0.484
0.484
0.484
0.484
0.484
0.484
0.484
0.484
0.484
0.484
0.484
0.484
0.484
0.484
0.484
0.484
0.484
0.484
0.484
0.484
0.484
0.484
0.484
0.484
0.484
0.484
0.484
0.484
0.483
0.483
0.483
0.483
0.483
0.483
0.483
0.483
0.483
0.483
0.483
0.483
0.483
0.483
0.483
0.483
0.483
0.483
0.483
0.483
0.483
0.483
0.483
0.483
0.483
0.483
0.483
0.483
0.483
0.483
0.483
0.483
0.483
0.483
0.483
0.483
0.483
0.483
0.483
0.483
0.483
0.482
0.482
0.482
0.482
0.482
0.482
0.482
0.482
0.482
0.482
0.482
0.482
0.482
0.482
0.482
0.482
0.482
0.482
0.482
0.482