20586908 2 3.2494 2.9931 1853.0000 74.0000 82.0000 115.0000 99.0000 90.0000 95.0000 87.0000 77.0000 101.0000 90.0000 107.0000 70.0000 57.0000 50.0000 53.0000 
20586934 5 2.7380 4.2875 2017.0000 55.0000 64.0000 100.0000 74.0000 82.0000 83.0000 85.0000 73.0000 71.0000 68.0000 81.0000 55.0000 80.0000 62.0000 50.0000 
20586960 2 3.3263 3.7188 1730.0000 71.0000 90.0000 90.0000 71.0000 95.0000 73.0000 98.0000 100.0000 91.0000 84.0000 149.0000 106.0000 109.0000 80.0000 63.0000 
20586986 5 2.8119 1.4725 1957.0000 96.0000 103.0000 109.0000 84.0000 55.0000 68.0000 86.0000 53.0000 67.0000 71.0000 81.0000 55.0000 69.0000 83.0000 63.0000 
20587054 4 3.2475 2.6372 1922.0000 54.0000 71.0000 85.0000 54.0000 64.0000 49.0000 42.0000 53.0000 72.0000 62.0000 119.0000 86.0000 74.0000 63.0000 44.0000 
20587080 4 3.3960 4.9272 1619.0000 106.0000 95.0000 101.0000 68.0000 56.0000 59.0000 73.0000 60.0000 74.0000 67.0000 93.0000 103.0000 118.0000 133.0000 89.0000 
20587148 2 2.8195 1.7210 2332.0000 44.0000 41.0000 54.0000 42.0000 29.0000 24.0000 19.0000 13.0000 25.0000 34.0000 69.0000 46.0000 64.0000 51.0000 27.0000 
20587174 2 2.4439 1.4184 2361.0000 45.0000 45.0000 62.0000 33.0000 21.0000 26.0000 21.0000 22.0000 34.0000 33.0000 64.0000 39.0000 41.0000 45.0000 22.0000 
20587200 2 3.0370 2.2342 2032.0000 90.0000 70.0000 69.0000 47.0000 55.0000 35.0000 46.0000 31.0000 47.0000 47.0000 37.0000 47.0000 72.0000 105.0000 84.0000 
20587226 2 2.5472 1.7357 2169.0000 75.0000 65.0000 61.0000 31.0000 25.0000 35.0000 33.0000 22.0000 52.0000 36.0000 63.0000 38.0000 68.0000 67.0000 74.0000 
20587294 2 3.3195 7.6181 1712.0000 78.0000 67.0000 99.0000 60.0000 87.0000 82.0000 69.0000 62.0000 68.0000 85.0000 128.0000 98.0000 89.0000 69.0000 61.0000 
20587320 2 3.0249 4.4621 1593.0000 76.0000 69.0000 105.0000 92.0000 95.0000 87.0000 86.0000 87.0000 100.0000 90.0000 114.0000 85.0000 85.0000 89.0000 61.0000 
20587346 2 3.4975 6.5913 1520.0000 86.0000 81.0000 88.0000 76.0000 68.0000 90.0000 89.0000 63.0000 58.0000 89.0000 105.0000 122.0000 144.0000 145.0000 90.0000 
20587372 2 3.2034 5.2083 1309.0000 114.0000 143.0000 183.0000 126.0000 115.0000 75.0000 118.0000 82.0000 104.0000 88.0000 87.0000 78.0000 88.0000 105.0000 99.0000 
20587466 2 2.4624 3.3564 2386.0000 49.0000 37.0000 58.0000 40.0000 23.0000 21.0000 17.0000 19.0000 31.0000 32.0000 35.0000 30.0000 55.0000 54.0000 27.0000 
20587492 2 2.6856 3.3346 2368.0000 37.0000 34.0000 60.0000 37.0000 32.0000 31.0000 17.0000 24.0000 21.0000 31.0000 38.0000 34.0000 40.0000 48.0000 62.0000 
20587518 2 2.5083 3.7917 2208.0000 61.0000 48.0000 67.0000 33.0000 35.0000 44.0000 38.0000 37.0000 46.0000 37.0000 58.0000 54.0000 61.0000 44.0000 43.0000 
20587544 2 2.8036 2.8867 2432.0000 43.0000 39.0000 55.0000 29.0000 31.0000 12.0000 10.0000 12.0000 21.0000 23.0000 46.0000 45.0000 44.0000 45.0000 27.0000 
20587612 5 3.2067 2.5280 1901.0000 48.0000 71.0000 100.0000 57.0000 77.0000 74.0000 104.0000 68.0000 81.0000 86.0000 149.0000 73.0000 83.0000 70.0000 58.0000 
20587638 2 2.8203 3.3918 1894.0000 60.0000 78.0000 114.0000 88.0000 93.0000 87.0000 95.0000 74.0000 74.0000 89.0000 90.0000 73.0000 68.0000 63.0000 60.0000 
20587664 5 3.1893 3.2377 1767.0000 76.0000 67.0000 85.0000 54.0000 67.0000 75.0000 108.0000 96.0000 81.0000 98.0000 159.0000 117.0000 101.0000 93.0000 56.0000 
20587690 2 2.9778 2.2607 1710.0000 71.0000 107.0000 154.0000 133.0000 75.0000 97.0000 113.0000 98.0000 79.0000 95.0000 97.0000 62.0000 79.0000 65.0000 65.0000 
20587758 3 2.8661 4.1521 1774.0000 73.0000 92.0000 122.0000 98.0000 92.0000 60.0000 43.0000 75.0000 46.0000 55.0000 83.0000 90.0000 88.0000 80.0000 43.0000 
20587784 3 3.3017 5.2671 1725.0000 83.0000 93.0000 93.0000 78.0000 77.0000 75.0000 64.0000 49.0000 47.0000 72.0000 79.0000 81.0000 101.0000 111.0000 86.0000 
20587810 3 3.0019 4.9466 1565.0000 122.0000 133.0000 106.0000 93.0000 62.0000 59.0000 77.0000 72.0000 69.0000 84.0000 91.0000 104.0000 97.0000 105.0000 75.0000 
20587836 3 3.1684 4.6503 1956.0000 60.0000 53.0000 89.0000 69.0000 58.0000 51.0000 49.0000 67.0000 55.0000 67.0000 104.0000 71.0000 72.0000 56.0000 37.0000 
20587902 3 2.8878 3.9173 2173.0000 53.0000 52.0000 72.0000 40.0000 39.0000 35.0000 27.0000 32.0000 44.0000 50.0000 92.0000 81.0000 70.0000 37.0000 17.0000 
20587928 3 3.0912 3.6679 1930.0000 53.0000 55.0000 104.0000 83.0000 56.0000 57.0000 41.0000 37.0000 31.0000 56.0000 64.0000 77.0000 107.0000 101.0000 62.0000 
20587994 6 3.2915 3.7638 1741.0000 66.0000 93.0000 94.0000 67.0000 80.0000 79.0000 63.0000 49.0000 74.0000 83.0000 113.0000 85.0000 92.0000 85.0000 50.0000 
20588020 2 2.9107 6.1301 1689.0000 63.0000 84.0000 115.0000 105.0000 101.0000 64.0000 75.0000 70.0000 87.0000 71.0000 102.0000 74.0000 92.0000 69.0000 53.0000 
20588046 6 3.5166 5.4393 1448.0000 115.0000 108.0000 112.0000 101.0000 91.0000 87.0000 75.0000 74.0000 97.0000 101.0000 98.0000 102.0000 118.0000 111.0000 76.0000 
20588072 2 2.9936 5.7336 1502.0000 117.0000 109.0000 115.0000 84.0000 87.0000 91.0000 83.0000 67.0000 91.0000 89.0000 106.0000 93.0000 85.0000 106.0000 89.0000 
20588138 1 3.3450 5.7599 1645.0000 108.0000 87.0000 131.0000 90.0000 81.0000 67.0000 78.0000 56.0000 53.0000 51.0000 56.0000 89.0000 101.0000 114.0000 107.0000 
20588164 1 3.1696 4.3397 1925.0000 85.0000 72.0000 92.0000 53.0000 50.0000 52.0000 37.0000 51.0000 63.0000 67.0000 92.0000 87.0000 62.0000 76.0000 50.0000 
20588190 4 2.7372 5.9096 1956.0000 74.0000 72.0000 112.0000 60.0000 60.0000 53.0000 38.0000 35.0000 49.0000 63.0000 73.0000 71.0000 63.0000 70.0000 65.0000 
20588216 4 2.8712 6.0202 1684.0000 112.0000 92.0000 71.0000 61.0000 40.0000 53.0000 59.0000 64.0000 75.0000 78.0000 112.0000 108.0000 100.0000 124.0000 81.0000 
20588308 3 2.5989 4.4950 2114.0000 77.0000 73.0000 80.0000 58.0000 47.0000 31.0000 36.0000 47.0000 51.0000 27.0000 67.0000 58.0000 51.0000 45.0000 52.0000 
20588334 3 2.4943 4.1515 2334.0000 38.0000 45.0000 66.0000 45.0000 46.0000 34.0000 25.0000 22.0000 26.0000 24.0000 45.0000 50.0000 53.0000 39.0000 22.0000 
20588458 2 3.3029 4.6935 1801.0000 76.0000 71.0000 90.0000 71.0000 75.0000 70.0000 76.0000 74.0000 74.0000 59.0000 115.0000 82.0000 58.0000 69.0000 53.0000 
20588510 2 3.4809 5.7365 1444.0000 113.0000 123.0000 110.0000 91.0000 86.0000 98.0000 107.0000 83.0000 74.0000 75.0000 92.0000 117.0000 118.0000 109.0000 74.0000 
20588536 5 3.0835 4.7730 1456.0000 136.0000 143.0000 140.0000 105.0000 108.0000 92.0000 84.0000 96.0000 77.0000 67.0000 87.0000 77.0000 90.0000 89.0000 67.0000 
20588562 5 3.1052 4.7491 1552.0000 88.0000 104.0000 141.0000 104.0000 129.0000 87.0000 96.0000 86.0000 74.0000 79.0000 90.0000 68.0000 75.0000 94.0000 47.0000 
20588654 2 3.0709 2.4992 1981.0000 55.0000 61.0000 78.0000 57.0000 72.0000 72.0000 92.0000 70.0000 71.0000 79.0000 103.0000 89.0000 95.0000 66.0000 59.0000 
20588680 3 2.8582 2.2932 1876.0000 94.0000 118.0000 112.0000 82.0000 71.0000 86.0000 95.0000 70.0000 72.0000 52.0000 80.0000 85.0000 77.0000 85.0000 45.0000 
22427682 2 3.1875 3.3815 1965.0000 70.0000 69.0000 104.0000 63.0000 67.0000 85.0000 67.0000 66.0000 81.0000 78.0000 99.0000 74.0000 94.0000 65.0000 53.0000 
22427704 5 2.6857 5.0570 2179.0000 43.0000 64.0000 97.0000 75.0000 75.0000 50.0000 51.0000 51.0000 46.0000 64.0000 74.0000 66.0000 69.0000 57.0000 39.0000 
22427728 2 3.3822 3.3768 1709.0000 127.0000 89.0000 123.0000 74.0000 79.0000 79.0000 65.0000 50.0000 74.0000 81.0000 102.0000 102.0000 138.0000 117.0000 91.0000 
22427752 5 2.8221 2.0531 1926.0000 116.0000 120.0000 99.0000 68.0000 65.0000 59.0000 72.0000 42.0000 68.0000 75.0000 80.0000 51.0000 79.0000 95.0000 85.0000 
22427840 5 2.8782 2.4051 2283.0000 41.0000 52.0000 62.0000 40.0000 44.0000 34.0000 30.0000 25.0000 29.0000 33.0000 57.0000 60.0000 44.0000 43.0000 37.0000 
22427864 2 2.7462 5.3961 1992.0000 71.0000 62.0000 76.0000 66.0000 64.0000 47.0000 67.0000 54.0000 54.0000 56.0000 66.0000 69.0000 60.0000 67.0000 43.0000 
22579730 5 3.1269 2.6249 1925.0000 75.0000 63.0000 68.0000 49.0000 40.0000 50.0000 51.0000 54.0000 48.0000 77.0000 79.0000 76.0000 106.0000 74.0000 79.0000 
22579754 2 2.8948 3.6277 1785.0000 101.0000 97.0000 141.0000 91.0000 57.0000 58.0000 61.0000 46.0000 62.0000 65.0000 94.0000 59.0000 69.0000 74.0000 54.0000 
22579848 2 3.1747 5.1104 2018.0000 54.0000 52.0000 62.0000 49.0000 56.0000 57.0000 61.0000 65.0000 58.0000 73.0000 93.0000 63.0000 66.0000 51.0000 36.0000 
22579870 4 2.6951 3.8848 2068.0000 61.0000 51.0000 73.0000 68.0000 60.0000 58.0000 54.0000 52.0000 42.0000 51.0000 60.0000 43.0000 62.0000 64.0000 47.0000 
22579892 2 3.3042 5.1253 1725.0000 88.0000 93.0000 96.0000 71.0000 62.0000 55.0000 77.0000 69.0000 73.0000 62.0000 109.0000 89.0000 89.0000 93.0000 63.0000 
22579916 4 2.8272 3.0979 1812.0000 87.0000 80.0000 87.0000 50.0000 53.0000 53.0000 59.0000 47.0000 52.0000 70.0000 83.0000 81.0000 129.0000 110.0000 61.0000 
22580016 2 3.1932 1.6936 1905.0000 59.0000 62.0000 86.0000 53.0000 58.0000 53.0000 80.0000 61.0000 66.0000 85.0000 111.0000 75.0000 65.0000 48.0000 47.0000 
22580038 5 2.8036 2.2192 1852.0000 62.0000 70.0000 94.0000 73.0000 82.0000 86.0000 63.0000 56.0000 56.0000 59.0000 92.0000 70.0000 72.0000 70.0000 57.0000 
22580068 2 3.2876 1.7666 1737.0000 92.0000 90.0000 102.0000 57.0000 74.0000 74.0000 84.0000 63.0000 68.0000 61.0000 106.0000 71.0000 86.0000 86.0000 63.0000 
22580098 5 2.9394 2.2172 1699.0000 100.0000 112.0000 130.0000 87.0000 64.0000 60.0000 85.0000 62.0000 58.0000 71.0000 75.0000 66.0000 89.0000 92.0000 64.0000 
22580192 3 3.3138 5.6185 1746.0000 65.0000 62.0000 79.0000 73.0000 91.0000 95.0000 83.0000 71.0000 83.0000 97.0000 99.0000 74.0000 78.0000 65.0000 53.0000 
22580218 1 2.9330 5.5810 1769.0000 83.0000 71.0000 93.0000 78.0000 64.0000 80.0000 69.0000 69.0000 83.0000 94.0000 109.0000 78.0000 63.0000 72.0000 39.0000 
22580244 3 3.4770 6.0576 1524.0000 100.0000 85.0000 105.0000 70.0000 62.0000 69.0000 84.0000 63.0000 80.0000 114.0000 129.0000 130.0000 122.0000 108.0000 69.0000 
22580270 1 3.0497 5.9376 1559.0000 113.0000 102.0000 148.0000 115.0000 86.0000 86.0000 87.0000 68.0000 77.0000 66.0000 93.0000 63.0000 84.0000 81.0000 86.0000 
22580340 2 3.0383 3.8965 2175.0000 56.0000 55.0000 83.0000 44.0000 43.0000 37.0000 24.0000 30.0000 37.0000 56.0000 87.0000 62.0000 50.0000 56.0000 19.0000 
22580368 2 2.6244 3.4827 2144.0000 63.0000 67.0000 86.0000 75.0000 37.0000 31.0000 29.0000 36.0000 37.0000 38.0000 66.0000 51.0000 69.0000 50.0000 35.0000 
22580392 2 2.9815 4.5677 2076.0000 82.0000 74.0000 78.0000 53.0000 51.0000 55.0000 46.0000 40.0000 26.0000 21.0000 42.0000 50.0000 61.0000 86.0000 73.0000 
22580420 2 2.6460 4.7111 2014.0000 81.0000 56.0000 43.0000 37.0000 28.0000 33.0000 44.0000 57.0000 54.0000 55.0000 76.0000 74.0000 92.0000 88.0000 82.0000 
22580492 2 2.9809 4.3170 2103.0000 62.0000 58.0000 84.0000 58.0000 51.0000 47.0000 42.0000 38.0000 56.0000 41.0000 77.0000 65.0000 51.0000 49.0000 32.0000 
22580520 5 2.6295 3.8289 2079.0000 75.0000 59.0000 78.0000 59.0000 51.0000 41.0000 39.0000 60.0000 48.0000 41.0000 84.0000 64.0000 41.0000 63.0000 32.0000 
22580548 2 3.1926 5.2558 1793.0000 93.0000 99.0000 115.0000 84.0000 71.0000 62.0000 70.0000 47.0000 63.0000 47.0000 71.0000 66.0000 66.0000 93.0000 74.0000 
22580576 5 2.8201 4.1154 1810.0000 121.0000 82.0000 96.0000 47.0000 56.0000 59.0000 51.0000 51.0000 67.0000 78.0000 98.0000 76.0000 83.0000 79.0000 60.0000 
22580654 5 3.0475 3.4235 2281.0000 61.0000 46.0000 68.0000 42.0000 40.0000 47.0000 46.0000 57.0000 46.0000 77.0000 75.0000 56.0000 47.0000 63.0000 48.0000 
22580680 2 2.4736 3.6342 2438.0000 41.0000 50.0000 60.0000 54.0000 44.0000 39.0000 30.0000 28.0000 38.0000 49.0000 62.0000 35.0000 59.0000 48.0000 25.0000 
22580706 5 3.3173 2.7513 1789.0000 80.0000 68.0000 79.0000 70.0000 107.0000 74.0000 82.0000 90.0000 71.0000 70.0000 88.0000 79.0000 141.0000 147.0000 65.0000 
22580732 2 2.6424 3.5026 2244.0000 118.0000 94.0000 72.0000 51.0000 38.0000 51.0000 44.0000 35.0000 35.0000 36.0000 45.0000 39.0000 52.0000 73.0000 73.0000 
22613624 2 2.9477 4.2793 2280.0000 53.0000 55.0000 53.0000 44.0000 54.0000 60.0000 62.0000 47.0000 76.0000 63.0000 71.0000 59.0000 47.0000 39.0000 37.0000 
22613650 6 2.5505 2.3453 2371.0000 40.0000 39.0000 67.0000 68.0000 56.0000 55.0000 66.0000 42.0000 47.0000 37.0000 55.0000 31.0000 40.0000 54.0000 32.0000 
22613676 2 3.1731 3.1973 2106.0000 58.0000 53.0000 66.0000 50.0000 49.0000 58.0000 62.0000 70.0000 72.0000 93.0000 135.0000 64.0000 70.0000 55.0000 39.0000 
22613702 6 2.6599 2.7966 2262.0000 58.0000 90.0000 119.0000 74.0000 57.0000 50.0000 51.0000 49.0000 32.0000 33.0000 45.0000 41.0000 44.0000 50.0000 45.0000 
22613770 5 2.9633 2.3886 2292.0000 45.0000 45.0000 55.0000 51.0000 49.0000 38.0000 57.0000 55.0000 61.0000 61.0000 90.0000 61.0000 52.0000 48.0000 40.0000 
22613796 2 2.7043 4.0376 2200.0000 66.0000 53.0000 88.0000 73.0000 80.0000 53.0000 90.0000 69.0000 50.0000 60.0000 59.0000 41.0000 43.0000 34.0000 41.0000 
22613822 5 2.9459 2.9894 2215.0000 49.0000 46.0000 65.0000 40.0000 49.0000 37.0000 55.0000 43.0000 39.0000 74.0000 111.0000 70.0000 74.0000 83.0000 50.0000 
22613848 1 2.6905 3.6990 2171.0000 79.0000 76.0000 110.0000 74.0000 70.0000 46.0000 50.0000 68.0000 51.0000 37.0000 59.0000 53.0000 47.0000 63.0000 46.0000 
22613918 4 3.0287 4.5009 2144.0000 48.0000 48.0000 76.0000 49.0000 36.0000 34.0000 31.0000 43.0000 42.0000 55.0000 83.0000 68.0000 66.0000 51.0000 40.0000 
22613944 1 2.5829 3.9953 2181.0000 52.0000 59.0000 93.0000 42.0000 38.0000 36.0000 36.0000 24.0000 34.0000 42.0000 76.0000 59.0000 54.0000 54.0000 34.0000 
22613970 4 3.1435 4.7177 1964.0000 82.0000 69.0000 86.0000 51.0000 62.0000 43.0000 44.0000 43.0000 37.0000 41.0000 57.0000 67.0000 98.0000 89.0000 81.0000 
22613996 1 2.6122 3.4090 2091.0000 82.0000 54.0000 51.0000 37.0000 32.0000 40.0000 41.0000 42.0000 47.0000 54.0000 66.0000 72.0000 72.0000 86.0000 47.0000 
22614074 5 3.5096 1.7601 1410.0000 102.0000 91.0000 133.0000 76.0000 124.0000 114.0000 141.0000 104.0000 123.0000 119.0000 176.0000 93.0000 103.0000 128.0000 63.0000 
22614096 2 3.2836 2.0203 1293.0000 98.0000 99.0000 166.0000 115.0000 159.0000 125.0000 167.0000 141.0000 114.0000 122.0000 143.0000 102.0000 93.0000 96.0000 67.0000 
22614128 5 3.5679 4.5579 1417.0000 115.0000 107.0000 105.0000 71.0000 100.0000 90.0000 104.0000 139.0000 117.0000 92.0000 150.0000 136.0000 153.0000 109.0000 95.0000 
22614150 2 3.1274 2.4832 1528.0000 97.0000 126.0000 165.0000 136.0000 105.0000 117.0000 134.0000 104.0000 89.0000 85.0000 88.0000 85.0000 95.0000 91.0000 55.0000 
22614236 5 2.6932 3.6323 2006.0000 43.0000 66.0000 97.0000 76.0000 75.0000 45.0000 48.0000 48.0000 64.0000 65.0000 71.0000 54.0000 56.0000 66.0000 34.0000 
22614266 5 2.8214 3.1595 1781.0000 102.0000 82.0000 57.0000 56.0000 49.0000 58.0000 50.0000 45.0000 74.0000 71.0000 92.0000 89.0000 95.0000 122.0000 91.0000 
22614352 2 3.2761 4.3298 1811.0000 60.0000 61.0000 94.0000 67.0000 60.0000 74.0000 78.0000 49.0000 74.0000 82.0000 99.0000 85.0000 80.0000 85.0000 55.0000 
22614380 5 2.9018 3.6767 1675.0000 68.0000 59.0000 113.0000 82.0000 98.0000 77.0000 80.0000 72.0000 94.0000 68.0000 133.0000 79.0000 75.0000 78.0000 63.0000 
22614404 2 3.4407 2.7478 1500.0000 87.0000 120.0000 107.0000 86.0000 101.0000 80.0000 117.0000 75.0000 72.0000 85.0000 82.0000 89.0000 95.0000 137.0000 81.0000 
22614432 5 3.0242 4.2222 1467.0000 97.0000 131.0000 121.0000 75.0000 76.0000 70.0000 102.0000 68.0000 105.0000 75.0000 116.0000 97.0000 110.0000 120.0000 84.0000 
22614500 2 3.2353 3.2590 1812.0000 49.0000 51.0000 87.0000 76.0000 75.0000 80.0000 79.0000 64.0000 68.0000 75.0000 125.0000 81.0000 82.0000 62.0000 48.0000 
22614522 4 2.9228 4.8792 1656.0000 87.0000 91.0000 119.0000 95.0000 66.0000 66.0000 90.0000 75.0000 66.0000 84.0000 111.0000 82.0000 87.0000 88.0000 51.0000 
22614544 2 3.4400 3.3995 1549.0000 87.0000 90.0000 90.0000 81.0000 77.0000 80.0000 87.0000 75.0000 90.0000 86.0000 115.0000 117.0000 115.0000 101.0000 74.0000 
22614568 4 3.0153 4.1755 1510.0000 123.0000 150.0000 132.0000 79.0000 82.0000 76.0000 89.0000 88.0000 78.0000 82.0000 102.0000 95.0000 85.0000 67.0000 76.0000 
22670094 6 3.0367 4.1708 2129.0000 39.0000 62.0000 81.0000 69.0000 71.0000 75.0000 69.0000 60.0000 85.0000 82.0000 107.0000 44.0000 44.0000 45.0000 38.0000 
22670124 2 2.7590 3.6130 2060.0000 59.0000 57.0000 96.0000 82.0000 67.0000 76.0000 64.0000 61.0000 74.0000 69.0000 108.0000 74.0000 57.0000 59.0000 37.0000 
22670148 6 3.1004 3.9384 2063.0000 71.0000 51.0000 62.0000 52.0000 59.0000 63.0000 74.0000 65.0000 58.0000 81.0000 113.0000 75.0000 88.0000 77.0000 48.0000 
22670176 2 2.7819 3.1648 2028.0000 65.0000 96.0000 109.0000 102.0000 72.0000 58.0000 90.0000 72.0000 57.0000 56.0000 72.0000 46.0000 58.0000 71.0000 48.0000 
22670278 4 3.1097 2.0275 1991.0000 61.0000 59.0000 95.0000 59.0000 41.0000 55.0000 58.0000 55.0000 49.0000 55.0000 103.0000 58.0000 72.0000 62.0000 41.0000 
22670300 2 2.6747 4.3370 2057.0000 60.0000 69.0000 99.0000 53.0000 63.0000 50.0000 42.0000 38.0000 48.0000 45.0000 73.0000 58.0000 57.0000 60.0000 42.0000 
22670324 4 3.1467 2.1268 1914.0000 62.0000 69.0000 80.0000 65.0000 57.0000 64.0000 65.0000 46.0000 34.0000 60.0000 75.0000 75.0000 86.0000 92.0000 70.0000 
22670348 2 2.6799 4.5268 1955.0000 90.0000 83.0000 69.0000 72.0000 60.0000 57.0000 76.0000 49.0000 55.0000 55.0000 67.0000 57.0000 61.0000 60.0000 48.0000 
22670442 1 2.9037 4.3578 2268.0000 62.0000 53.0000 63.0000 39.0000 24.0000 32.0000 24.0000 13.0000 23.0000 44.0000 52.0000 56.0000 51.0000 69.0000 41.0000 
22670464 5 2.6690 2.4561 2057.0000 68.0000 73.0000 103.0000 51.0000 44.0000 38.0000 40.0000 40.0000 44.0000 54.0000 71.0000 53.0000 60.0000 72.0000 46.0000 
22670488 1 3.1703 4.2287 1894.0000 79.0000 79.0000 102.0000 56.0000 61.0000 45.0000 49.0000 33.0000 50.0000 38.0000 65.0000 81.0000 92.0000 108.0000 82.0000 
22670512 5 2.8176 2.8896 1792.0000 93.0000 91.0000 77.0000 63.0000 40.0000 58.0000 56.0000 48.0000 63.0000 66.0000 99.0000 74.0000 106.0000 113.0000 75.0000 
22670620 2 3.1322 5.0763 2055.0000 63.0000 64.0000 76.0000 59.0000 55.0000 63.0000 69.0000 71.0000 64.0000 76.0000 114.0000 90.0000 81.0000 68.0000 32.0000 
22670644 1 2.7680 3.7254 2064.0000 59.0000 75.0000 93.0000 70.0000 78.0000 83.0000 92.0000 79.0000 59.0000 57.0000 76.0000 64.0000 57.0000 56.0000 38.0000 
22670672 2 3.1977 4.1768 1877.0000 79.0000 89.0000 99.0000 65.0000 60.0000 66.0000 83.0000 75.0000 79.0000 85.0000 120.0000 88.0000 80.0000 93.0000 62.0000 
22670704 1 2.8906 2.6074 1883.0000 90.0000 92.0000 121.0000 96.0000 72.0000 67.0000 71.0000 59.0000 65.0000 70.0000 81.0000 69.0000 83.0000 109.0000 72.0000 
22670808 4 2.8702 1.0206 2402.0000 43.0000 51.0000 55.0000 30.0000 36.0000 35.0000 46.0000 26.0000 41.0000 52.0000 80.0000 53.0000 53.0000 58.0000 39.0000 
22670832 2 2.6106 5.3914 2273.0000 50.0000 46.0000 77.0000 86.0000 59.0000 53.0000 61.0000 53.0000 56.0000 33.0000 70.0000 45.0000 44.0000 56.0000 38.0000 
22670856 5 2.9718 1.3101 2156.0000 64.0000 67.0000 88.0000 47.0000 50.0000 51.0000 60.0000 36.0000 56.0000 52.0000 81.0000 64.0000 81.0000 81.0000 66.0000 
22670878 2 2.5787 2.7072 2287.0000 79.0000 85.0000 84.0000 55.0000 52.0000 54.0000 45.0000 29.0000 37.0000 62.0000 50.0000 43.0000 58.0000 51.0000 29.0000 
22670978 4 2.6422 4.3647 2196.0000 53.0000 58.0000 85.0000 60.0000 62.0000 38.0000 33.0000 35.0000 29.0000 26.0000 48.0000 48.0000 54.0000 49.0000 40.0000 
22671004 4 2.6250 4.8301 2103.0000 90.0000 72.0000 83.0000 58.0000 39.0000 30.0000 36.0000 50.0000 45.0000 38.0000 58.0000 46.0000 65.0000 53.0000 48.0000 
22678448 2 3.0159 1.1367 2107.0000 64.0000 65.0000 67.0000 39.0000 40.0000 31.0000 49.0000 31.0000 38.0000 53.0000 81.0000 75.0000 57.0000 65.0000 52.0000 
22678472 2 2.5210 1.6037 2243.0000 57.0000 40.0000 60.0000 39.0000 46.0000 38.0000 40.0000 24.0000 39.0000 36.0000 57.0000 46.0000 57.0000 47.0000 45.0000 
22678496 2 3.2175 1.6337 1821.0000 102.0000 95.0000 100.0000 64.0000 72.0000 36.0000 68.0000 49.0000 45.0000 54.0000 73.0000 63.0000 92.0000 81.0000 99.0000 
22678518 2 2.6779 2.4618 2001.0000 79.0000 79.0000 75.0000 50.0000 44.0000 52.0000 49.0000 31.0000 30.0000 49.0000 99.0000 73.0000 80.0000 69.0000 54.0000 
22678622 1 2.7200 2.3851 2541.0000 24.0000 23.0000 41.0000 24.0000 26.0000 23.0000 15.0000 15.0000 21.0000 30.0000 41.0000 18.0000 29.0000 28.0000 15.0000 
22678646 3 2.3922 3.0591 2470.0000 36.0000 44.0000 43.0000 25.0000 28.0000 20.0000 19.0000 22.0000 25.0000 31.0000 33.0000 23.0000 37.0000 33.0000 25.0000 
22678670 1 2.8208 4.7362 2330.0000 57.0000 51.0000 52.0000 32.0000 31.0000 38.0000 16.0000 21.0000 22.0000 29.0000 46.0000 31.0000 60.0000 60.0000 38.0000 
22678694 3 2.4120 5.0332 2357.0000 52.0000 44.0000 40.0000 19.0000 31.0000 32.0000 20.0000 23.0000 40.0000 28.0000 50.0000 43.0000 49.0000 48.0000 38.0000 
22678788 2 3.3093 2.3110 1750.0000 73.0000 66.0000 78.0000 73.0000 59.0000 57.0000 111.0000 70.0000 91.0000 88.0000 94.0000 85.0000 74.0000 82.0000 63.0000 
22678810 2 2.6741 1.5949 2076.0000 48.0000 60.0000 72.0000 59.0000 59.0000 54.0000 50.0000 46.0000 47.0000 48.0000 82.0000 57.0000 57.0000 49.0000 50.0000 
22678832 2 3.4624 2.7540 1605.0000 125.0000 98.0000 99.0000 75.0000 73.0000 84.0000 74.0000 78.0000 58.0000 94.0000 116.0000 90.0000 80.0000 82.0000 83.0000 
22678856 2 2.8642 1.2976 1870.0000 81.0000 91.0000 134.0000 71.0000 75.0000 52.0000 67.0000 43.0000 56.0000 56.0000 72.0000 42.0000 68.0000 73.0000 63.0000 
22678952 4 3.0132 2.8960 2283.0000 49.0000 53.0000 80.0000 73.0000 53.0000 39.0000 39.0000 52.0000 53.0000 64.0000 81.0000 66.0000 49.0000 47.0000 19.0000 
22678980 2 2.7476 3.4545 2137.0000 69.0000 66.0000 99.0000 90.0000 76.0000 56.0000 58.0000 70.0000 63.0000 60.0000 65.0000 50.0000 42.0000 54.0000 45.0000 
22679008 4 3.2206 2.8127 1948.0000 78.0000 78.0000 93.0000 59.0000 63.0000 42.0000 62.0000 63.0000 68.0000 67.0000 87.0000 111.0000 121.0000 84.0000 76.0000 
22679036 2 2.8125 2.2868 1975.0000 116.0000 105.0000 99.0000 67.0000 71.0000 57.0000 76.0000 57.0000 51.0000 50.0000 58.0000 70.0000 68.0000 104.0000 76.0000 
24054996 1 2.5306 4.5253 2252.0000 70.0000 64.0000 68.0000 33.0000 41.0000 29.0000 31.0000 51.0000 36.0000 36.0000 52.0000 44.0000 38.0000 39.0000 30.0000 
24055024 2 2.7047 4.3514 2347.0000 32.0000 44.0000 48.0000 35.0000 39.0000 25.0000 35.0000 27.0000 34.0000 27.0000 41.0000 32.0000 56.0000 58.0000 34.0000 
24055052 1 2.4381 4.6069 2412.0000 38.0000 34.0000 51.0000 36.0000 24.0000 35.0000 19.0000 24.0000 30.0000 22.0000 54.0000 32.0000 40.0000 34.0000 29.0000 
24055078 2 2.6320 4.3605 2456.0000 34.0000 24.0000 43.0000 26.0000 30.0000 25.0000 20.0000 22.0000 27.0000 39.0000 50.0000 46.0000 31.0000 28.0000 13.0000 
24055148 5 2.8489 2.7746 1806.0000 78.0000 110.0000 90.0000 62.0000 68.0000 62.0000 52.0000 65.0000 63.0000 61.0000 77.0000 81.0000 76.0000 78.0000 85.0000 
24055176 2 3.0529 4.5474 2018.0000 80.0000 80.0000 91.0000 53.0000 42.0000 36.0000 48.0000 38.0000 37.0000 56.0000 52.0000 64.0000 78.0000 77.0000 64.0000 
24055204 5 2.7640 2.3387 2036.0000 51.0000 65.0000 85.0000 65.0000 53.0000 52.0000 51.0000 44.0000 61.0000 63.0000 79.0000 67.0000 60.0000 43.0000 39.0000 
24055274 5 2.7897 2.1548 1896.0000 115.0000 110.0000 110.0000 70.0000 70.0000 65.0000 79.0000 59.0000 73.0000 65.0000 81.0000 70.0000 89.0000 81.0000 67.0000 
24055328 3 3.1809 2.6476 1890.0000 113.0000 101.0000 95.0000 64.0000 61.0000 65.0000 75.0000 54.0000 64.0000 72.0000 82.0000 86.0000 93.0000 90.0000 95.0000 
24055356 5 2.8816 4.4442 1934.0000 54.0000 80.0000 122.0000 99.0000 88.0000 78.0000 84.0000 69.0000 62.0000 65.0000 79.0000 69.0000 83.0000 77.0000 57.0000 
24055382 3 3.0655 2.2245 2039.0000 60.0000 71.0000 88.0000 63.0000 60.0000 72.0000 76.0000 58.0000 64.0000 84.0000 113.0000 61.0000 65.0000 71.0000 55.0000 
24055444 4 2.9591 4.8819 1722.0000 171.0000 157.0000 109.0000 87.0000 78.0000 66.0000 89.0000 45.0000 61.0000 68.0000 121.0000 68.0000 104.0000 99.0000 55.0000 
24055464 4 3.4657 9.5409 1578.0000 102.0000 122.0000 128.0000 71.0000 77.0000 80.0000 76.0000 80.0000 83.0000 90.0000 84.0000 112.0000 169.0000 150.0000 98.0000 
24055484 4 2.9742 3.8866 1720.0000 99.0000 105.0000 148.0000 94.0000 92.0000 69.0000 104.0000 78.0000 71.0000 93.0000 104.0000 75.0000 93.0000 84.0000 71.0000 
24055502 4 3.2506 8.2084 1911.0000 83.0000 66.0000 108.0000 79.0000 74.0000 75.0000 71.0000 60.0000 78.0000 98.0000 127.0000 77.0000 82.0000 70.0000 41.0000 
24055572 2 2.7476 1.6787 2059.0000 90.0000 110.0000 118.0000 68.0000 69.0000 75.0000 86.0000 50.0000 52.0000 49.0000 71.0000 46.0000 51.0000 71.0000 35.0000 
24055600 4 3.0012 3.1144 2095.0000 48.0000 61.0000 60.0000 59.0000 67.0000 57.0000 64.0000 68.0000 73.0000 74.0000 92.0000 80.0000 84.0000 70.0000 48.0000 
24055628 2 2.6785 4.1380 2283.0000 53.0000 48.0000 72.0000 57.0000 56.0000 77.0000 73.0000 52.0000 52.0000 58.0000 56.0000 41.0000 37.0000 41.0000 44.0000 
24055654 4 2.9694 3.5951 2283.0000 30.0000 41.0000 61.0000 47.0000 41.0000 53.0000 50.0000 58.0000 56.0000 73.0000 98.0000 55.0000 57.0000 54.0000 43.0000 
24055724 2 2.9432 4.8325 1610.0000 84.0000 103.0000 92.0000 75.0000 66.0000 65.0000 73.0000 84.0000 83.0000 74.0000 110.0000 103.0000 83.0000 113.0000 96.0000 
24055752 2 3.3584 4.4723 1639.0000 83.0000 89.0000 105.0000 93.0000 87.0000 63.0000 80.0000 69.0000 65.0000 69.0000 68.0000 106.0000 92.0000 122.0000 84.0000 
24055780 2 2.8795 3.4243 1800.0000 103.0000 93.0000 116.0000 98.0000 68.0000 53.0000 59.0000 43.0000 67.0000 49.0000 101.0000 74.0000 63.0000 80.0000 47.0000 
24055806 2 3.0408 3.8570 2117.0000 54.0000 59.0000 96.0000 55.0000 49.0000 18.0000 36.0000 34.0000 45.0000 42.0000 85.0000 60.0000 70.0000 65.0000 29.0000 
24055876 2 3.0613 1.7229 1653.0000 74.0000 98.0000 191.0000 125.0000 137.0000 118.0000 115.0000 62.0000 73.0000 87.0000 95.0000 58.0000 83.0000 78.0000 53.0000 
24055904 2 3.4639 1.9220 1599.0000 95.0000 103.0000 117.0000 70.0000 80.0000 71.0000 116.0000 92.0000 99.0000 113.0000 156.0000 106.0000 103.0000 104.0000 76.0000 
24055932 2 3.0986 7.2943 1691.0000 64.0000 79.0000 129.0000 118.0000 124.0000 104.0000 139.0000 98.0000 86.0000 101.0000 95.0000 77.0000 63.0000 75.0000 57.0000 
24055958 2 3.3726 2.0962 1716.0000 78.0000 85.0000 124.0000 88.0000 93.0000 82.0000 153.0000 87.0000 91.0000 106.0000 118.0000 79.0000 74.0000 68.0000 58.0000 
24058660 2 3.3185 5.2545 1786.0000 70.0000 80.0000 89.0000 76.0000 78.0000 105.0000 96.0000 112.0000 105.0000 99.0000 115.0000 89.0000 77.0000 75.0000 48.0000 
24058686 4 2.9778 6.3737 1774.0000 85.0000 67.0000 104.0000 83.0000 87.0000 110.0000 120.0000 95.0000 102.0000 67.0000 90.0000 103.0000 79.0000 80.0000 54.0000 
24058712 2 3.4044 3.4615 1696.0000 91.0000 80.0000 88.0000 75.0000 74.0000 90.0000 94.0000 86.0000 104.0000 94.0000 140.0000 110.0000 92.0000 96.0000 90.0000 
24058738 4 2.9699 1.7828 1681.0000 96.0000 117.0000 134.0000 81.0000 93.0000 81.0000 95.0000 71.0000 80.0000 73.0000 102.0000 77.0000 98.0000 136.0000 85.0000 
24065252 5 2.6328 2.0861 2177.0000 103.0000 77.0000 64.0000 22.0000 30.0000 28.0000 46.0000 37.0000 49.0000 64.0000 80.0000 70.0000 106.0000 90.0000 57.0000 
24065270 1 3.0727 6.7039 2114.0000 79.0000 88.0000 98.0000 66.0000 61.0000 53.0000 52.0000 39.0000 25.0000 28.0000 38.0000 44.0000 98.0000 119.0000 98.0000 
24065288 5 2.6130 4.1058 2348.0000 57.0000 52.0000 94.0000 68.0000 36.0000 21.0000 31.0000 39.0000 50.0000 50.0000 77.0000 62.0000 50.0000 37.0000 28.0000 
24065308 1 3.1575 3.6032 2006.0000 75.0000 65.0000 80.0000 63.0000 50.0000 43.0000 47.0000 33.0000 63.0000 61.0000 96.0000 70.0000 72.0000 61.0000 29.0000 
24065380 2 3.0331 1.6012 1635.0000 102.0000 105.0000 168.0000 113.0000 98.0000 84.0000 105.0000 59.0000 69.0000 78.0000 107.0000 80.0000 111.0000 114.0000 72.0000 
24065408 4 3.4393 2.5258 1653.0000 99.0000 102.0000 105.0000 86.0000 78.0000 82.0000 80.0000 85.0000 104.0000 91.0000 144.0000 117.0000 100.0000 102.0000 72.0000 
24065434 2 2.9135 3.2817 1893.0000 75.0000 66.0000 96.0000 89.0000 88.0000 86.0000 82.0000 89.0000 77.0000 89.0000 84.0000 70.0000 69.0000 82.0000 65.0000 
24065460 4 3.2428 4.0064 1876.0000 71.0000 55.0000 79.0000 76.0000 62.0000 83.0000 86.0000 100.0000 98.0000 98.0000 111.0000 93.0000 90.0000 69.0000 53.0000 
24065530 4 2.8635 3.9912 1783.0000 119.0000 119.0000 114.0000 75.0000 53.0000 59.0000 60.0000 48.0000 59.0000 66.0000 98.0000 59.0000 64.0000 69.0000 69.0000 
24065556 2 3.2047 5.1340 1811.0000 53.0000 77.0000 105.0000 70.0000 67.0000 56.0000 52.0000 70.0000 58.0000 63.0000 72.0000 72.0000 102.0000 116.0000 70.0000 
24065584 4 2.6116 2.0874 2170.0000 54.0000 56.0000 72.0000 52.0000 39.0000 41.0000 29.0000 36.0000 41.0000 52.0000 65.0000 59.0000 54.0000 60.0000 34.0000 
24065612 2 3.0804 4.6638 2017.0000 60.0000 57.0000 80.0000 62.0000 62.0000 53.0000 48.0000 50.0000 50.0000 62.0000 95.0000 74.0000 50.0000 60.0000 34.0000 
24065680 2 2.5036 1.1610 2397.0000 71.0000 61.0000 69.0000 22.0000 21.0000 24.0000 40.0000 19.0000 33.0000 53.0000 58.0000 43.0000 65.0000 72.0000 52.0000 
24065708 5 2.8480 1.1640 2392.0000 59.0000 58.0000 73.0000 49.0000 41.0000 34.0000 31.0000 38.0000 21.0000 28.0000 44.0000 40.0000 57.0000 65.0000 70.0000 
24065734 2 2.4165 2.3617 2568.0000 43.0000 51.0000 78.0000 43.0000 31.0000 19.0000 24.0000 16.0000 21.0000 21.0000 46.0000 38.0000 42.0000 33.0000 26.0000 
24065760 5 2.7007 3.0671 2567.0000 39.0000 41.0000 53.0000 31.0000 19.0000 29.0000 21.0000 19.0000 22.0000 23.0000 61.0000 60.0000 44.0000 41.0000 30.0000 
24065832 2 2.9860 3.8664 1610.0000 147.0000 120.0000 117.0000 78.0000 51.0000 51.0000 77.0000 72.0000 77.0000 78.0000 105.0000 98.0000 59.0000 87.0000 87.0000 
24065860 2 3.4318 5.2465 1547.0000 99.0000 100.0000 92.0000 65.0000 72.0000 86.0000 73.0000 62.0000 61.0000 75.0000 122.0000 121.0000 126.0000 123.0000 90.0000 
24065888 2 2.8291 3.9792 1859.0000 70.0000 93.0000 123.0000 76.0000 63.0000 61.0000 57.0000 62.0000 57.0000 61.0000 75.0000 67.0000 74.0000 71.0000 45.0000 
24065914 2 3.1951 4.6473 1889.0000 67.0000 65.0000 78.0000 55.0000 58.0000 46.0000 47.0000 47.0000 58.0000 79.0000 110.0000 99.0000 81.0000 72.0000 63.0000 
26933772 2 2.7576 1.5035 2497.0000 36.0000 43.0000 39.0000 30.0000 21.0000 10.0000 5.0000 4.0000 14.0000 12.0000 52.0000 36.0000 39.0000 52.0000 24.0000 
26933800 4 2.3948 3.0385 2440.0000 64.0000 59.0000 57.0000 22.0000 20.0000 13.0000 11.0000 13.0000 28.0000 21.0000 42.0000 30.0000 37.0000 33.0000 24.0000 
26933830 2 2.9031 1.7773 2258.0000 51.0000 68.0000 70.0000 59.0000 43.0000 30.0000 21.0000 21.0000 17.0000 24.0000 35.0000 29.0000 47.0000 61.0000 80.0000 
26933860 4 2.4585 2.7241 2240.0000 46.0000 33.0000 36.0000 24.0000 21.0000 26.0000 33.0000 30.0000 35.0000 45.0000 67.0000 53.0000 80.0000 77.0000 68.0000 
27829134 5 3.0234 2.5515 2246.0000 56.0000 40.0000 57.0000 46.0000 43.0000 45.0000 71.0000 59.0000 61.0000 74.0000 92.0000 49.0000 65.0000 54.0000 42.0000 
27829160 1 2.6857 4.3645 2206.0000 50.0000 55.0000 79.0000 86.0000 65.0000 52.0000 58.0000 58.0000 44.0000 46.0000 82.0000 57.0000 53.0000 62.0000 47.0000 
27829188 5 3.2194 3.2801 1904.0000 86.0000 80.0000 101.0000 77.0000 74.0000 60.0000 65.0000 61.0000 68.0000 67.0000 91.0000 75.0000 99.0000 97.0000 95.0000 
27829216 1 2.8197 3.1583 1921.0000 116.0000 110.0000 106.0000 78.0000 50.0000 73.0000 68.0000 52.0000 73.0000 59.0000 88.0000 70.0000 58.0000 103.0000 75.0000 
30011484 2 2.8495 2.5126 2364.0000 46.0000 49.0000 62.0000 27.0000 17.0000 18.0000 13.0000 18.0000 24.0000 19.0000 57.0000 58.0000 40.0000 56.0000 46.0000 
30011508 4 2.4375 1.6117 2406.0000 48.0000 33.0000 71.0000 22.0000 16.0000 17.0000 12.0000 12.0000 17.0000 19.0000 53.0000 31.0000 44.0000 60.0000 53.0000 
30011530 2 3.0459 4.5076 2069.0000 107.0000 112.0000 87.0000 45.0000 40.0000 21.0000 25.0000 36.0000 29.0000 31.0000 38.0000 53.0000 34.0000 80.0000 107.0000 
30011552 4 2.6161 3.5870 2096.0000 80.0000 57.0000 40.0000 26.0000 21.0000 29.0000 22.0000 24.0000 37.0000 39.0000 76.0000 63.0000 100.0000 113.0000 91.0000 
30011648 2 3.1550 4.0313 1909.0000 62.0000 66.0000 96.0000 61.0000 52.0000 51.0000 53.0000 65.0000 69.0000 61.0000 105.0000 59.0000 68.0000 92.0000 45.0000 
30011674 5 2.8233 3.4198 1827.0000 69.0000 70.0000 93.0000 83.0000 94.0000 80.0000 76.0000 58.0000 80.0000 64.0000 80.0000 64.0000 56.0000 64.0000 56.0000 
30011700 2 3.3004 5.4636 1682.0000 89.0000 93.0000 100.0000 67.0000 66.0000 51.0000 81.0000 62.0000 80.0000 77.0000 88.0000 88.0000 105.0000 98.0000 87.0000 
30011728 5 2.9362 4.2768 1641.0000 110.0000 93.0000 99.0000 86.0000 70.0000 69.0000 86.0000 56.0000 73.0000 79.0000 88.0000 83.0000 90.0000 110.0000 81.0000 
30011798 2 2.9537 3.2185 2336.0000 41.0000 61.0000 54.0000 43.0000 52.0000 46.0000 43.0000 36.0000 36.0000 45.0000 77.0000 60.0000 76.0000 60.0000 34.0000 
30011824 4 2.7404 3.7418 2102.0000 63.0000 65.0000 106.0000 80.0000 66.0000 58.0000 74.0000 54.0000 59.0000 66.0000 87.0000 62.0000 65.0000 64.0000 29.0000 
30011850 2 3.0012 2.9859 2170.0000 85.0000 51.0000 67.0000 75.0000 51.0000 52.0000 55.0000 53.0000 44.0000 46.0000 68.0000 67.0000 81.0000 80.0000 55.0000 
30318068 4 2.8444 2.2422 1927.0000 122.0000 104.0000 117.0000 61.0000 69.0000 66.0000 71.0000 57.0000 55.0000 69.0000 87.0000 73.0000 74.0000 79.0000 69.0000 
50993400 2 3.0013 2.5929 1557.0000 116.0000 150.0000 148.0000 76.0000 81.0000 67.0000 89.0000 73.0000 87.0000 68.0000 109.0000 66.0000 82.0000 86.0000 59.0000 
50993424 2 2.9464 2.6767 1587.0000 69.0000 91.0000 137.0000 111.0000 95.0000 81.0000 82.0000 73.0000 84.0000 92.0000 93.0000 90.0000 92.0000 85.0000 52.0000 
50993616 2 3.1716 3.2082 1269.0000 164.0000 122.0000 103.0000 67.0000 74.0000 70.0000 118.0000 79.0000 105.0000 109.0000 124.0000 126.0000 141.0000 134.0000 109.0000 
50993644 2 2.9069 2.0036 1719.0000 77.0000 76.0000 116.0000 90.0000 81.0000 59.0000 77.0000 65.0000 70.0000 66.0000 107.0000 80.0000 98.0000 85.0000 48.0000 
50993672 2 2.7614 1.9059 1989.0000 83.0000 101.0000 79.0000 54.0000 39.0000 53.0000 57.0000 40.0000 58.0000 83.0000 97.0000 68.0000 98.0000 102.0000 99.0000 
50993696 2 2.5559 1.4991 2405.0000 40.0000 72.0000 78.0000 56.0000 44.0000 31.0000 31.0000 22.0000 45.0000 39.0000 61.0000 46.0000 51.0000 53.0000 26.0000 
50993788 2 2.7589 0.9655 1899.0000 83.0000 93.0000 101.0000 65.0000 46.0000 49.0000 83.0000 63.0000 59.0000 63.0000 83.0000 45.0000 60.0000 73.0000 49.0000 
50993816 2 3.5281 1.1947 1385.0000 87.0000 94.0000 109.0000 86.0000 87.0000 87.0000 140.0000 82.0000 86.0000 92.0000 153.0000 106.0000 103.0000 124.0000 93.0000 
50993840 2 2.6900 0.9786 2002.0000 59.0000 73.0000 97.0000 76.0000 73.0000 37.0000 72.0000 47.0000 38.0000 52.0000 99.0000 57.0000 50.0000 46.0000 36.0000 
50993868 2 3.4515 1.3509 1500.0000 81.0000 98.0000 139.0000 78.0000 76.0000 78.0000 97.0000 68.0000 78.0000 122.0000 139.0000 89.0000 106.0000 96.0000 69.0000 
50993896 2 2.8055 0.8678 1862.0000 95.0000 108.0000 93.0000 77.0000 65.0000 58.0000 72.0000 54.0000 60.0000 67.0000 68.0000 49.0000 76.0000 56.0000 54.0000 
50993920 2 3.5759 1.0324 1252.0000 92.0000 109.0000 130.0000 103.0000 108.0000 97.0000 106.0000 76.0000 90.0000 96.0000 147.0000 129.0000 134.0000 135.0000 110.0000 
50993948 2 2.7264 0.9078 1994.0000 66.0000 71.0000 107.0000 62.0000 67.0000 54.0000 69.0000 46.0000 52.0000 53.0000 78.0000 55.0000 50.0000 52.0000 38.0000 
50993976 2 3.4114 1.2286 1620.0000 80.0000 85.0000 126.0000 69.0000 101.0000 77.0000 72.0000 63.0000 98.0000 80.0000 107.0000 90.0000 91.0000 102.0000 53.0000 
50994112 2 2.4936 4.3042 2213.0000 59.0000 55.0000 39.0000 27.0000 21.0000 27.0000 31.0000 48.0000 39.0000 54.0000 54.0000 56.0000 58.0000 71.0000 62.0000 
50994136 1 2.8629 0.7980 2345.0000 35.0000 39.0000 52.0000 45.0000 26.0000 18.0000 28.0000 14.0000 23.0000 21.0000 42.0000 50.0000 61.0000 64.0000 51.0000 
50994164 2 2.3967 2.9257 2454.0000 34.0000 33.0000 52.0000 35.0000 22.0000 23.0000 23.0000 19.0000 27.0000 23.0000 36.0000 22.0000 48.0000 39.0000 24.0000 
50994192 1 2.6633 2.5421 2531.0000 28.0000 34.0000 40.0000 28.0000 24.0000 14.0000 11.0000 9.0000 16.0000 27.0000 55.0000 26.0000 26.0000 29.0000 16.0000 
50994272 4 2.6441 3.6249 2435.0000 38.0000 37.0000 63.0000 23.0000 36.0000 22.0000 23.0000 13.0000 14.0000 12.0000 27.0000 27.0000 49.0000 58.0000 37.0000 
50994300 2 2.6722 3.1415 2545.0000 18.0000 26.0000 37.0000 29.0000 19.0000 23.0000 12.0000 10.0000 17.0000 16.0000 44.0000 21.0000 31.0000 34.0000 32.0000 
50994328 2 2.4547 4.4148 2251.0000 35.0000 31.0000 34.0000 23.0000 30.0000 21.0000 18.0000 33.0000 41.0000 39.0000 68.0000 60.0000 83.0000 89.0000 58.0000 
50994352 4 2.9005 3.6367 2215.0000 104.0000 93.0000 102.0000 39.0000 49.0000 28.0000 30.0000 20.0000 23.0000 17.0000 32.0000 33.0000 27.0000 49.0000 53.0000 
50994380 2 2.3584 2.8885 2504.0000 35.0000 30.0000 47.0000 28.0000 23.0000 18.0000 18.0000 14.0000 20.0000 25.0000 33.0000 32.0000 31.0000 35.0000 21.0000 
50994408 2 2.7149 2.6132 2539.0000 27.0000 30.0000 45.0000 22.0000 22.0000 9.0000 12.0000 16.0000 13.0000 26.0000 40.0000 34.0000 32.0000 29.0000 18.0000 
50994536 2 3.2025 4.6958 1971.0000 96.0000 65.0000 80.0000 68.0000 58.0000 50.0000 66.0000 61.0000 64.0000 72.0000 94.0000 83.0000 110.0000 83.0000 79.0000 
50994560 2 2.9525 2.5369 2255.0000 58.0000 47.0000 85.0000 55.0000 40.0000 29.0000 47.0000 47.0000 58.0000 66.0000 96.0000 74.0000 59.0000 50.0000 34.0000 
50994588 2 3.2019 3.4363 1968.0000 70.0000 73.0000 73.0000 76.0000 56.0000 43.0000 69.0000 48.0000 69.0000 74.0000 102.0000 82.0000 97.0000 108.0000 92.0000 
50994616 2 3.0174 3.6185 2163.0000 57.0000 51.0000 88.0000 50.0000 48.0000 44.0000 49.0000 58.0000 69.0000 76.0000 102.0000 76.0000 75.0000 62.0000 32.0000 
50994704 1 2.8622 0.5620 2290.0000 46.0000 54.0000 53.0000 30.0000 25.0000 25.0000 30.0000 22.0000 27.0000 39.0000 67.0000 53.0000 58.0000 52.0000 43.0000 
50994732 1 2.7060 4.3645 2015.0000 88.0000 82.0000 74.0000 54.0000 45.0000 29.0000 32.0000 56.0000 47.0000 54.0000 62.0000 64.0000 65.0000 78.0000 69.0000 
50994760 1 3.0421 0.6657 2056.0000 65.0000 63.0000 81.0000 47.0000 41.0000 32.0000 36.0000 36.0000 29.0000 46.0000 69.0000 64.0000 81.0000 89.0000 79.0000 
50994788 1 2.5829 2.0365 2248.0000 52.0000 56.0000 74.0000 49.0000 39.0000 36.0000 20.0000 40.0000 42.0000 41.0000 56.0000 33.0000 45.0000 48.0000 35.0000 
50994816 1 2.6161 3.9300 2091.0000 62.0000 67.0000 74.0000 50.0000 31.0000 37.0000 28.0000 39.0000 52.0000 44.0000 75.0000 54.0000 59.0000 76.0000 75.0000 
50994840 4 3.0249 1.8598 2125.0000 91.0000 61.0000 87.0000 51.0000 39.0000 38.0000 40.0000 20.0000 36.0000 33.0000 38.0000 48.0000 74.0000 63.0000 70.0000 
50994868 1 2.5918 2.7548 2253.0000 57.0000 67.0000 67.0000 45.0000 41.0000 38.0000 28.0000 22.0000 47.0000 31.0000 53.0000 37.0000 44.0000 47.0000 37.0000 
50994896 4 2.8482 2.2278 2273.0000 46.0000 43.0000 42.0000 43.0000 29.0000 32.0000 34.0000 37.0000 34.0000 37.0000 72.0000 58.0000 57.0000 47.0000 30.0000 
50995760 2 3.1378 4.7021 1946.0000 83.0000 84.0000 92.0000 64.0000 53.0000 54.0000 52.0000 28.0000 42.0000 41.0000 49.0000 56.0000 75.0000 115.0000 80.0000 
50995788 2 3.0019 3.1210 2178.0000 56.0000 72.0000 79.0000 48.0000 33.0000 23.0000 23.0000 25.0000 39.0000 33.0000 88.0000 58.0000 76.0000 53.0000 30.0000 
50995872 1 2.9235 4.8255 1649.0000 101.0000 121.0000 113.0000 77.0000 80.0000 66.0000 83.0000 69.0000 92.0000 82.0000 103.0000 71.0000 77.0000 75.0000 55.0000 
50995900 1 2.7761 5.6668 1918.0000 44.0000 61.0000 117.0000 80.0000 53.0000 62.0000 45.0000 44.0000 59.0000 67.0000 95.0000 69.0000 90.0000 60.0000 50.0000 
50995964 2 2.7736 4.1549 1832.0000 92.0000 88.0000 69.0000 50.0000 51.0000 42.0000 61.0000 43.0000 68.0000 68.0000 97.0000 81.0000 88.0000 99.0000 85.0000 
50995992 2 2.7015 4.2003 2003.0000 55.0000 70.0000 101.0000 85.0000 55.0000 35.0000 26.0000 33.0000 41.0000 50.0000 79.0000 60.0000 72.0000 78.0000 71.0000 
50996056 2 2.6869 3.0529 2173.0000 110.0000 95.0000 84.0000 53.0000 35.0000 40.0000 54.0000 52.0000 49.0000 63.0000 67.0000 54.0000 64.0000 59.0000 48.0000 
50996084 2 3.1088 5.0498 2074.0000 80.0000 80.0000 82.0000 64.0000 57.0000 44.0000 39.0000 37.0000 43.0000 41.0000 84.0000 90.0000 109.0000 109.0000 67.0000 
50996112 2 2.5835 4.2554 2334.0000 62.0000 57.0000 94.0000 53.0000 44.0000 40.0000 29.0000 33.0000 33.0000 41.0000 64.0000 69.0000 52.0000 62.0000 33.0000 
50996136 2 2.9802 4.3284 2273.0000 80.0000 46.0000 81.0000 68.0000 41.0000 37.0000 29.0000 23.0000 31.0000 49.0000 79.0000 68.0000 88.0000 69.0000 38.0000 
50996200 2 2.7136 4.1915 1948.0000 90.0000 110.0000 76.0000 57.0000 39.0000 38.0000 29.0000 44.0000 62.0000 60.0000 74.0000 83.0000 76.0000 78.0000 50.0000 
50996228 2 2.5797 3.7307 2239.0000 52.0000 59.0000 80.0000 38.0000 39.0000 39.0000 36.0000 28.0000 38.0000 41.0000 64.0000 36.0000 46.0000 52.0000 27.0000 
50996324 1 2.6671 4.2001 2006.0000 83.0000 86.0000 80.0000 53.0000 41.0000 35.0000 54.0000 31.0000 25.0000 34.0000 69.0000 54.0000 82.0000 106.0000 75.0000 
50996352 4 3.1518 4.3043 1949.0000 103.0000 73.0000 74.0000 38.0000 49.0000 46.0000 43.0000 41.0000 54.0000 47.0000 60.0000 72.0000 78.0000 94.0000 93.0000 
50996380 1 2.5842 3.7007 2218.0000 45.0000 58.0000 92.0000 55.0000 43.0000 42.0000 29.0000 42.0000 33.0000 35.0000 61.0000 53.0000 45.0000 45.0000 18.0000 
50996408 4 2.9483 3.6377 2250.0000 32.0000 47.0000 66.0000 37.0000 43.0000 28.0000 30.0000 39.0000 42.0000 37.0000 79.0000 63.0000 42.0000 47.0000 32.0000 
50996708 2 3.0619 2.2457 2162.0000 58.0000 51.0000 77.0000 48.0000 49.0000 47.0000 50.0000 50.0000 51.0000 61.0000 103.0000 80.0000 83.0000 68.0000 62.0000 
50996736 2 3.0240 1.8295 2271.0000 42.0000 42.0000 76.0000 50.0000 52.0000 50.0000 71.0000 41.0000 61.0000 73.0000 72.0000 52.0000 61.0000 49.0000 37.0000 
50996800 2 3.1995 2.5733 1380.0000 125.0000 131.0000 189.0000 122.0000 109.0000 140.0000 131.0000 98.0000 98.0000 103.0000 124.0000 83.0000 103.0000 96.0000 68.0000 
50996828 2 3.3714 2.7375 1828.0000 57.0000 58.0000 70.0000 58.0000 67.0000 76.0000 83.0000 85.0000 111.0000 105.0000 149.0000 116.0000 114.0000 82.0000 41.0000 
50996856 2 3.1178 2.4823 1530.0000 80.0000 118.0000 119.0000 108.0000 106.0000 88.0000 142.0000 107.0000 133.0000 113.0000 145.0000 92.0000 81.0000 82.0000 56.0000 
50996880 2 3.2590 2.5978 1887.0000 72.0000 66.0000 97.0000 54.0000 91.0000 88.0000 119.0000 77.0000 78.0000 81.0000 96.0000 76.0000 93.0000 94.0000 31.0000 
50996944 2 2.7127 2.8542 2080.0000 134.0000 110.0000 100.0000 66.0000 46.0000 53.0000 82.0000 42.0000 62.0000 61.0000 68.0000 48.0000 49.0000 67.0000 32.0000 
50996972 2 3.1322 3.2140 2032.0000 92.0000 78.0000 73.0000 69.0000 65.0000 61.0000 69.0000 44.0000 38.0000 55.0000 47.0000 68.0000 88.0000 124.0000 97.0000 
50997000 2 2.6725 3.2821 2233.0000 60.0000 47.0000 101.0000 72.0000 72.0000 50.0000 44.0000 48.0000 44.0000 48.0000 83.0000 50.0000 56.0000 49.0000 43.0000 
50997024 2 2.9676 2.4580 2306.0000 33.0000 45.0000 90.0000 44.0000 55.0000 41.0000 45.0000 37.0000 50.0000 60.0000 99.0000 54.0000 57.0000 44.0000 40.0000 
50997052 1 3.0504 6.2009 1488.0000 68.0000 95.0000 160.0000 137.0000 106.0000 97.0000 76.0000 83.0000 88.0000 98.0000 111.0000 92.0000 86.0000 81.0000 48.0000 
50997080 1 3.1020 5.1273 1399.0000 143.0000 127.0000 132.0000 94.0000 82.0000 82.0000 97.0000 98.0000 88.0000 93.0000 135.0000 93.0000 85.0000 107.0000 59.0000 
50997108 2 3.4911 4.0715 1418.0000 101.0000 106.0000 125.0000 106.0000 93.0000 107.0000 94.0000 79.0000 76.0000 78.0000 109.0000 95.0000 113.0000 138.0000 76.0000 
50997136 2 3.3642 3.2004 1651.0000 65.0000 79.0000 119.0000 91.0000 94.0000 57.0000 87.0000 62.0000 95.0000 90.0000 124.0000 82.0000 90.0000 79.0000 49.0000 
50997224 2 2.7755 2.5600 1915.0000 114.0000 84.0000 77.0000 45.0000 43.0000 50.0000 49.0000 53.0000 51.0000 68.0000 69.0000 70.0000 71.0000 80.0000 75.0000 
50997248 2 3.3208 4.7038 1725.0000 76.0000 81.0000 105.0000 90.0000 64.0000 71.0000 91.0000 60.0000 65.0000 58.0000 85.0000 68.0000 105.0000 89.0000 81.0000 
50997276 2 2.6830 3.4179 2089.0000 52.0000 61.0000 88.0000 65.0000 70.0000 33.0000 49.0000 51.0000 39.0000 31.0000 73.0000 54.0000 66.0000 51.0000 42.0000 
50997304 2 3.1097 3.8905 1988.0000 62.0000 57.0000 69.0000 57.0000 32.0000 37.0000 52.0000 51.0000 56.0000 73.0000 104.0000 92.0000 69.0000 76.0000 39.0000 
50997432 2 3.0048 2.4326 1733.0000 87.0000 99.0000 132.0000 109.0000 94.0000 96.0000 97.0000 77.0000 68.0000 80.0000 102.0000 72.0000 80.0000 92.0000 82.0000 
50997460 4 3.3972 4.5846 1735.0000 84.0000 108.0000 89.0000 75.0000 77.0000 90.0000 82.0000 84.0000 83.0000 104.0000 143.0000 92.0000 86.0000 86.0000 82.0000 
50997488 2 2.9297 3.7563 1985.0000 52.0000 83.0000 89.0000 62.0000 102.0000 78.0000 101.0000 88.0000 78.0000 60.0000 76.0000 58.0000 69.0000 65.0000 54.0000 
50997516 4 3.2169 4.5402 1990.0000 68.0000 67.0000 89.0000 74.0000 71.0000 73.0000 82.0000 93.0000 70.0000 77.0000 89.0000 69.0000 79.0000 67.0000 42.0000 
50997596 2 2.7470 3.5429 2016.0000 90.0000 87.0000 93.0000 71.0000 55.0000 55.0000 71.0000 49.0000 53.0000 48.0000 74.0000 66.0000 86.0000 105.0000 81.0000 
50997624 2 2.9207 1.6203 2313.0000 81.0000 78.0000 97.0000 33.0000 38.0000 29.0000 38.0000 35.0000 26.0000 34.0000 47.0000 45.0000 59.0000 63.0000 84.0000 
50997652 2 2.7224 3.1437 2163.0000 56.0000 54.0000 75.0000 86.0000 73.0000 61.0000 61.0000 55.0000 71.0000 69.0000 61.0000 62.0000 71.0000 52.0000 30.0000 
50997680 2 2.8414 1.5189 2429.0000 39.0000 42.0000 79.0000 47.0000 45.0000 33.0000 44.0000 28.0000 40.0000 43.0000 69.0000 41.0000 49.0000 42.0000 30.0000 
50997744 3 2.8654 4.1124 1906.0000 108.0000 122.0000 97.0000 83.0000 60.0000 47.0000 74.0000 64.0000 68.0000 57.0000 69.0000 78.0000 83.0000 103.0000 81.0000 
50997768 3 3.2374 4.9082 1929.0000 65.0000 95.0000 94.0000 54.0000 52.0000 66.0000 69.0000 57.0000 59.0000 71.0000 88.0000 105.0000 116.0000 102.0000 78.0000 
50997796 3 2.7091 4.8669 2212.0000 58.0000 55.0000 76.0000 66.0000 52.0000 57.0000 51.0000 47.0000 60.0000 60.0000 101.0000 50.0000 63.0000 53.0000 39.0000 
50997824 3 3.0144 4.4362 2245.0000 46.0000 56.0000 69.0000 65.0000 55.0000 62.0000 45.0000 51.0000 64.0000 56.0000 101.0000 58.0000 55.0000 43.0000 29.0000 
50998032 2 3.2181 2.1084 1931.0000 41.0000 60.0000 77.0000 62.0000 74.0000 69.0000 73.0000 59.0000 76.0000 73.0000 97.0000 69.0000 55.0000 55.0000 43.0000 
50998060 5 2.9177 3.5193 1696.0000 95.0000 97.0000 102.0000 74.0000 73.0000 66.0000 86.0000 69.0000 75.0000 78.0000 85.0000 73.0000 87.0000 92.0000 66.0000 
50998088 2 3.3929 2.5589 1690.0000 69.0000 65.0000 94.0000 65.0000 63.0000 93.0000 75.0000 86.0000 87.0000 73.0000 110.0000 86.0000 88.0000 88.0000 82.0000 
50998112 5 2.8731 3.3868 1868.0000 53.0000 79.0000 90.0000 95.0000 68.0000 68.0000 65.0000 80.0000 54.0000 67.0000 80.0000 54.0000 70.0000 68.0000 55.0000 
50998176 2 2.7915 2.7009 2000.0000 94.0000 81.0000 112.0000 52.0000 68.0000 54.0000 70.0000 65.0000 64.0000 59.0000 58.0000 66.0000 89.0000 94.0000 74.0000 
50998204 2 3.1689 3.9883 1973.0000 93.0000 64.0000 78.0000 55.0000 82.0000 51.0000 55.0000 57.0000 46.0000 50.0000 90.0000 112.0000 114.0000 110.0000 70.0000 
50998232 2 2.7806 1.9275 2119.0000 57.0000 58.0000 108.0000 65.0000 81.0000 52.0000 56.0000 45.0000 49.0000 70.0000 108.0000 74.0000 58.0000 65.0000 35.0000 
50998256 2 3.1118 4.0708 2113.0000 47.0000 54.0000 79.0000 62.0000 59.0000 70.0000 67.0000 51.0000 57.0000 76.0000 149.0000 55.0000 71.0000 57.0000 33.0000 
50998320 1 3.3036 5.2368 1700.0000 128.0000 103.0000 105.0000 84.0000 86.0000 73.0000 69.0000 54.0000 54.0000 56.0000 55.0000 59.0000 77.0000 85.0000 126.0000 
50998348 1 2.8814 4.8216 2334.0000 46.0000 49.0000 66.0000 47.0000 30.0000 20.0000 13.0000 25.0000 20.0000 32.0000 56.0000 45.0000 46.0000 50.0000 35.0000 
50998412 2 2.6881 2.0433 2123.0000 87.0000 85.0000 73.0000 42.0000 36.0000 44.0000 51.0000 54.0000 77.0000 62.0000 65.0000 56.0000 69.0000 83.0000 93.0000 
50998440 2 3.1280 2.5910 2066.0000 86.0000 70.0000 79.0000 60.0000 65.0000 49.0000 58.0000 40.0000 39.0000 47.0000 72.0000 80.0000 90.0000 101.0000 98.0000 
50998468 2 2.6352 2.6732 2303.0000 56.0000 51.0000 82.0000 57.0000 43.0000 47.0000 37.0000 40.0000 40.0000 62.0000 78.0000 73.0000 43.0000 56.0000 32.0000 
50998496 2 3.0391 1.4675 2247.0000 75.0000 66.0000 88.0000 49.0000 42.0000 40.0000 45.0000 26.0000 48.0000 49.0000 88.0000 58.0000 70.0000 59.0000 50.0000 
50998580 2 2.6298 3.5240 2177.0000 86.0000 71.0000 78.0000 36.0000 34.0000 29.0000 50.0000 55.0000 52.0000 44.0000 66.0000 66.0000 82.0000 109.0000 65.0000 
50998608 1 3.0643 4.9002 2160.0000 89.0000 65.0000 87.0000 71.0000 54.0000 48.0000 42.0000 42.0000 36.0000 44.0000 52.0000 67.0000 83.0000 99.0000 61.0000 
50998632 2 2.5727 3.7700 2407.0000 47.0000 55.0000 72.0000 56.0000 51.0000 36.0000 43.0000 31.0000 40.0000 37.0000 60.0000 44.0000 48.0000 48.0000 25.0000 
50998660 1 2.8798 3.6538 2373.0000 48.0000 49.0000 65.0000 31.0000 46.0000 43.0000 35.0000 37.0000 39.0000 51.0000 84.0000 54.0000 62.0000 53.0000 30.0000 
50998980 5 2.6320 3.4405 2458.0000 79.0000 77.0000 64.0000 25.0000 16.0000 20.0000 7.0000 12.0000 9.0000 15.0000 10.0000 21.0000 24.0000 29.0000 48.0000 
50999008 5 2.6059 2.1798 2616.0000 22.0000 26.0000 33.0000 19.0000 9.0000 14.0000 12.0000 8.0000 12.0000 14.0000 45.0000 29.0000 23.0000 15.0000 17.0000 
50999096 2 2.5580 2.3288 2153.0000 62.0000 84.0000 69.0000 57.0000 43.0000 37.0000 48.0000 28.0000 31.0000 44.0000 59.0000 58.0000 56.0000 50.0000 35.0000 
50999120 1 3.0950 5.4920 1921.0000 66.0000 71.0000 76.0000 68.0000 56.0000 57.0000 64.0000 58.0000 47.0000 49.0000 71.0000 71.0000 82.0000 84.0000 73.0000 
50999148 2 2.5682 3.8136 2247.0000 46.0000 49.0000 69.0000 58.0000 33.0000 35.0000 27.0000 26.0000 41.0000 32.0000 60.0000 53.0000 50.0000 56.0000 32.0000 
50999176 1 3.0765 3.8349 2105.0000 58.0000 48.0000 66.0000 55.0000 36.0000 43.0000 40.0000 38.0000 36.0000 58.0000 96.0000 76.0000 70.0000 63.0000 26.0000 
50999248 2 2.6409 4.4628 2029.0000 86.0000 80.0000 71.0000 42.0000 41.0000 42.0000 44.0000 49.0000 40.0000 46.0000 80.0000 66.0000 56.0000 70.0000 72.0000 
50999272 1 3.2015 6.2416 1858.0000 89.0000 68.0000 82.0000 65.0000 54.0000 61.0000 56.0000 67.0000 45.0000 53.0000 70.0000 71.0000 66.0000 117.0000 92.0000 
50999300 2 2.6333 4.2434 2171.0000 43.0000 52.0000 83.0000 59.0000 50.0000 41.0000 45.0000 21.0000 34.0000 41.0000 65.0000 49.0000 55.0000 71.0000 34.0000 
50999328 1 2.9936 4.7459 2130.0000 43.0000 47.0000 72.0000 46.0000 38.0000 39.0000 43.0000 35.0000 42.0000 65.0000 82.0000 76.0000 72.0000 45.0000 39.0000 
50999432 5 2.6725 1.8004 2090.0000 74.0000 89.0000 65.0000 44.0000 43.0000 32.0000 56.0000 41.0000 71.0000 68.0000 112.0000 77.0000 73.0000 95.0000 70.0000 
50999460 5 2.6815 3.3927 2202.0000 34.0000 48.0000 83.0000 75.0000 86.0000 68.0000 42.0000 53.0000 64.0000 65.0000 82.0000 63.0000 53.0000 38.0000 44.0000 
51048736 3 3.3820 5.5758 1583.0000 101.0000 98.0000 108.0000 81.0000 86.0000 90.0000 95.0000 61.0000 73.0000 56.0000 100.0000 95.0000 109.0000 97.0000 81.0000 
51048764 3 3.1786 3.9250 1913.0000 56.0000 69.0000 67.0000 70.0000 51.0000 50.0000 56.0000 75.0000 71.0000 82.0000 116.0000 85.0000 54.0000 60.0000 39.0000 
51048892 2 2.8558 3.7752 1887.0000 100.0000 108.0000 121.0000 93.0000 98.0000 64.0000 86.0000 72.0000 68.0000 62.0000 74.0000 75.0000 67.0000 73.0000 52.0000 
51048920 2 3.2434 4.6189 1846.0000 87.0000 83.0000 80.0000 66.0000 67.0000 74.0000 74.0000 77.0000 54.0000 77.0000 130.0000 109.0000 110.0000 84.0000 82.0000 
51048944 2 2.8930 2.7442 1964.0000 53.0000 75.0000 119.0000 101.0000 100.0000 70.0000 87.0000 65.0000 71.0000 77.0000 99.0000 57.0000 53.0000 76.0000 33.0000 
51048972 2 3.1605 3.7437 2033.0000 46.0000 50.0000 91.0000 59.0000 57.0000 75.0000 66.0000 66.0000 97.0000 92.0000 116.0000 92.0000 63.0000 63.0000 34.0000 
51049052 2 2.8924 2.3414 1854.0000 83.0000 89.0000 131.0000 101.0000 65.0000 67.0000 90.0000 74.0000 76.0000 67.0000 96.0000 76.0000 88.0000 80.0000 63.0000 
51049080 2 3.3654 3.3850 1760.0000 108.0000 88.0000 98.0000 69.0000 78.0000 72.0000 95.0000 84.0000 90.0000 88.0000 125.0000 94.0000 108.0000 76.0000 67.0000 
51049108 2 2.7861 1.9159 2129.0000 61.0000 68.0000 105.0000 79.0000 60.0000 54.0000 67.0000 59.0000 64.0000 50.0000 76.0000 56.0000 67.0000 63.0000 42.0000 
51049136 2 3.2194 2.9944 1951.0000 69.0000 77.0000 89.0000 67.0000 68.0000 91.0000 89.0000 78.0000 75.0000 94.0000 95.0000 68.0000 71.0000 72.0000 46.0000 
51049248 2 2.6304 2.6441 2274.0000 41.0000 33.0000 88.0000 58.0000 60.0000 71.0000 65.0000 51.0000 38.0000 53.0000 67.0000 55.0000 56.0000 52.0000 38.0000 
51049276 2 2.7151 2.9355 2114.0000 80.0000 83.0000 101.0000 56.0000 59.0000 57.0000 59.0000 47.0000 48.0000 58.0000 69.0000 60.0000 67.0000 80.0000 62.0000 
51049464 2 2.9407 4.8240 1677.0000 137.0000 121.0000 97.0000 77.0000 59.0000 57.0000 73.0000 55.0000 60.0000 61.0000 96.0000 64.0000 97.0000 95.0000 88.0000 
51049488 2 3.2360 0.8673 1824.0000 66.0000 72.0000 99.0000 69.0000 78.0000 50.0000 71.0000 49.0000 42.0000 33.0000 68.0000 75.0000 109.0000 117.0000 92.0000 
51049516 2 2.8112 3.9415 1929.0000 82.0000 51.0000 107.0000 64.0000 69.0000 59.0000 61.0000 61.0000 65.0000 59.0000 73.0000 71.0000 62.0000 65.0000 36.0000 
51049544 2 3.1275 0.6830 2023.0000 52.0000 76.0000 99.0000 52.0000 41.0000 44.0000 51.0000 35.0000 65.0000 62.0000 92.0000 51.0000 58.0000 76.0000 37.0000 
51049628 2 2.9152 3.3620 1700.0000 126.0000 116.0000 112.0000 55.0000 48.0000 53.0000 48.0000 55.0000 71.0000 57.0000 88.0000 66.0000 112.0000 116.0000 91.0000 
51049656 2 3.3144 1.1520 1631.0000 95.0000 88.0000 113.0000 71.0000 78.0000 86.0000 83.0000 62.0000 51.0000 64.0000 74.0000 75.0000 100.0000 136.0000 107.0000 
51049680 2 2.7679 4.0405 1954.0000 63.0000 75.0000 122.0000 87.0000 57.0000 58.0000 48.0000 61.0000 46.0000 40.0000 69.0000 58.0000 70.0000 68.0000 38.0000 
51070196 2 3.1384 1.1717 2050.0000 58.0000 61.0000 80.0000 44.0000 56.0000 42.0000 53.0000 27.0000 43.0000 61.0000 92.0000 68.0000 76.0000 63.0000 40.0000 
53580612 2 2.8636 2.6597 1877.0000 111.0000 146.0000 116.0000 66.0000 63.0000 58.0000 76.0000 64.0000 55.0000 75.0000 89.0000 68.0000 75.0000 85.0000 76.0000 
53580640 3 3.3293 4.4295 1812.0000 113.0000 71.0000 94.0000 75.0000 58.0000 58.0000 89.0000 79.0000 53.0000 67.0000 76.0000 97.0000 137.0000 125.0000 96.0000 
53580664 2 2.7933 4.7504 2057.0000 74.0000 70.0000 96.0000 67.0000 70.0000 63.0000 79.0000 73.0000 62.0000 67.0000 77.0000 62.0000 61.0000 73.0000 49.0000 
53580692 3 3.0992 5.1363 2105.0000 63.0000 50.0000 78.0000 56.0000 65.0000 58.0000 57.0000 52.0000 77.0000 69.0000 107.0000 74.0000 60.0000 73.0000 56.0000 
53580804 5 2.7680 3.4206 2034.0000 136.0000 89.0000 84.0000 63.0000 47.0000 37.0000 63.0000 67.0000 64.0000 58.0000 74.0000 58.0000 62.0000 90.0000 74.0000 
53580832 2 3.1544 3.1102 1992.0000 95.0000 74.0000 81.0000 67.0000 59.0000 56.0000 46.0000 57.0000 49.0000 53.0000 70.0000 71.0000 89.0000 119.0000 122.0000 
53580856 5 2.6532 4.2704 2240.0000 51.0000 60.0000 87.0000 81.0000 49.0000 33.0000 48.0000 34.0000 45.0000 65.0000 78.0000 69.0000 53.0000 60.0000 47.0000 
53580884 2 2.9664 2.8263 2255.0000 54.0000 64.0000 81.0000 63.0000 49.0000 44.0000 27.0000 39.0000 40.0000 59.0000 83.0000 72.0000 58.0000 65.0000 47.0000 
53580980 1 2.7264 4.8995 1959.0000 80.0000 73.0000 78.0000 47.0000 47.0000 50.0000 40.0000 49.0000 62.0000 66.0000 90.0000 70.0000 63.0000 75.0000 65.0000 
53581008 1 3.1403 4.5757 2004.0000 72.0000 52.0000 87.0000 60.0000 66.0000 49.0000 47.0000 40.0000 48.0000 35.0000 69.0000 77.0000 74.0000 67.0000 67.0000 
53581032 1 2.6920 4.5193 2068.0000 63.0000 59.0000 82.0000 63.0000 49.0000 54.0000 28.0000 42.0000 45.0000 55.0000 76.0000 67.0000 63.0000 67.0000 33.0000 
53581060 1 3.0912 4.3190 2094.0000 36.0000 63.0000 78.0000 55.0000 47.0000 52.0000 37.0000 45.0000 41.0000 43.0000 84.0000 63.0000 70.0000 62.0000 44.0000 
53581124 1 2.6040 4.1461 2070.0000 71.0000 70.0000 55.0000 41.0000 34.0000 35.0000 38.0000 36.0000 50.0000 54.0000 86.0000 63.0000 79.0000 68.0000 64.0000 
53581152 1 2.5025 2.6392 2321.0000 39.0000 51.0000 78.0000 46.0000 28.0000 20.0000 20.0000 23.0000 20.0000 29.0000 54.0000 43.0000 59.0000 51.0000 32.0000 
53581236 1 3.3489 4.5060 1643.0000 105.0000 117.0000 122.0000 84.0000 95.0000 75.0000 65.0000 66.0000 56.0000 60.0000 70.0000 69.0000 98.0000 102.0000 87.0000 
53581264 1 3.1556 3.4873 1916.0000 78.0000 67.0000 86.0000 56.0000 52.0000 42.0000 40.0000 33.0000 52.0000 62.0000 125.0000 77.0000 87.0000 78.0000 63.0000 
53581380 1 2.9381 5.9451 1596.0000 119.0000 87.0000 98.0000 68.0000 55.0000 67.0000 73.0000 61.0000 71.0000 85.0000 100.0000 85.0000 113.0000 130.0000 106.0000 
53581408 6 3.3233 5.7717 1655.0000 110.0000 109.0000 118.0000 74.0000 77.0000 79.0000 62.0000 56.0000 63.0000 64.0000 74.0000 68.0000 86.0000 108.0000 111.0000 
53581432 1 2.8042 5.3434 1869.0000 69.0000 70.0000 114.0000 70.0000 72.0000 54.0000 48.0000 64.0000 50.0000 64.0000 99.0000 67.0000 68.0000 72.0000 64.0000 
53581460 6 3.1199 4.2728 1988.0000 74.0000 53.0000 77.0000 70.0000 46.0000 52.0000 54.0000 41.0000 48.0000 57.0000 90.0000 83.0000 66.0000 73.0000 42.0000 
53581768 1 2.6665 5.8436 1994.0000 86.0000 73.0000 63.0000 40.0000 31.0000 29.0000 49.0000 51.0000 53.0000 59.0000 79.0000 60.0000 91.0000 82.0000 74.0000 
53581796 1 2.5612 2.6496 2223.0000 57.0000 57.0000 76.0000 43.0000 42.0000 42.0000 32.0000 32.0000 29.0000 37.0000 64.0000 53.0000 47.0000 55.0000 25.0000 
53581860 1 2.5376 1.0764 2201.0000 65.0000 71.0000 60.0000 24.0000 30.0000 24.0000 43.0000 37.0000 47.0000 37.0000 63.0000 37.0000 49.0000 78.0000 48.0000 
53581888 2 3.1065 1.8916 2036.0000 56.0000 51.0000 62.0000 43.0000 45.0000 50.0000 47.0000 53.0000 45.0000 46.0000 85.0000 70.0000 85.0000 79.0000 61.0000 
53581912 1 2.4681 3.1649 2368.0000 34.0000 28.0000 58.0000 53.0000 47.0000 25.0000 20.0000 29.0000 29.0000 31.0000 38.0000 44.0000 42.0000 40.0000 28.0000 
53581940 2 2.9209 3.7423 2248.0000 45.0000 55.0000 57.0000 47.0000 36.0000 29.0000 39.0000 23.0000 36.0000 46.0000 66.0000 55.0000 50.0000 53.0000 29.0000 
53582304 1 3.3291 5.9008 1681.0000 98.0000 96.0000 94.0000 82.0000 65.0000 77.0000 81.0000 74.0000 79.0000 67.0000 92.0000 73.0000 83.0000 96.0000 76.0000 
53582332 1 3.2264 5.2112 1904.0000 53.0000 71.0000 78.0000 77.0000 46.0000 64.0000 65.0000 62.0000 82.0000 95.0000 85.0000 66.0000 60.0000 63.0000 43.0000 
53582396 1 2.8603 5.4922 1742.0000 120.0000 88.0000 81.0000 54.0000 47.0000 51.0000 53.0000 70.0000 61.0000 73.0000 94.0000 88.0000 103.0000 96.0000 93.0000 
53582424 2 3.2251 3.9450 1866.0000 88.0000 52.0000 85.0000 72.0000 48.0000 58.0000 39.0000 48.0000 48.0000 55.0000 53.0000 74.0000 97.0000 120.0000 111.0000 
53582448 1 2.6614 4.4366 2094.0000 73.0000 82.0000 100.0000 55.0000 39.0000 28.0000 36.0000 42.0000 30.0000 47.0000 66.0000 52.0000 62.0000 63.0000 45.0000 
53582476 2 2.9892 3.4293 2131.0000 42.0000 48.0000 67.0000 40.0000 52.0000 46.0000 31.0000 29.0000 42.0000 44.0000 79.0000 87.0000 80.0000 66.0000 30.0000 
53582540 1 3.1256 4.8195 1941.0000 103.0000 109.0000 99.0000 54.0000 70.0000 54.0000 47.0000 41.0000 34.0000 32.0000 58.0000 59.0000 65.0000 77.0000 71.0000 
53582568 1 2.9688 3.3133 2244.0000 44.0000 62.0000 60.0000 30.0000 30.0000 31.0000 37.0000 27.0000 43.0000 37.0000 66.0000 53.0000 63.0000 43.0000 44.0000 
53582656 5 2.5982 1.1054 2116.0000 87.0000 72.0000 69.0000 54.0000 54.0000 43.0000 31.0000 26.0000 34.0000 52.0000 37.0000 54.0000 60.0000 70.0000 55.0000 
53582684 5 2.6250 1.7245 2164.0000 54.0000 70.0000 77.0000 69.0000 53.0000 31.0000 29.0000 28.0000 47.0000 44.0000 59.0000 42.0000 74.0000 39.0000 34.0000 
53582712 2 3.5395 3.0861 1373.0000 87.0000 84.0000 132.0000 91.0000 76.0000 80.0000 92.0000 91.0000 78.0000 80.0000 120.0000 117.0000 148.0000 136.0000 129.0000 
53582736 2 2.6881 0.8929 1940.0000 85.0000 73.0000 99.0000 64.0000 47.0000 49.0000 69.0000 53.0000 52.0000 61.0000 87.0000 49.0000 67.0000 59.0000 60.0000 
53582764 2 3.4292 2.6574 1473.0000 75.0000 76.0000 97.0000 70.0000 83.0000 95.0000 102.0000 83.0000 89.0000 95.0000 120.0000 127.0000 141.0000 124.0000 64.0000 
53582792 2 2.7302 0.8123 2015.0000 64.0000 65.0000 92.0000 58.0000 50.0000 55.0000 69.0000 47.0000 43.0000 66.0000 74.0000 46.0000 62.0000 65.0000 43.0000 
53582816 2 3.3367 2.2905 1647.0000 76.0000 82.0000 103.0000 91.0000 77.0000 72.0000 77.0000 61.0000 93.0000 102.0000 105.0000 82.0000 93.0000 85.0000 68.0000 
53586360 1 2.6320 3.2473 2094.0000 92.0000 63.0000 63.0000 51.0000 51.0000 42.0000 34.0000 44.0000 41.0000 54.0000 64.0000 63.0000 51.0000 69.0000 38.0000 
53586388 1 3.2385 5.1385 1749.0000 81.0000 76.0000 79.0000 77.0000 83.0000 82.0000 66.0000 67.0000 67.0000 60.0000 74.0000 81.0000 122.0000 96.0000 54.0000 
53586416 1 2.5631 2.9891 2260.0000 52.0000 59.0000 61.0000 35.0000 33.0000 40.0000 35.0000 37.0000 47.0000 43.0000 64.0000 33.0000 36.0000 44.0000 35.0000 
53586440 1 3.2404 4.1082 1819.0000 81.0000 84.0000 105.0000 69.0000 74.0000 66.0000 47.0000 57.0000 45.0000 59.0000 103.0000 96.0000 74.0000 83.0000 52.0000 
53586724 2 3.0331 4.0874 1684.0000 134.0000 132.0000 160.0000 110.0000 92.0000 66.0000 88.0000 62.0000 67.0000 73.0000 79.0000 80.0000 83.0000 114.0000 76.0000 
53586752 2 3.2500 0.8278 1814.0000 92.0000 71.0000 86.0000 51.0000 57.0000 63.0000 81.0000 75.0000 76.0000 92.0000 141.0000 107.0000 122.0000 92.0000 80.0000 
53586776 2 2.8882 5.6173 1943.0000 68.0000 58.0000 104.0000 86.0000 91.0000 91.0000 67.0000 71.0000 69.0000 83.0000 93.0000 89.0000 70.0000 81.0000 36.0000 
53586804 2 3.1022 0.8825 1993.0000 57.0000 72.0000 84.0000 69.0000 70.0000 70.0000 112.0000 57.0000 78.0000 87.0000 105.0000 77.0000 65.0000 59.0000 45.0000 
53586868 2 3.1238 4.6483 1545.0000 103.0000 116.0000 136.0000 112.0000 111.0000 106.0000 114.0000 90.0000 90.0000 90.0000 115.0000 85.0000 101.0000 116.0000 70.0000 
53586896 2 3.0799 5.7359 1672.0000 68.0000 88.0000 122.0000 97.0000 87.0000 104.0000 117.0000 116.0000 111.0000 82.0000 118.0000 93.0000 82.0000 74.0000 69.0000 
53586960 2 2.8245 2.9972 1974.0000 84.0000 74.0000 114.0000 82.0000 85.0000 70.0000 85.0000 77.0000 61.0000 60.0000 81.0000 65.0000 61.0000 70.0000 57.0000 
53586988 2 3.3582 5.8855 1739.0000 85.0000 97.0000 115.0000 72.0000 67.0000 74.0000 79.0000 67.0000 74.0000 79.0000 127.0000 134.0000 130.0000 82.0000 79.0000 
53587016 2 2.8359 2.9386 2016.0000 48.0000 71.0000 115.0000 78.0000 80.0000 90.0000 85.0000 69.0000 74.0000 62.0000 78.0000 68.0000 80.0000 55.0000 31.0000 
53587040 2 3.3107 7.3045 1719.0000 62.0000 68.0000 112.0000 76.0000 93.0000 98.0000 117.0000 85.0000 100.0000 121.0000 142.0000 90.0000 79.0000 80.0000 58.0000 
53587104 2 2.7584 4.3149 2035.0000 98.0000 95.0000 122.0000 82.0000 66.0000 60.0000 69.0000 71.0000 56.0000 76.0000 74.0000 56.0000 54.0000 54.0000 32.0000 
53587132 2 2.7458 4.8667 2134.0000 45.0000 58.0000 96.0000 88.0000 65.0000 48.0000 66.0000 57.0000 56.0000 63.0000 81.0000 70.0000 63.0000 68.0000 42.0000 
53587428 2 2.9713 4.5416 1634.0000 118.0000 125.0000 152.0000 111.0000 64.0000 65.0000 72.0000 70.0000 66.0000 60.0000 70.0000 77.0000 62.0000 88.0000 80.0000 
53587456 2 3.5536 4.8265 1398.0000 95.0000 84.0000 101.0000 81.0000 83.0000 84.0000 89.0000 117.0000 86.0000 95.0000 152.0000 133.0000 128.0000 105.0000 83.0000 
53587480 2 2.8253 3.8644 1908.0000 54.0000 62.0000 102.0000 67.0000 51.0000 74.0000 71.0000 85.0000 65.0000 88.0000 84.0000 58.0000 60.0000 47.0000 38.0000 
53587508 2 3.3610 5.3969 1648.0000 72.0000 56.0000 72.0000 71.0000 83.0000 78.0000 88.0000 78.0000 92.0000 104.0000 140.0000 91.0000 103.0000 79.0000 59.0000 
53587572 2 2.9681 2.6715 1757.0000 91.0000 109.0000 159.0000 80.0000 87.0000 79.0000 106.0000 89.0000 68.0000 78.0000 97.0000 81.0000 75.0000 90.0000 54.0000 
53587600 2 2.9375 2.9424 1827.0000 78.0000 76.0000 105.0000 89.0000 97.0000 90.0000 94.0000 85.0000 97.0000 85.0000 101.0000 88.0000 89.0000 56.0000 43.0000 
53587664 2 3.0607 1.2483 2237.0000 59.0000 53.0000 81.0000 42.0000 32.0000 41.0000 80.0000 47.0000 54.0000 66.0000 81.0000 54.0000 63.0000 65.0000 45.0000 
53587688 1 2.8708 3.8985 1890.0000 90.0000 83.0000 133.0000 89.0000 81.0000 67.0000 93.0000 73.0000 55.0000 61.0000 103.0000 68.0000 72.0000 79.0000 63.0000 
53587716 2 3.0258 0.9379 2159.0000 57.0000 76.0000 80.0000 46.0000 48.0000 48.0000 82.0000 53.0000 57.0000 71.0000 74.0000 67.0000 57.0000 60.0000 65.0000 
53587744 1 2.8492 5.4982 2001.0000 51.0000 78.0000 99.0000 82.0000 79.0000 75.0000 105.0000 73.0000 66.0000 65.0000 83.0000 66.0000 70.0000 68.0000 39.0000 
