Precisão média por imagem
0.604
0.545
0.586
0.568
0.547
0.537
0.515
0.510
0.518
0.512
0.524
0.542
0.550
0.563
0.559
0.553
0.547
0.545
0.541
0.542
0.538
0.546
0.545
0.543
0.543
0.542
0.541
0.540
0.541
0.545
0.546
0.548
0.544
0.542
0.540
0.538
0.537
0.536
0.539
0.541
0.539
0.535
0.540
0.539
0.541
0.539
0.539
0.537
0.534
0.537
0.534
0.535
0.537
0.535
0.536
0.534
0.533
0.533
0.533
0.532
0.531
0.528
0.528
0.525
0.524
0.523
0.522
0.522
0.521
0.520
0.520
0.519
0.519
0.520
0.519
0.519
0.519
0.519
0.519
0.520
0.519
0.519
0.518
0.517
0.516
0.515
0.514
0.515
0.514
0.518
0.517
0.519
0.518
0.517
0.518
0.517
0.519
0.518
0.519
0.519
0.521
0.520
0.520
0.521
0.521
0.523
0.522
0.522
0.522
0.522
0.522
0.521
0.521
0.521
0.521
0.520
0.519
0.519
0.518
0.518
0.517
0.517
0.517
0.516
0.515
0.514
0.514
0.515
0.514
0.514
0.514
0.513
0.515
0.514
0.515
0.515
0.514
0.515
0.514
0.515
0.515
0.515
0.514
0.514
0.514
0.514
0.514
0.513
0.513
0.512
0.512
0.512
0.511
0.511
0.511
0.512
0.512
0.512
0.512
0.512
0.512
0.513
0.513
0.515
0.516
0.518
0.520
0.522
0.521
0.522
0.522
0.521
0.521
0.520
0.519
0.520
0.520
0.520
0.519
0.519
0.519
0.518
0.519
0.519
0.518
0.518
0.518
0.518
0.519
0.519
0.518
0.518
0.518
0.517
0.517
0.516
0.516
0.515
0.515
0.515
0.514
0.515
0.514
0.514
0.513
0.513
0.513
0.513
0.513
0.513
0.512
0.512
0.513
0.515
0.516
0.516
0.516
0.517
0.518
0.519
0.520
0.520
0.521
0.522
0.523
0.522
0.522
0.522
0.522
0.522
0.522
0.521
0.521
0.521
0.521
0.521
0.521
0.521
0.521
0.521
0.521
0.521
0.521
0.521
0.521
0.521
0.521
0.521
0.520
0.520
0.519
0.519
0.519
0.519
0.519
0.519
0.519
0.519
0.518
0.518
0.518
0.518
0.518
0.518
0.518
0.519
0.519
0.520
0.520
0.521
0.522
0.522
0.522
0.521
0.520
0.521
0.522
0.521
0.521
0.521
0.522
0.522
0.522
0.523
0.522
0.523
0.523
0.523
0.524
0.524
0.524
0.524
0.524
0.524
0.523
0.524
0.524
0.524
0.524
0.525
0.525
0.524
0.524
0.524
0.525
0.525
0.525
0.525
0.524
0.525
0.524
0.524
0.524
0.523
0.523
0.523
0.523
0.523
0.523
0.523
0.522
0.522
0.522
0.522
0.522
0.522
0.522
0.522
0.523
0.523
0.523
0.523
0.524
0.524
0.524
0.524
0.524
0.524
0.524
0.524
0.524
0.524
0.524
0.524
0.523
0.524
0.524
0.523
0.524
0.523
0.523
0.523
0.523
0.523
0.523
0.523
0.523
0.522
0.522
0.522
0.522
0.522
0.522
0.522
0.522
0.521
0.522
0.521
0.521
0.521
0.520
0.520
0.520
0.519
0.519
0.519
0.519
0.519
0.518
0.519
0.519
0.519
0.520
0.520
0.520
0.520
0.520
0.520
0.520
0.520
0.520
0.521
0.521
0.522
0.522
0.523
0.523
0.524
0.524
0.525
0.525
0.525
0.525
0.526
0.526
0.527
0.527
0.526
0.527
0.526