20586908_6c613a14b80a8591_MG_R_CC_ANON.jpg 2 3.2494 2.99315 1853 74 82 115 99 90 95 87 77 101 90 107 70 57 50 53
20586934_6c613a14b80a8591_MG_L_CC_ANON.jpg 5 2.73798 4.28751 2017 55 64 100 74 82 83 85 73 71 68 81 55 80 62 50
20586960_6c613a14b80a8591_MG_R_ML_ANON.jpg 2 3.32632 3.71883 1730 71 90 90 71 95 73 98 100 91 84 149 106 109 80 63
20586986_6c613a14b80a8591_MG_L_ML_ANON.jpg 5 2.8119 1.47246 1957 96 103 109 84 55 68 86 53 67 71 81 55 69 83 63
20587054_b6a4f750c6df4f90_MG_R_CC_ANON.jpg 4 3.24745 2.63718 1922 54 71 85 54 64 49 42 53 72 62 119 86 74 63 44
20587080_b6a4f750c6df4f90_MG_R_ML_ANON.jpg 4 3.39605 4.92721 1619 106 95 101 68 56 59 73 60 74 67 93 103 118 133 89
20587148_fd746d25eb40b3dc_MG_R_CC_ANON.jpg 2 2.81952 1.721 2332 44 41 54 42 29 24 19 13 25 34 69 46 64 51 27
20587174_fd746d25eb40b3dc_MG_L_CC_ANON.jpg 2 2.44388 1.41838 2361 45 45 62 33 21 26 21 22 34 33 64 39 41 45 22
20587200_fd746d25eb40b3dc_MG_R_ML_ANON.jpg 2 3.03699 2.23423 2032 90 70 69 47 55 35 46 31 47 47 37 47 72 105 84
20587226_fd746d25eb40b3dc_MG_L_ML_ANON.jpg 2 2.54719 1.7357 2169 75 65 61 31 25 35 33 22 52 36 63 38 68 67 74
20587294_e634830794f5c1bd_MG_R_CC_ANON.jpg 2 3.31952 7.61805 1712 78 67 99 60 87 82 69 62 68 85 128 98 89 69 61
20587320_e634830794f5c1bd_MG_L_CC_ANON.jpg 2 3.02487 4.46209 1593 76 69 105 92 95 87 86 87 100 90 114 85 85 89 61
20587346_e634830794f5c1bd_MG_R_ML_ANON.jpg 2 3.49745 6.59126 1520 86 81 88 76 68 90 89 63 58 89 105 122 144 145 90
20587372_e634830794f5c1bd_MG_L_ML_ANON.jpg 2 3.20344 5.20832 1309 114 143 183 126 115 75 118 82 104 88 87 78 88 105 99
20587466_d571b5880ad2a016_MG_L_CC_ANON.jpg 2 2.46237 3.3564 2386 49 37 58 40 23 21 17 19 31 32 35 30 55 54 27
20587492_d571b5880ad2a016_MG_R_ML_ANON.jpg 2 2.68559 3.33464 2368 37 34 60 37 32 31 17 24 21 31 38 34 40 48 62
20587518_d571b5880ad2a016_MG_L_ML_ANON.jpg 2 2.50829 3.79167 2208 61 48 67 33 35 44 38 37 46 37 58 54 61 44 43
20587544_d571b5880ad2a016_MG_R_CC_ANON.jpg 2 2.80357 2.88673 2432 43 39 55 29 31 12 10 12 21 23 46 45 44 45 27
20587612_f4b2d377f43ba0bd_MG_R_CC_ANON.jpg 5 3.20673 2.52804 1901 48 71 100 57 77 74 104 68 81 86 149 73 83 70 58
20587638_f4b2d377f43ba0bd_MG_L_CC_ANON.jpg 2 2.82031 3.39184 1894 60 78 114 88 93 87 95 74 74 89 90 73 68 63 60
20587664_f4b2d377f43ba0bd_MG_R_ML_ANON.jpg 5 3.1893 3.23774 1767 76 67 85 54 67 75 108 96 81 98 159 117 101 93 56
20587690_f4b2d377f43ba0bd_MG_L_ML_ANON.jpg 2 2.97776 2.26067 1710 71 107 154 133 75 97 113 98 79 95 97 62 79 65 65
20587758_81cd83d2f4d78528_MG_L_CC_ANON.jpg 3 2.86607 4.15208 1774 73 92 122 98 92 60 43 75 46 55 83 90 88 80 43
20587784_81cd83d2f4d78528_MG_R_ML_ANON.jpg 3 3.30166 5.26708 1725 83 93 93 78 77 75 64 49 47 72 79 81 101 111 86
20587810_81cd83d2f4d78528_MG_L_ML_ANON.jpg 3 3.00191 4.9466 1565 122 133 106 93 62 59 77 72 69 84 91 104 97 105 75
20587836_81cd83d2f4d78528_MG_R_CC_ANON.jpg 3 3.16837 4.65029 1956 60 53 89 69 58 51 49 67 55 67 104 71 72 56 37
20587902_8dbbd4e51f549ff0_MG_R_CC_ANON.jpg 3 2.88776 3.91727 2173 53 52 72 40 39 35 27 32 44 50 92 81 70 37 17
20587928_8dbbd4e51f549ff0_MG_R_ML_ANON.jpg 3 3.0912 3.66793 1930 53 55 104 83 56 57 41 37 31 56 64 77 107 101 62
20587994_024ee3569b2605dc_MG_R_CC_ANON.jpg 6 3.29145 3.76385 1741 66 93 94 67 80 79 63 49 74 83 113 85 92 85 50
20588020_024ee3569b2605dc_MG_L_CC_ANON.jpg 2 2.91071 6.13012 1689 63 84 115 105 101 64 75 70 87 71 102 74 92 69 53
20588046_024ee3569b2605dc_MG_R_ML_ANON.jpg 6 3.51658 5.43932 1448 115 108 112 101 91 87 75 74 97 101 98 102 118 111 76
20588072_024ee3569b2605dc_MG_L_ML_ANON.jpg 2 2.99362 5.73359 1502 117 109 115 84 87 91 83 67 91 89 106 93 85 106 89
20588138_8d0b9620c53c0268_MG_R_ML_ANON.jpg 1 3.34503 5.75993 1645 108 87 131 90 81 67 78 56 53 51 56 89 101 114 107
20588164_8d0b9620c53c0268_MG_R_CC_ANON.jpg 1 3.16964 4.33966 1925 85 72 92 53 50 52 37 51 63 67 92 87 62 76 50
20588190_8d0b9620c53c0268_MG_L_CC_ANON.jpg 4 2.73724 5.90965 1956 74 72 112 60 60 53 38 35 49 63 73 71 63 70 65
20588216_8d0b9620c53c0268_MG_L_ML_ANON.jpg 4 2.87117 6.02015 1684 112 92 71 61 40 53 59 64 75 78 112 108 100 124 81
20588308_493155e17143edef_MG_L_ML_ANON.jpg 3 2.59885 4.49497 2114 77 73 80 58 47 31 36 47 51 27 67 58 51 45 52
20588334_493155e17143edef_MG_L_CC_ANON.jpg 3 2.49426 4.15153 2334 38 45 66 45 46 34 25 22 26 24 45 50 53 39 22
20588458_bf1a6aaadb05e3df_MG_R_CC_ANON.jpg 2 3.30293 4.69348 1801 76 71 90 71 75 70 76 74 74 59 115 82 58 69 53
20588510_bf1a6aaadb05e3df_MG_R_ML_ANON.jpg 2 3.48087 5.73649 1444 113 123 110 91 86 98 107 83 74 75 92 117 118 109 74
20588536_bf1a6aaadb05e3df_MG_L_ML_ANON.jpg 5 3.08355 4.77296 1456 136 143 140 105 108 92 84 96 77 67 87 77 90 89 67
20588562_bf1a6aaadb05e3df_MG_L_CC_ANON.jpg 5 3.10523 4.74906 1552 88 104 141 104 129 87 96 86 74 79 90 68 75 94 47
20588654_036aff49b8ac84f0_MG_R_ML_ANON.jpg 2 3.07091 2.49916 1981 55 61 78 57 72 72 92 70 71 79 103 89 95 66 59
20588680_036aff49b8ac84f0_MG_L_ML_ANON.jpg 3 2.85817 2.29319 1876 94 118 112 82 71 86 95 70 72 52 80 85 77 85 45
22427682_d713ef5849f98b6c_MG_R_CC_ANON.jpg 2 3.1875 3.38147 1965 70 69 104 63 67 85 67 66 81 78 99 74 94 65 53
22427705_d713ef5849f98b6c_MG_L_CC_ANON.jpg 5 2.6857 5.057 2179 43 64 97 75 75 50 51 51 46 64 74 66 69 57 39
22427728_d713ef5849f98b6c_MG_R_ML_ANON.jpg 2 3.38221 3.37684 1709 127 89 123 74 79 79 65 50 74 81 102 102 138 117 91
22427751_d713ef5849f98b6c_MG_L_ML_ANON.jpg 5 2.82212 2.05314 1926 116 120 99 68 65 59 72 42 68 75 80 51 79 95 85
22427840_bbd6a3a35438c11b_MG_R_CC_ANON.jpg 5 2.87819 2.40507 2283 41 52 62 40 44 34 30 25 29 33 57 60 44 43 37
22427864_bbd6a3a35438c11b_MG_L_CC_ANON.jpg 2 2.74617 5.39611 1992 71 62 76 66 64 47 67 54 54 56 66 69 60 67 43
22579730_bbd6a3a35438c11b_MG_R_ML_ANON.jpg 5 3.12691 2.62488 1925 75 63 68 49 40 50 51 54 48 77 79 76 106 74 79
22579754_bbd6a3a35438c11b_MG_L_ML_ANON.jpg 2 2.89477 3.62773 1785 101 97 141 91 57 58 61 46 62 65 94 59 69 74 54
22579847_301f1776aebbf5d2_MG_R_CC_ANON.jpg 2 3.17474 5.11041 2018 54 52 62 49 56 57 61 65 58 73 93 63 66 51 36
22579870_301f1776aebbf5d2_MG_L_CC_ANON.jpg 4 2.69515 3.8848 2068 61 51 73 68 60 58 54 52 42 51 60 43 62 64 47
22579893_301f1776aebbf5d2_MG_R_ML_ANON.jpg 2 3.30421 5.12534 1725 88 93 96 71 62 55 77 69 73 62 109 89 89 93 63
22579916_301f1776aebbf5d2_MG_L_ML_ANON.jpg 4 2.82717 3.09789 1812 87 80 87 50 53 53 59 47 52 70 83 81 129 110 61
22580015_6200187f3f1ccc18_MG_R_CC_ANON.jpg 2 3.19324 1.69359 1905 59 62 86 53 58 53 80 61 66 85 111 75 65 48 47
22580038_6200187f3f1ccc18_MG_L_CC_ANON.jpg 5 2.80357 2.21923 1852 62 70 94 73 82 86 63 56 56 59 92 70 72 70 57
22580068_6200187f3f1ccc18_MG_R_ML_ANON.jpg 2 3.28763 1.76661 1737 92 90 102 57 74 74 84 63 68 61 106 71 86 86 63
22580098_6200187f3f1ccc18_MG_L_ML_ANON.jpg 5 2.93941 2.21716 1699 100 112 130 87 64 60 85 62 58 71 75 66 89 92 64
22580192_5530d5782fc89dd7_MG_R_CC_ANON.jpg 3 3.31378 5.61852 1746 65 62 79 73 91 95 83 71 83 97 99 74 78 65 53
22580218_5530d5782fc89dd7_MG_L_CC_ANON.jpg 1 2.93304 5.58101 1769 83 71 93 78 64 80 69 69 83 94 109 78 63 72 39
22580244_5530d5782fc89dd7_MG_R_ML_ANON.jpg 3 3.47704 6.05756 1524 100 85 105 70 62 69 84 63 80 114 129 130 122 108 69
22580270_5530d5782fc89dd7_MG_L_ML_ANON.jpg 1 3.04974 5.93756 1559 113 102 148 115 86 86 87 68 77 66 93 63 84 81 86
22580341_5eae9beae14d26fd_MG_R_CC_ANON.jpg 2 3.03827 3.89651 2175 56 55 83 44 43 37 24 30 37 56 87 62 50 56 19
22580367_5eae9beae14d26fd_MG_L_CC_ANON.jpg 2 2.62436 3.48273 2144 63 67 86 75 37 31 29 36 37 38 66 51 69 50 35
22580393_5eae9beae14d26fd_MG_R_ML_ANON.jpg 2 2.98151 4.56768 2076 82 74 78 53 51 55 46 40 26 21 42 50 61 86 73
22580419_5eae9beae14d26fd_MG_L_ML_ANON.jpg 2 2.64605 4.71105 2014 81 56 43 37 28 33 44 57 54 55 76 74 92 88 82
22580492_2a5b932da4ce5ca1_MG_R_CC_ANON.jpg 2 2.98087 4.317 2103 62 58 84 58 51 47 42 38 56 41 77 65 51 49 32
22580520_2a5b932da4ce5ca1_MG_L_CC_ANON.jpg 5 2.62946 3.82895 2079 75 59 78 59 51 41 39 60 48 41 84 64 41 63 32
22580548_2a5b932da4ce5ca1_MG_R_ML_ANON.jpg 2 3.1926 5.25581 1793 93 99 115 84 71 62 70 47 63 47 71 66 66 93 74
22580576_2a5b932da4ce5ca1_MG_L_ML_ANON.jpg 5 2.82015 4.11537 1810 121 82 96 47 56 59 51 51 67 78 98 76 83 79 60
22580654_fe7d005dcbbfb46d_MG_R_CC_ANON.jpg 5 3.04748 3.42355 2281 61 46 68 42 40 47 46 57 46 77 75 56 47 63 48
22580680_fe7d005dcbbfb46d_MG_L_CC_ANON.jpg 2 2.47356 3.63416 2438 41 50 60 54 44 39 30 28 38 49 62 35 59 48 25
22580706_fe7d005dcbbfb46d_MG_R_ML_ANON.jpg 5 3.31731 2.75132 1789 80 68 79 70 107 74 82 90 71 70 88 79 141 147 65
22580732_fe7d005dcbbfb46d_MG_L_ML_ANON.jpg 2 2.64243 3.50263 2244 118 94 72 51 38 51 44 35 35 36 45 39 52 73 73
22613624_dcafa6ba6374ec07_MG_R_CC_ANON.jpg 2 2.94772 4.27925 2280 53 55 53 44 54 60 62 47 76 63 71 59 47 39 37
22613650_dcafa6ba6374ec07_MG_L_CC_ANON.jpg 6 2.55048 2.3453 2371 40 39 67 68 56 55 66 42 47 37 55 31 40 54 32
22613676_dcafa6ba6374ec07_MG_R_ML_ANON.jpg 2 3.17308 3.19731 2106 58 53 66 50 49 58 62 70 72 93 135 64 70 55 39
22613702_dcafa6ba6374ec07_MG_L_ML_ANON.jpg 6 2.65986 2.79658 2262 58 90 119 74 57 50 51 49 32 33 45 41 44 50 45
22613770_45c7f44839fd9e68_MG_R_CC_ANON.jpg 5 2.96334 2.38862 2292 45 45 55 51 49 38 57 55 61 61 90 61 52 48 40
22613796_45c7f44839fd9e68_MG_L_CC_ANON.jpg 2 2.70433 4.03757 2200 66 53 88 73 80 53 90 69 50 60 59 41 43 34 41
22613822_45c7f44839fd9e68_MG_R_ML_ANON.jpg 5 2.94591 2.98942 2215 49 46 65 40 49 37 55 43 39 74 111 70 74 83 50
22613848_45c7f44839fd9e68_MG_L_ML_ANON.jpg 1 2.6905 3.69905 2171 79 76 110 74 70 46 50 68 51 37 59 53 47 63 46
22613918_f23fa352e7de3dc7_MG_R_CC_ANON.jpg 4 3.0287 4.50095 2144 48 48 76 49 36 34 31 43 42 55 83 68 66 51 40
22613944_f23fa352e7de3dc7_MG_L_CC_ANON.jpg 1 2.58291 3.99534 2181 52 59 93 42 38 36 36 24 34 42 76 59 54 54 34
22613970_f23fa352e7de3dc7_MG_R_ML_ANON.jpg 4 3.14349 4.71772 1964 82 69 86 51 62 43 44 43 37 41 57 67 98 89 81
22613996_f23fa352e7de3dc7_MG_L_ML_ANON.jpg 1 2.61224 3.40896 2091 82 54 51 37 32 40 41 42 47 54 66 72 72 86 47
22614074_6bd24a0a42c19ce1_MG_R_CC_ANON.jpg 5 3.50962 1.76009 1410 102 91 133 76 124 114 141 104 123 119 176 93 103 128 63
22614097_6bd24a0a42c19ce1_MG_L_CC_ANON.jpg 2 3.28365 2.02034 1293 98 99 166 115 159 125 167 141 114 122 143 102 93 96 67
22614127_6bd24a0a42c19ce1_MG_R_ML_ANON.jpg 5 3.56791 4.55793 1417 115 107 105 71 100 90 104 139 117 92 150 136 153 109 95
22614150_6bd24a0a42c19ce1_MG_L_ML_ANON.jpg 2 3.1274 2.48321 1528 97 126 165 136 105 117 134 104 89 85 88 85 95 91 55
22614236_1e5c3af078f74b05_MG_L_CC_ANON.jpg 5 2.69324 3.63232 2006 43 66 97 76 75 45 48 48 64 65 71 54 56 66 34
22614266_1e5c3af078f74b05_MG_L_ML_ANON.jpg 5 2.82143 3.15946 1781 102 82 57 56 49 58 50 45 74 71 92 89 95 122 91
22614353_d065adcb9905b973_MG_R_CC_ANON.jpg 2 3.27615 4.32978 1811 60 61 94 67 60 74 78 49 74 82 99 85 80 85 55
22614379_d065adcb9905b973_MG_L_CC_ANON.jpg 5 2.90179 3.67667 1675 68 59 113 82 98 77 80 72 94 68 133 79 75 78 63
22614405_d065adcb9905b973_MG_R_ML_ANON.jpg 2 3.44069 2.74777 1500 87 120 107 86 101 80 117 75 72 85 82 89 95 137 81
22614431_d065adcb9905b973_MG_L_ML_ANON.jpg 5 3.02423 4.2222 1467 97 131 121 75 76 70 102 68 105 75 116 97 110 120 84
22614499_2dec4948fbe6336d_MG_R_CC_ANON.jpg 2 3.23533 3.25901 1812 49 51 87 76 75 80 79 64 68 75 125 81 82 62 48
22614522_2dec4948fbe6336d_MG_L_CC_ANON.jpg 4 2.92283 4.87917 1656 87 91 119 95 66 66 90 75 66 84 111 82 87 88 51
22614545_2dec4948fbe6336d_MG_R_ML_ANON.jpg 2 3.44005 3.39949 1549 87 90 90 81 77 80 87 75 90 86 115 117 115 101 74
22614568_2dec4948fbe6336d_MG_L_ML_ANON.jpg 4 3.01531 4.17554 1510 123 150 132 79 82 76 89 88 78 82 102 95 85 67 76
22670094_e1f51192f7bf3f5f_MG_R_CC_ANON.jpg 6 3.03666 4.17083 2129 39 62 81 69 71 75 69 60 85 82 107 44 44 45 38
22670124_e1f51192f7bf3f5f_MG_L_CC_ANON.jpg 2 2.75901 3.61303 2060 59 57 96 82 67 76 64 61 74 69 108 74 57 59 37
22670147_e1f51192f7bf3f5f_MG_R_ML_ANON.jpg 6 3.10036 3.93839 2063 71 51 62 52 59 63 74 65 58 81 113 75 88 77 48
22670177_e1f51192f7bf3f5f_MG_L_ML_ANON.jpg 2 2.78185 3.16484 2028 65 96 109 102 72 58 90 72 57 56 72 46 58 71 48
22670278_98429c0bdf78c0c7_MG_R_CC_ANON.jpg 4 3.10969 2.02746 1991 61 59 95 59 41 55 58 55 49 55 103 58 72 62 41
22670301_98429c0bdf78c0c7_MG_L_CC_ANON.jpg 2 2.67474 4.337 2057 60 69 99 53 63 50 42 38 48 45 73 58 57 60 42
22670324_98429c0bdf78c0c7_MG_R_ML_ANON.jpg 4 3.14668 2.1268 1914 62 69 80 65 57 64 65 46 34 60 75 75 86 92 70
22670347_98429c0bdf78c0c7_MG_L_ML_ANON.jpg 2 2.67985 4.52679 1955 90 83 69 72 60 57 76 49 55 55 67 57 61 60 48
22670442_7e677f3d530e41ed_MG_R_CC_ANON.jpg 1 2.9037 4.3578 2268 62 53 63 39 24 32 24 13 23 44 52 56 51 69 41
22670465_7e677f3d530e41ed_MG_L_CC_ANON.jpg 5 2.66901 2.45609 2057 68 73 103 51 44 38 40 40 44 54 71 53 60 72 46
22670488_7e677f3d530e41ed_MG_R_ML_ANON.jpg 1 3.17028 4.22872 1894 79 79 102 56 61 45 49 33 50 38 65 81 92 108 82
22670511_7e677f3d530e41ed_MG_L_ML_ANON.jpg 5 2.8176 2.88956 1792 93 91 77 63 40 58 56 48 63 66 99 74 106 113 75
22670620_e15a16f87b4f9782_MG_R_CC_ANON.jpg 2 3.13221 5.07629 2055 63 64 76 59 55 63 69 71 64 76 114 90 81 68 32
22670643_e15a16f87b4f9782_MG_L_CC_ANON.jpg 1 2.76803 3.72539 2064 59 75 93 70 78 83 92 79 59 57 76 64 57 56 38
22670673_e15a16f87b4f9782_MG_R_ML_ANON.jpg 2 3.19772 4.17684 1877 79 89 99 65 60 66 83 75 79 85 120 88 80 93 62
22670703_e15a16f87b4f9782_MG_L_ML_ANON.jpg 1 2.89063 2.6074 1883 90 92 121 96 72 67 71 59 65 70 81 69 83 109 72
22670809_0b7396cdccacca82_MG_R_CC_ANON.jpg 4 2.87019 1.02062 2402 43 51 55 30 36 35 46 26 41 52 80 53 53 58 39
22670832_0b7396cdccacca82_MG_L_CC_ANON.jpg 2 2.61058 5.39145 2273 50 46 77 86 59 53 61 53 56 33 70 45 44 56 38
22670855_0b7396cdccacca82_MG_R_ML_ANON.jpg 5 2.97175 1.31012 2156 64 67 88 47 50 51 60 36 56 52 81 64 81 81 66
22670878_0b7396cdccacca82_MG_L_ML_ANON.jpg 2 2.57873 2.7072 2287 79 85 84 55 52 54 45 29 37 62 50 43 58 51 29
22670978_f571fd4e63c718e3_MG_L_CC_ANON.jpg 4 2.64222 4.36472 2196 53 58 85 60 62 38 33 35 29 26 48 48 54 49 40
22671003_f571fd4e63c718e3_MG_L_ML_ANON.jpg 4 2.625 4.83014 2103 90 72 83 58 39 30 36 50 45 38 58 46 65 53 48
22678449_60995d51033e24b8_MG_R_CC_ANON.jpg 2 3.01594 1.13666 2107 64 65 67 39 40 31 49 31 38 53 81 75 57 65 52
22678472_60995d51033e24b8_MG_L_CC_ANON.jpg 2 2.52105 1.60374 2243 57 40 60 39 46 38 40 24 39 36 57 46 57 47 45
22678495_60995d51033e24b8_MG_R_ML_ANON.jpg 2 3.21747 1.63375 1821 102 95 100 64 72 36 68 49 45 54 73 63 92 81 99
22678518_60995d51033e24b8_MG_L_ML_ANON.jpg 2 2.67793 2.46183 2001 79 79 75 50 44 52 49 31 30 49 99 73 80 69 54
22678622_61b13c59bcba149e_MG_R_CC_ANON.jpg 1 2.72003 2.38507 2541 24 23 41 24 26 23 15 15 21 30 41 18 29 28 15
22678646_61b13c59bcba149e_MG_L_CC_ANON.jpg 3 2.39222 3.05908 2470 36 44 43 25 28 20 19 22 25 31 33 23 37 33 25
22678670_61b13c59bcba149e_MG_R_ML_ANON.jpg 1 2.82079 4.73618 2330 57 51 52 32 31 38 16 21 22 29 46 31 60 60 38
22678694_61b13c59bcba149e_MG_L_ML_ANON.jpg 3 2.41199 5.03324 2357 52 44 40 19 31 32 20 23 40 28 50 43 49 48 38
22678787_64a22c47765f0c5c_MG_R_CC_ANON.jpg 2 3.30931 2.31102 1750 73 66 78 73 59 57 111 70 91 88 94 85 74 82 63
22678810_64a22c47765f0c5c_MG_L_CC_ANON.jpg 2 2.67411 1.59495 2076 48 60 72 59 59 54 50 46 47 48 82 57 57 49 50
22678833_64a22c47765f0c5c_MG_R_ML_ANON.jpg 2 3.46237 2.75395 1605 125 98 99 75 73 84 74 78 58 94 116 90 80 82 83
22678856_64a22c47765f0c5c_MG_L_ML_ANON.jpg 2 2.86416 1.29756 1870 81 91 134 71 75 52 67 43 56 56 72 42 68 73 63
22678953_b9a4da5f2dae63a9_MG_R_CC_ANON.jpg 4 3.01322 2.89604 2283 49 53 80 73 53 39 39 52 53 64 81 66 49 47 19
22678980_b9a4da5f2dae63a9_MG_L_CC_ANON.jpg 2 2.7476 3.45448 2137 69 66 99 90 76 56 58 70 63 60 65 50 42 54 45
22679008_b9a4da5f2dae63a9_MG_R_ML_ANON.jpg 4 3.22055 2.81266 1948 78 78 93 59 63 42 62 63 68 67 87 111 121 84 76
22679036_b9a4da5f2dae63a9_MG_L_ML_ANON.jpg 2 2.8125 2.28682 1975 116 105 99 67 71 57 76 57 51 50 58 70 68 104 76
24054997_2f1104b3cda7f145_MG_L_ML_ANON.jpg 1 2.53061 4.52533 2252 70 64 68 33 41 29 31 51 36 36 52 44 38 39 30
24055024_2f1104b3cda7f145_MG_R_ML_ANON.jpg 2 2.70472 4.35137 2347 32 44 48 35 39 25 35 27 34 27 41 32 56 58 34
24055051_2f1104b3cda7f145_MG_L_CC_ANON.jpg 1 2.43814 4.60689 2412 38 34 51 36 24 35 19 24 30 22 54 32 40 34 29
24055078_2f1104b3cda7f145_MG_R_CC_ANON.jpg 2 2.63202 4.36054 2456 34 24 43 26 30 25 20 22 27 39 50 46 31 28 13
24055149_606e9b184978a350_MG_L_ML_ANON.jpg 5 2.84885 2.77459 1806 78 110 90 62 68 62 52 65 63 61 77 81 76 78 85
24055176_606e9b184978a350_MG_R_ML_ANON.jpg 2 3.05293 4.54743 2018 80 80 91 53 42 36 48 38 37 56 52 64 78 77 64
24055203_606e9b184978a350_MG_L_CC_ANON.jpg 5 2.76403 2.33867 2036 51 65 85 65 53 52 51 44 61 63 79 67 60 43 39
24055274_1e10aef17c9fe149_MG_L_ML_ANON.jpg 5 2.78966 2.15483 1896 115 110 110 70 70 65 79 59 73 65 81 70 89 81 67
24055328_1e10aef17c9fe149_MG_R_ML_ANON.jpg 3 3.18089 2.64758 1890 113 101 95 64 61 65 75 54 64 72 82 86 93 90 95
24055355_1e10aef17c9fe149_MG_L_CC_ANON.jpg 5 2.88161 4.44418 1934 54 80 122 99 88 78 84 69 62 65 79 69 83 77 57
24055382_1e10aef17c9fe149_MG_R_CC_ANON.jpg 3 3.0655 2.22454 2039 60 71 88 63 60 72 76 58 64 84 113 61 65 71 55
24055445_ac3185e18ffdc7b6_MG_L_ML_ANON.jpg 4 2.95913 4.88189 1722 171 157 109 87 78 66 89 45 61 68 121 68 104 99 55
24055464_ac3185e18ffdc7b6_MG_R_ML_ANON.jpg 4 3.46575 9.54091 1578 102 122 128 71 77 80 76 80 83 90 84 112 169 150 98
24055483_ac3185e18ffdc7b6_MG_L_CC_ANON.jpg 4 2.97416 3.88664 1720 99 105 148 94 92 69 104 78 71 93 104 75 93 84 71
24055502_ac3185e18ffdc7b6_MG_R_CC_ANON.jpg 4 3.2506 8.20835 1911 83 66 108 79 74 75 71 60 78 98 127 77 82 70 41
24055573_6f1aef40b3775182_MG_L_ML_ANON.jpg 2 2.7476 1.67871 2059 90 110 118 68 69 75 86 50 52 49 71 46 51 71 35
24055600_6f1aef40b3775182_MG_R_ML_ANON.jpg 4 3.0012 3.11442 2095 48 61 60 59 67 57 64 68 73 74 92 80 84 70 48
24055627_6f1aef40b3775182_MG_L_CC_ANON.jpg 2 2.67849 4.13804 2283 53 48 72 57 56 77 73 52 52 58 56 41 37 41 44
24055654_6f1aef40b3775182_MG_R_CC_ANON.jpg 4 2.96935 3.59512 2283 30 41 61 47 41 53 50 58 56 73 98 55 57 54 43
24055725_f0f1a133837b5137_MG_L_ML_ANON.jpg 2 2.94324 4.83252 1610 84 103 92 75 66 65 73 84 83 74 110 103 83 113 96
24055752_f0f1a133837b5137_MG_R_ML_ANON.jpg 2 3.35842 4.47227 1639 83 89 105 93 87 63 80 69 65 69 68 106 92 122 84
24055779_f0f1a133837b5137_MG_L_CC_ANON.jpg 2 2.87946 3.42427 1800 103 93 116 98 68 53 59 43 67 49 101 74 63 80 47
24055806_f0f1a133837b5137_MG_R_CC_ANON.jpg 2 3.04082 3.85699 2117 54 59 96 55 49 18 36 34 45 42 85 60 70 65 29
24055877_839819f2eadaf325_MG_L_ML_ANON.jpg 2 3.0613 1.7229 1653 74 98 191 125 137 118 115 62 73 87 95 58 83 78 53
24055904_839819f2eadaf325_MG_R_ML_ANON.jpg 2 3.46394 1.92204 1599 95 103 117 70 80 71 116 92 99 113 156 106 103 104 76
24055931_839819f2eadaf325_MG_L_CC_ANON.jpg 2 3.09856 7.29429 1691 64 79 129 118 124 104 139 98 86 101 95 77 63 75 57
24055958_839819f2eadaf325_MG_R_CC_ANON.jpg 2 3.3726 2.09624 1716 78 85 124 88 93 82 153 87 91 106 118 79 74 68 58
24058660_9e8db9e34d5275ef_MG_R_CC_ANON.jpg 2 3.31851 5.25452 1786 70 80 89 76 78 105 96 112 105 99 115 89 77 75 48
24058686_9e8db9e34d5275ef_MG_L_CC_ANON.jpg 4 2.97776 6.37374 1774 85 67 104 83 87 110 120 95 102 67 90 103 79 80 54
24058712_9e8db9e34d5275ef_MG_R_ML_ANON.jpg 2 3.40445 3.46152 1696 91 80 88 75 74 90 94 86 104 94 140 110 92 96 90
24058738_9e8db9e34d5275ef_MG_L_ML_ANON.jpg 4 2.96995 1.7828 1681 96 117 134 81 93 81 95 71 80 73 102 77 98 136 85
24065251_c4b995eddb3c510c_MG_L_ML_ANON.jpg 5 2.63281 2.08612 2177 103 77 64 22 30 28 46 37 49 64 80 70 106 90 57
24065270_c4b995eddb3c510c_MG_R_ML_ANON.jpg 1 3.07272 6.70388 2114 79 88 98 66 61 53 52 39 25 28 38 44 98 119 98
24065289_c4b995eddb3c510c_MG_L_CC_ANON.jpg 5 2.61298 4.10583 2348 57 52 94 68 36 21 31 39 50 50 77 62 50 37 28
24065308_c4b995eddb3c510c_MG_R_CC_ANON.jpg 1 3.15753 3.60321 2006 75 65 80 63 50 43 47 33 63 61 96 70 72 61 29
24065380_83db89f57aea498a_MG_L_ML_ANON.jpg 2 3.03305 1.6012 1635 102 105 168 113 98 84 105 59 69 78 107 80 111 114 72
24065407_83db89f57aea498a_MG_R_ML_ANON.jpg 4 3.4393 2.52583 1653 99 102 105 86 78 82 80 85 104 91 144 117 100 102 72
24065434_83db89f57aea498a_MG_L_CC_ANON.jpg 2 2.91346 3.28168 1893 75 66 96 89 88 86 82 89 77 89 84 70 69 82 65
24065461_83db89f57aea498a_MG_R_CC_ANON.jpg 4 3.24279 4.00637 1876 71 55 79 76 62 83 86 100 98 98 111 93 90 69 53
24065530_d8205a09c8173f44_MG_L_ML_ANON.jpg 4 2.86352 3.99122 1783 119 119 114 75 53 59 60 48 59 66 98 59 64 69 69
24065557_d8205a09c8173f44_MG_R_ML_ANON.jpg 2 3.20472 5.13395 1811 53 77 105 70 67 56 52 70 58 63 72 72 102 116 70
24065584_d8205a09c8173f44_MG_L_CC_ANON.jpg 4 2.61161 2.08742 2170 54 56 72 52 39 41 29 36 41 52 65 59 54 60 34
24065611_d8205a09c8173f44_MG_R_CC_ANON.jpg 2 3.08036 4.66385 2017 60 57 80 62 62 53 48 50 50 62 95 74 50 60 34
24065680_5291e1aee2bbf5df_MG_L_ML_ANON.jpg 2 2.50361 1.161 2397 71 61 69 22 21 24 40 19 33 53 58 43 65 72 52
24065707_5291e1aee2bbf5df_MG_R_ML_ANON.jpg 5 2.84796 1.16403 2392 59 58 73 49 41 34 31 38 21 28 44 40 57 65 70
24065734_5291e1aee2bbf5df_MG_L_CC_ANON.jpg 2 2.41647 2.36173 2568 43 51 78 43 31 19 24 16 21 21 46 38 42 33 26
24065761_5291e1aee2bbf5df_MG_R_CC_ANON.jpg 5 2.70072 3.06708 2567 39 41 53 31 19 29 21 19 22 23 61 60 44 41 30
24065833_c01f83a1eb283270_MG_L_ML_ANON.jpg 2 2.98597 3.86641 1610 147 120 117 78 51 51 77 72 77 78 105 98 59 87 87
24065860_c01f83a1eb283270_MG_R_ML_ANON.jpg 2 3.43176 5.24652 1547 99 100 92 65 72 86 73 62 61 75 122 121 126 123 90
24065887_c01f83a1eb283270_MG_L_CC_ANON.jpg 2 2.82908 3.97919 1859 70 93 123 76 63 61 57 62 57 61 75 67 74 71 45
24065914_c01f83a1eb283270_MG_R_CC_ANON.jpg 2 3.19515 4.64725 1889 67 65 78 55 58 46 47 47 58 79 110 99 81 72 63
26933772_f8bfddc28e8045c0_MG_R_CC_ANON.jpg 2 2.75765 1.50348 2497 36 43 39 30 21 10 5 4 14 12 52 36 39 52 24
26933801_f8bfddc28e8045c0_MG_L_CC_ANON.jpg 4 2.39477 3.03854 2440 64 59 57 22 20 13 11 13 28 21 42 30 37 33 24
26933830_f8bfddc28e8045c0_MG_R_ML_ANON.jpg 2 2.90306 1.77725 2258 51 68 70 59 43 30 21 21 17 24 35 29 47 61 80
26933859_f8bfddc28e8045c0_MG_L_ML_ANON.jpg 4 2.45855 2.72409 2240 46 33 36 24 21 26 33 30 35 45 67 53 80 77 68
27829134_fbb55bf7fff48540_MG_R_CC_ANON.jpg 5 3.02344 2.55154 2246 56 40 57 46 43 45 71 59 61 74 92 49 65 54 42
27829161_fbb55bf7fff48540_MG_L_CC_ANON.jpg 1 2.6857 4.36449 2206 50 55 79 86 65 52 58 58 44 46 82 57 53 62 47
27829188_fbb55bf7fff48540_MG_R_ML_ANON.jpg 5 3.21935 3.28014 1904 86 80 101 77 74 60 65 61 68 67 91 75 99 97 95
27829215_fbb55bf7fff48540_MG_L_ML_ANON.jpg 1 2.81971 3.15833 1921 116 110 106 78 50 73 68 52 73 59 88 70 58 103 75
30011484_349323117bf0fd93_MG_R_CC_ANON.jpg 2 2.84949 2.51258 2364 46 49 62 27 17 18 13 18 24 19 57 58 40 56 46
30011507_349323117bf0fd93_MG_L_CC_ANON.jpg 4 2.4375 1.61169 2406 48 33 71 22 16 17 12 12 17 19 53 31 44 60 53
30011530_349323117bf0fd93_MG_R_ML_ANON.jpg 2 3.04592 4.50765 2069 107 112 87 45 40 21 25 36 29 31 38 53 34 80 107
30011553_349323117bf0fd93_MG_L_ML_ANON.jpg 4 2.61607 3.58699 2096 80 57 40 26 21 29 22 24 37 39 76 63 100 113 91
30011647_6968748e66837bc7_MG_R_CC_ANON.jpg 2 3.15497 4.03127 1909 62 66 96 61 52 51 53 65 69 61 105 59 68 92 45
30011674_6968748e66837bc7_MG_L_CC_ANON.jpg 5 2.82334 3.41981 1827 69 70 93 83 94 80 76 58 80 64 80 64 56 64 56
30011700_6968748e66837bc7_MG_R_ML_ANON.jpg 2 3.30038 5.46359 1682 89 93 100 67 66 51 81 62 80 77 88 88 105 98 87
30011727_6968748e66837bc7_MG_L_ML_ANON.jpg 5 2.93622 4.27684 1641 110 93 99 86 70 69 86 56 73 79 88 83 90 110 81
30011798_4f20c1285d8f0b1f_MG_R_CC_ANON.jpg 2 2.95373 3.21848 2336 41 61 54 43 52 46 43 36 36 45 77 60 76 60 34
30011824_4f20c1285d8f0b1f_MG_L_CC_ANON.jpg 4 2.74038 3.74175 2102 63 65 106 80 66 58 74 54 59 66 87 62 65 64 29
30011850_4f20c1285d8f0b1f_MG_R_ML_ANON.jpg 2 3.0012 2.98595 2170 85 51 67 75 51 52 55 53 44 46 68 67 81 80 55
30318067_4f20c1285d8f0b1f_MG_L_ML_ANON.jpg 4 2.84435 2.24224 1927 122 104 117 61 69 66 71 57 55 69 87 73 74 79 69
50993399_5d85ecc9cf26b254_MG_L_ML_ANON.jpg 2 3.00128 2.59291 1557 116 150 148 76 81 67 89 73 87 68 109 66 82 86 59
50993426_5d85ecc9cf26b254_MG_L_CC_ANON.jpg 2 2.94643 2.67665 1587 69 91 137 111 95 81 82 73 84 92 93 90 92 85 52
50993616_b03f1dd34eb3c55f_MG_L_ML_ANON.jpg 2 3.17156 3.20818 1269 164 122 103 67 74 70 118 79 105 109 124 126 141 134 109
50993643_b03f1dd34eb3c55f_MG_L_CC_ANON.jpg 2 2.90689 2.00358 1719 77 76 116 90 81 59 77 65 70 66 107 80 98 85 48
50993670_b03f1dd34eb3c55f_MG_L_ML_ANON.jpg 2 2.76142 1.90591 1989 83 101 79 54 39 53 57 40 58 83 97 68 98 102 99
50993697_b03f1dd34eb3c55f_MG_L_CC_ANON.jpg 2 2.55589 1.49909 2405 40 72 78 56 44 31 31 22 45 39 61 46 51 53 26
50993787_de5e8d61e501a71b_MG_L_ML_ANON.jpg 2 2.75893 0.96554 1899 83 93 101 65 46 49 83 63 59 63 83 45 60 73 49
50993814_de5e8d61e501a71b_MG_R_ML_ANON.jpg 2 3.52806 1.1947 1385 87 94 109 86 87 87 140 82 86 92 153 106 103 124 93
50993841_de5e8d61e501a71b_MG_L_CC_ANON.jpg 2 2.69005 0.97856 2002 59 73 97 76 73 37 72 47 38 52 99 57 50 46 36
50993868_de5e8d61e501a71b_MG_R_CC_ANON.jpg 2 3.45153 1.35087 1500 81 98 139 78 76 78 97 68 78 122 139 89 106 96 69
50993895_de5e8d61e501a71b_MG_L_ML_ANON.jpg 2 2.80548 0.86778 1862 95 108 93 77 65 58 72 54 60 67 68 49 76 56 54
50993922_de5e8d61e501a71b_MG_R_ML_ANON.jpg 2 3.57589 1.03241 1252 92 109 130 103 108 97 106 76 90 96 147 129 134 135 110
50993949_de5e8d61e501a71b_MG_L_CC_ANON.jpg 2 2.7264 0.90779 1994 66 71 107 62 67 54 69 46 52 53 78 55 50 52 38
50993976_de5e8d61e501a71b_MG_R_CC_ANON.jpg 2 3.41135 1.22857 1620 80 85 126 69 101 77 72 63 98 80 107 90 91 102 53
50994110_cc9e66c5b31baab8_MG_L_ML_ANON.jpg 2 2.49362 4.30425 2213 59 55 39 27 21 27 31 48 39 54 54 56 58 71 62
50994137_cc9e66c5b31baab8_MG_R_ML_ANON.jpg 1 2.86288 0.79804 2345 35 39 52 45 26 18 28 14 23 21 42 50 61 64 51
50994164_cc9e66c5b31baab8_MG_L_CC_ANON.jpg 2 2.39668 2.92574 2454 34 33 52 35 22 23 23 19 27 23 36 22 48 39 24
50994191_cc9e66c5b31baab8_MG_R_CC_ANON.jpg 1 2.66327 2.54208 2531 28 34 40 28 24 14 11 9 16 27 55 26 26 29 16
50994273_cc9e66c5b31baab8_MG_R_CC_ANON.jpg 4 2.64413 3.62495 2435 38 37 63 23 36 22 23 13 14 12 27 27 49 58 37
50994300_cc9e66c5b31baab8_MG_R_FB_ANON.jpg 2 2.67219 3.14152 2545 18 26 37 29 19 23 12 10 17 16 44 21 31 34 32
50994327_cc9e66c5b31baab8_MG_L_ML_ANON.jpg 2 2.45472 4.41481 2251 35 31 34 23 30 21 18 33 41 39 68 60 83 89 58
50994354_cc9e66c5b31baab8_MG_R_ML_ANON.jpg 4 2.90051 3.6367 2215 104 93 102 39 49 28 30 20 23 17 32 33 27 49 53
50994381_cc9e66c5b31baab8_MG_L_CC_ANON.jpg 2 2.35842 2.88848 2504 35 30 47 28 23 18 18 14 20 25 33 32 31 35 21
50994408_cc9e66c5b31baab8_MG_R_CC_ANON.jpg 2 2.71492 2.61318 2539 27 30 45 22 22 9 12 16 13 26 40 34 32 29 18
50994535_de4c34099d6ef8de_MG_R_ML_ANON.jpg 2 3.20252 4.69576 1971 96 65 80 68 58 50 66 61 64 72 94 83 110 83 79
50994562_de4c34099d6ef8de_MG_R_CC_ANON.jpg 2 2.95252 2.53692 2255 58 47 85 55 40 29 47 47 58 66 96 74 59 50 34
50994589_de4c34099d6ef8de_MG_R_ML_ANON.jpg 2 3.20192 3.43626 1968 70 73 73 76 56 43 69 48 69 74 102 82 97 108 92
50994616_de4c34099d6ef8de_MG_R_CC_ANON.jpg 2 3.01743 3.61851 2163 57 51 88 50 48 44 49 58 69 76 102 76 75 62 32
50994706_069212ec65a94339_MG_R_CC_ANON.jpg 1 2.86224 0.562 2290 46 54 53 30 25 25 30 22 27 39 67 53 58 52 43
50994733_069212ec65a94339_MG_L_ML_ANON.jpg 1 2.70599 4.36448 2015 88 82 74 54 45 29 32 56 47 54 62 64 65 78 69
50994760_069212ec65a94339_MG_R_ML_ANON.jpg 1 3.04209 0.66569 2056 65 63 81 47 41 32 36 36 29 46 69 64 81 89 79
50994787_069212ec65a94339_MG_L_CC_ANON.jpg 1 2.58291 2.03651 2248 52 56 74 49 39 36 20 40 42 41 56 33 45 48 35
50994814_069212ec65a94339_MG_L_ML_ANON.jpg 1 2.61607 3.92999 2091 62 67 74 50 31 37 28 39 52 44 75 54 59 76 75
50994841_069212ec65a94339_MG_R_ML_ANON.jpg 4 3.02487 1.85976 2125 91 61 87 51 39 38 40 20 36 33 38 48 74 63 70
50994868_069212ec65a94339_MG_L_CC_ANON.jpg 1 2.59184 2.75475 2253 57 67 67 45 41 38 28 22 47 31 53 37 44 47 37
50994895_069212ec65a94339_MG_R_CC_ANON.jpg 4 2.84821 2.22778 2273 46 43 42 43 29 32 34 37 34 37 72 58 57 47 30
50995762_0c735e8768d276b4_MG_R_ML_ANON.jpg 2 3.13776 4.70211 1946 83 84 92 64 53 54 52 28 42 41 49 56 75 115 80
50995789_0c735e8768d276b4_MG_R_CC_ANON.jpg 2 3.00191 3.12099 2178 56 72 79 48 33 23 23 25 39 33 88 58 76 53 30
50995872_c94d8a1ebd452afe_MG_L_ML_ANON.jpg 1 2.92347 4.82554 1649 101 121 113 77 80 66 83 69 92 82 103 71 77 75 55
50995899_c94d8a1ebd452afe_MG_L_CC_ANON.jpg 1 2.77615 5.66684 1918 44 61 117 80 53 62 45 44 59 67 95 69 90 60 50
50995963_d742ec2f9b90aa62_MG_L_ML_ANON.jpg 2 2.7736 4.15491 1832 92 88 69 50 51 42 61 43 68 68 97 81 88 99 85
50995990_d742ec2f9b90aa62_MG_L_CC_ANON.jpg 2 2.70153 4.20026 2003 55 70 101 85 55 35 26 33 41 50 79 60 72 78 71
50996056_71c1a60d57c5322f_MG_L_ML_ANON.jpg 2 2.6869 3.05286 2173 110 95 84 53 35 40 54 52 49 63 67 54 64 59 48
50996083_71c1a60d57c5322f_MG_R_ML_ANON.jpg 2 3.10877 5.04977 2074 80 80 82 64 57 44 39 37 43 41 84 90 109 109 67
50996110_71c1a60d57c5322f_MG_L_CC_ANON.jpg 2 2.58353 4.25544 2334 62 57 94 53 44 40 29 33 33 41 64 69 52 62 33
50996137_71c1a60d57c5322f_MG_R_CC_ANON.jpg 2 2.98017 4.32843 2273 80 46 81 68 41 37 29 23 31 49 79 68 88 69 38
50996201_8c1b2bd64ca4d778_MG_L_ML_ANON.jpg 2 2.71365 4.19154 1948 90 110 76 57 39 38 29 44 62 60 74 83 76 78 50
50996228_8c1b2bd64ca4d778_MG_L_CC_ANON.jpg 2 2.57972 3.73071 2239 52 59 80 38 39 39 36 28 38 41 64 36 46 52 27
50996325_6aba0b402889a16f_MG_L_ML_ANON.jpg 1 2.66709 4.20011 2006 83 86 80 53 41 35 54 31 25 34 69 54 82 106 75
50996352_6aba0b402889a16f_MG_R_ML_ANON.jpg 4 3.15179 4.30434 1949 103 73 74 38 49 46 43 41 54 47 60 72 78 94 93
50996379_6aba0b402889a16f_MG_L_CC_ANON.jpg 1 2.58418 3.70068 2218 45 58 92 55 43 42 29 42 33 35 61 53 45 45 18
50996406_6aba0b402889a16f_MG_R_CC_ANON.jpg 4 2.94834 3.63769 2250 32 47 66 37 43 28 30 39 42 37 79 63 42 47 32
50996709_330e5fe16929eed4_MG_R_ML_ANON.jpg 2 3.0619 2.24572 2162 58 51 77 48 49 47 50 50 51 61 103 80 83 68 62
50996736_330e5fe16929eed4_MG_R_CC_ANON.jpg 2 3.02404 1.82953 2271 42 42 76 50 52 50 71 41 61 73 72 52 61 49 37
50996800_fdf4a1516f88b280_MG_L_ML_ANON.jpg 2 3.19952 2.57331 1380 125 131 189 122 109 140 131 98 98 103 124 83 103 96 68
50996827_fdf4a1516f88b280_MG_R_ML_ANON.jpg 2 3.37139 2.73747 1828 57 58 70 58 67 76 83 85 111 105 149 116 114 82 41
50996854_fdf4a1516f88b280_MG_L_CC_ANON.jpg 2 3.11779 2.48229 1530 80 118 119 108 106 88 142 107 133 113 145 92 81 82 56
50996881_fdf4a1516f88b280_MG_R_CC_ANON.jpg 2 3.25901 2.59776 1887 72 66 97 54 91 88 119 77 78 81 96 76 93 94 31
50996945_ce5e5e18a261cd29_MG_L_ML_ANON.jpg 2 2.71274 2.85422 2080 134 110 100 66 46 53 82 42 62 61 68 48 49 67 32
50996972_ce5e5e18a261cd29_MG_R_ML_ANON.jpg 2 3.13221 3.21398 2032 92 78 73 69 65 61 69 44 38 55 47 68 88 124 97
50996999_ce5e5e18a261cd29_MG_L_CC_ANON.jpg 2 2.67248 3.28206 2233 60 47 101 72 72 50 44 48 44 48 83 50 56 49 43
50997026_ce5e5e18a261cd29_MG_R_CC_ANON.jpg 2 2.96755 2.45803 2306 33 45 90 44 55 41 45 37 50 60 99 54 57 44 40
50997053_ce5e5e18a261cd29_MG_L_CC_ANON.jpg 1 3.05038 6.20089 1488 68 95 160 137 106 97 76 83 88 98 111 92 86 81 48
50997080_ce5e5e18a261cd29_MG_L_ML_ANON.jpg 1 3.10204 5.12729 1399 143 127 132 94 82 82 97 98 88 93 135 93 85 107 59
50997107_ce5e5e18a261cd29_MG_R_ML_ANON.jpg 2 3.49107 4.07154 1418 101 106 125 106 93 107 94 79 76 78 109 95 113 138 76
50997134_ce5e5e18a261cd29_MG_R_CC_ANON.jpg 2 3.36416 3.20036 1651 65 79 119 91 94 57 87 62 95 90 124 82 90 79 49
50997223_9054942f7be52dd9_MG_L_ML_ANON.jpg 2 2.77551 2.55999 1915 114 84 77 45 43 50 49 53 51 68 69 70 71 80 75
50997250_9054942f7be52dd9_MG_R_ML_ANON.jpg 2 3.32079 4.70383 1725 76 81 105 90 64 71 91 60 65 58 85 68 105 89 81
50997277_9054942f7be52dd9_MG_L_CC_ANON.jpg 2 2.68304 3.41792 2089 52 61 88 65 70 33 49 51 39 31 73 54 66 51 42
50997304_9054942f7be52dd9_MG_R_CC_ANON.jpg 2 3.10969 3.89054 1988 62 57 69 57 32 37 52 51 56 73 104 92 69 76 39
50997434_97ec8cadfca70d32_MG_L_ML_ANON.jpg 2 3.00481 2.43261 1733 87 99 132 109 94 96 97 77 68 80 102 72 80 92 82
50997461_97ec8cadfca70d32_MG_R_ML_ANON.jpg 4 3.39724 4.58461 1735 84 108 89 75 77 90 82 84 83 104 143 92 86 86 82
50997488_97ec8cadfca70d32_MG_L_CC_ANON.jpg 2 2.92969 3.7563 1985 52 83 89 62 102 78 101 88 78 60 76 58 69 65 54
50997515_97ec8cadfca70d32_MG_R_CC_ANON.jpg 4 3.21695 4.5402 1990 68 67 89 74 71 73 82 93 70 77 89 69 79 67 42
50997597_67cc8c9939d74a9a_MG_L_ML_ANON.jpg 2 2.747 3.54285 2016 90 87 93 71 55 55 71 49 53 48 74 66 86 105 81
50997624_67cc8c9939d74a9a_MG_R_ML_ANON.jpg 2 2.92067 1.62026 2313 81 78 97 33 38 29 38 35 26 34 47 45 59 63 84
50997651_67cc8c9939d74a9a_MG_L_CC_ANON.jpg 2 2.72236 3.14368 2163 56 54 75 86 73 61 61 55 71 69 61 62 71 52 30
50997678_67cc8c9939d74a9a_MG_R_CC_ANON.jpg 2 2.84135 1.51895 2429 39 42 79 47 45 33 44 28 40 43 69 41 49 42 30
50997742_cbb6c98a81e69eeb_MG_L_ML_ANON.jpg 3 2.86538 4.11236 1906 108 122 97 83 60 47 74 64 68 57 69 78 83 103 81
50997769_cbb6c98a81e69eeb_MG_R_ML_ANON.jpg 3 3.23738 4.9082 1929 65 95 94 54 52 66 69 57 59 71 88 105 116 102 78
50997796_cbb6c98a81e69eeb_MG_L_CC_ANON.jpg 3 2.70913 4.86686 2212 58 55 76 66 52 57 51 47 60 60 101 50 63 53 39
50997823_cbb6c98a81e69eeb_MG_R_CC_ANON.jpg 3 3.01442 4.43616 2245 46 56 69 65 55 62 45 51 64 56 101 58 55 43 29
50998032_66adfbb4f19c76d2_MG_R_CC_ANON.jpg 2 3.21811 2.10842 1931 41 60 77 62 74 69 73 59 76 73 97 69 55 55 43
50998059_66adfbb4f19c76d2_MG_L_ML_ANON.jpg 5 2.91773 3.51927 1696 95 97 102 74 73 66 86 69 75 78 85 73 87 92 66
50998086_66adfbb4f19c76d2_MG_R_ML_ANON.jpg 2 3.39286 2.55889 1690 69 65 94 65 63 93 75 86 87 73 110 86 88 88 82
50998113_66adfbb4f19c76d2_MG_L_CC_ANON.jpg 5 2.87309 3.38679 1868 53 79 90 95 68 68 65 80 54 67 80 54 70 68 55
50998177_f34ee0ab6591b792_MG_L_ML_ANON.jpg 2 2.79147 2.70093 2000 94 81 112 52 68 54 70 65 64 59 58 66 89 94 74
50998204_f34ee0ab6591b792_MG_R_ML_ANON.jpg 2 3.16887 3.98832 1973 93 64 78 55 82 51 55 57 46 50 90 112 114 110 70
50998231_f34ee0ab6591b792_MG_L_CC_ANON.jpg 2 2.78065 1.92751 2119 57 58 108 65 81 52 56 45 49 70 108 74 58 65 35
50998258_f34ee0ab6591b792_MG_R_CC_ANON.jpg 2 3.11178 4.07085 2113 47 54 79 62 59 70 67 51 57 76 149 55 71 57 33
50998322_1e4b534393d18753_MG_R_ML_ANON.jpg 1 3.30357 5.23679 1700 128 103 105 84 86 73 69 54 54 56 55 59 77 85 126
50998349_1e4b534393d18753_MG_R_CC_ANON.jpg 1 2.88138 4.82164 2334 46 49 66 47 30 20 13 25 20 32 56 45 46 50 35
50998413_1f139436acfc5467_MG_L_ML_ANON.jpg 2 2.6881 2.04334 2123 87 85 73 42 36 44 51 54 77 62 65 56 69 83 93
50998440_1f139436acfc5467_MG_R_ML_ANON.jpg 2 3.128 2.59102 2066 86 70 79 60 65 49 58 40 39 47 72 80 90 101 98
50998467_1f139436acfc5467_MG_L_CC_ANON.jpg 2 2.63522 2.67319 2303 56 51 82 57 43 47 37 40 40 62 78 73 43 56 32
50998494_1f139436acfc5467_MG_R_CC_ANON.jpg 2 3.03906 1.46751 2247 75 66 88 49 42 40 45 26 48 49 88 58 70 59 50
50998580_cd12bc20b3d27d0b_MG_L_ML_ANON.jpg 2 2.62981 3.52399 2177 86 71 78 36 34 29 50 55 52 44 66 66 82 109 65
50998607_cd12bc20b3d27d0b_MG_R_ML_ANON.jpg 1 3.0643 4.90016 2160 89 65 87 71 54 48 42 42 36 44 52 67 83 99 61
50998634_cd12bc20b3d27d0b_MG_L_CC_ANON.jpg 2 2.57272 3.76998 2407 47 55 72 56 51 36 43 31 40 37 60 44 48 48 25
50998661_cd12bc20b3d27d0b_MG_R_CC_ANON.jpg 1 2.87981 3.65384 2373 48 49 65 31 46 43 35 37 39 51 84 54 62 53 30
50998981_a78eba834ef6ee88_MG_R_ML_ANON.jpg 5 2.63202 3.44054 2458 79 77 64 25 16 20 7 12 9 15 10 21 24 29 48
50999008_a78eba834ef6ee88_MG_R_CC_ANON.jpg 5 2.60587 2.17984 2616 22 26 33 19 9 14 12 8 12 14 45 29 23 15 17
50999094_cb65e8dac169f596_MG_L_ML_ANON.jpg 2 2.55804 2.32884 2153 62 84 69 57 43 37 48 28 31 44 59 58 56 50 35
50999121_cb65e8dac169f596_MG_R_ML_ANON.jpg 1 3.09503 5.49204 1921 66 71 76 68 56 57 64 58 47 49 71 71 82 84 73
50999148_cb65e8dac169f596_MG_L_CC_ANON.jpg 2 2.56824 3.81361 2247 46 49 69 58 33 35 27 26 41 32 60 53 50 56 32
50999175_cb65e8dac169f596_MG_R_CC_ANON.jpg 1 3.07653 3.83485 2105 58 48 66 55 36 43 40 38 36 58 96 76 70 63 26
50999246_cb65e8dac169f596_MG_L_ML_ANON.jpg 2 2.64094 4.46281 2029 86 80 71 42 41 42 44 49 40 46 80 66 56 70 72
50999273_cb65e8dac169f596_MG_R_ML_ANON.jpg 1 3.20153 6.24159 1858 89 68 82 65 54 61 56 67 45 53 70 71 66 117 92
50999300_cb65e8dac169f596_MG_L_CC_ANON.jpg 2 2.63329 4.24337 2171 43 52 83 59 50 41 45 21 34 41 65 49 55 71 34
50999327_cb65e8dac169f596_MG_R_CC_ANON.jpg 1 2.99362 4.74586 2130 43 47 72 46 38 39 43 35 42 65 82 76 72 45 39
50999432_f62fbf38fb208316_MG_L_ML_ANON.jpg 5 2.67248 1.80045 2090 74 89 65 44 43 32 56 41 71 68 112 77 73 95 70
50999459_f62fbf38fb208316_MG_L_CC_ANON.jpg 5 2.68149 3.39274 2202 34 48 83 75 86 68 42 53 64 65 82 63 53 38 44
51048738_3f22cdda8da215e3_MG_R_ML_ANON.jpg 3 3.38202 5.57582 1583 101 98 108 81 86 90 95 61 73 56 100 95 109 97 81
51048765_3f22cdda8da215e3_MG_R_CC_ANON.jpg 3 3.17857 3.92497 1913 56 69 67 70 51 50 56 75 71 82 116 85 54 60 39
51048891_f3e93e889a7746f0_MG_L_ML_ANON.jpg 2 2.85577 3.77519 1887 100 108 121 93 98 64 86 72 68 62 74 75 67 73 52
51048918_f3e93e889a7746f0_MG_R_ML_ANON.jpg 2 3.24339 4.61891 1846 87 83 80 66 67 74 74 77 54 77 130 109 110 84 82
51048945_f3e93e889a7746f0_MG_L_CC_ANON.jpg 2 2.89303 2.74423 1964 53 75 119 101 100 70 87 65 71 77 99 57 53 76 33
51048972_f3e93e889a7746f0_MG_R_CC_ANON.jpg 2 3.16046 3.74367 2033 46 50 91 59 57 75 66 66 97 92 116 92 63 63 34
51049053_8c105bb715bf1c3c_MG_L_ML_ANON.jpg 2 2.89243 2.3414 1854 83 89 131 101 65 67 90 74 76 67 96 76 88 80 63
51049080_8c105bb715bf1c3c_MG_R_ML_ANON.jpg 2 3.36538 3.38502 1760 108 88 98 69 78 72 95 84 90 88 125 94 108 76 67
51049107_8c105bb715bf1c3c_MG_L_CC_ANON.jpg 2 2.78606 1.9159 2129 61 68 105 79 60 54 67 59 64 50 76 56 67 63 42
51049134_8c105bb715bf1c3c_MG_R_CC_ANON.jpg 2 3.21935 2.99444 1951 69 77 89 67 68 91 89 78 75 94 95 68 71 72 46
51049249_832ebce700241036_MG_L_CC_ANON.jpg 2 2.63041 2.64408 2274 41 33 88 58 60 71 65 51 38 53 67 55 56 52 38
51049276_832ebce700241036_MG_L_ML_ANON.jpg 2 2.71514 2.93545 2114 80 83 101 56 59 57 59 47 48 58 69 60 67 80 62
51049462_6f64793857feb5d0_MG_L_ML_ANON.jpg 2 2.94069 4.82404 1677 137 121 97 77 59 57 73 55 60 61 96 64 97 95 88
51049489_6f64793857feb5d0_MG_R_ML_ANON.jpg 2 3.23597 0.86731 1824 66 72 99 69 78 50 71 49 42 33 68 75 109 117 92
51049516_6f64793857feb5d0_MG_L_CC_ANON.jpg 2 2.81122 3.94154 1929 82 51 107 64 69 59 61 61 65 59 73 71 62 65 36
51049543_6f64793857feb5d0_MG_R_CC_ANON.jpg 2 3.12755 0.68297 2023 52 76 99 52 41 44 51 35 65 62 92 51 58 76 37
51049628_6f64793857feb5d0_MG_L_ML_ANON.jpg 2 2.91518 3.362 1700 126 116 112 55 48 53 48 55 71 57 88 66 112 116 91
51049655_6f64793857feb5d0_MG_R_ML_ANON.jpg 2 3.31441 1.15199 1631 95 88 113 71 78 86 83 62 51 64 74 75 100 136 107
51049682_6f64793857feb5d0_MG_L_CC_ANON.jpg 2 2.76786 4.04053 1954 63 75 122 87 57 58 48 61 46 40 69 58 70 68 38
51070197_6f64793857feb5d0_MG_R_CC_ANON.jpg 2 3.13839 1.17174 2050 58 61 80 44 56 42 53 27 43 61 92 68 76 63 40
53580611_40e22f2e3215b954_MG_L_ML_ANON.jpg 2 2.86358 2.65966 1877 111 146 116 66 63 58 76 64 55 75 89 68 75 85 76
53580638_40e22f2e3215b954_MG_R_ML_ANON.jpg 3 3.32933 4.42948 1812 113 71 94 75 58 58 89 79 53 67 76 97 137 125 96
53580665_40e22f2e3215b954_MG_L_CC_ANON.jpg 2 2.79327 4.75039 2057 74 70 96 67 70 63 79 73 62 67 77 62 61 73 49
53580692_40e22f2e3215b954_MG_R_CC_ANON.jpg 3 3.09916 5.13629 2105 63 50 78 56 65 58 57 52 77 69 107 74 60 73 56
53580804_51bec6477a7898b9_MG_L_ML_ANON.jpg 5 2.76803 3.42062 2034 136 89 84 63 47 37 63 67 64 58 74 58 62 90 74
53580831_51bec6477a7898b9_MG_R_ML_ANON.jpg 2 3.15445 3.11016 1992 95 74 81 67 59 56 46 57 49 53 70 71 89 119 122
53580858_51bec6477a7898b9_MG_L_CC_ANON.jpg 5 2.65325 4.27037 2240 51 60 87 81 49 33 48 34 45 65 78 69 53 60 47
53580885_51bec6477a7898b9_MG_R_CC_ANON.jpg 2 2.96635 2.8263 2255 54 64 81 63 49 44 27 39 40 59 83 72 58 65 47
53580979_4c341dad22471922_MG_L_ML_ANON.jpg 1 2.7264 4.89947 1959 80 73 78 47 47 50 40 49 62 66 90 70 63 75 65
53581006_4c341dad22471922_MG_R_ML_ANON.jpg 1 3.14031 4.57568 2004 72 52 87 60 66 49 47 40 48 35 69 77 74 67 67
53581033_4c341dad22471922_MG_L_CC_ANON.jpg 1 2.69196 4.5193 2068 63 59 82 63 49 54 28 42 45 55 76 67 63 67 33
53581060_4c341dad22471922_MG_R_CC_ANON.jpg 1 3.0912 4.31895 2094 36 63 78 55 47 52 37 45 41 43 84 63 70 62 44
53581124_3be876aecfaad4ca_MG_L_ML_ANON.jpg 1 2.60395 4.14607 2070 71 70 55 41 34 35 38 36 50 54 86 63 79 68 64
53581151_3be876aecfaad4ca_MG_L_CC_ANON.jpg 1 2.50255 2.63923 2321 39 51 78 46 28 20 20 23 20 29 54 43 59 51 32
53581237_80123a24997098dc_MG_R_ML_ANON.jpg 1 3.34885 4.50604 1643 105 117 122 84 95 75 65 66 56 60 70 69 98 102 87
53581264_80123a24997098dc_MG_R_CC_ANON.jpg 1 3.15561 3.48735 1916 78 67 86 56 52 42 40 33 52 62 125 77 87 78 63
53581379_b231a8ba4dd4214f_MG_L_ML_ANON.jpg 1 2.93814 5.94507 1596 119 87 98 68 55 67 73 61 71 85 100 85 113 130 106
53581406_b231a8ba4dd4214f_MG_R_ML_ANON.jpg 6 3.32334 5.77166 1655 110 109 118 74 77 79 62 56 63 64 74 68 86 108 111
53581433_b231a8ba4dd4214f_MG_L_CC_ANON.jpg 1 2.80421 5.34338 1869 69 70 114 70 72 54 48 64 50 64 99 67 68 72 64
53581460_b231a8ba4dd4214f_MG_R_CC_ANON.jpg 6 3.1199 4.27277 1988 74 53 77 70 46 52 54 41 48 57 90 83 66 73 42
53581769_573747ee33ef6e5a_MG_L_ML_ANON.jpg 1 2.66645 5.84363 1994 86 73 63 40 31 29 49 51 53 59 79 60 91 82 74
53581796_573747ee33ef6e5a_MG_L_CC_ANON.jpg 1 2.56122 2.64961 2223 57 57 76 43 42 42 32 32 29 37 64 53 47 55 25
53581860_21e6cc12630e5e9f_MG_L_ML_ANON.jpg 1 2.53763 1.07642 2201 65 71 60 24 30 24 43 37 47 37 63 37 49 78 48
53581887_21e6cc12630e5e9f_MG_R_ML_ANON.jpg 2 3.10651 1.89157 2036 56 51 62 43 45 50 47 53 45 46 85 70 85 79 61
53581914_21e6cc12630e5e9f_MG_L_CC_ANON.jpg 1 2.46811 3.16491 2368 34 28 58 53 47 25 20 29 29 31 38 44 42 40 28
53581941_21e6cc12630e5e9f_MG_R_CC_ANON.jpg 2 2.92092 3.74232 2248 45 55 57 47 36 29 39 23 36 46 66 55 50 53 29
53582304_8913a7e0cf3bd74e_MG_R_ML_ANON.jpg 1 3.32908 5.90075 1681 98 96 94 82 65 77 81 74 79 67 92 73 83 96 76
53582331_8913a7e0cf3bd74e_MG_R_CC_ANON.jpg 1 3.2264 5.21117 1904 53 71 78 77 46 64 65 62 82 95 85 66 60 63 43
53582395_3f0db31711fc9795_MG_L_ML_ANON.jpg 1 2.86033 5.49219 1742 120 88 81 54 47 51 53 70 61 73 94 88 103 96 93
53582422_3f0db31711fc9795_MG_R_ML_ANON.jpg 2 3.22513 3.94496 1866 88 52 85 72 48 58 39 48 48 55 53 74 97 120 111
53582449_3f0db31711fc9795_MG_L_CC_ANON.jpg 1 2.66135 4.43661 2094 73 82 100 55 39 28 36 42 30 47 66 52 62 63 45
53582476_3f0db31711fc9795_MG_R_CC_ANON.jpg 2 2.98916 3.42926 2131 42 48 67 40 52 46 31 29 42 44 79 87 80 66 30
53582540_3e73f1c0670cfb0a_MG_R_ML_ANON.jpg 1 3.12564 4.81946 1941 103 109 99 54 70 54 47 41 34 32 58 59 65 77 71
53582567_3e73f1c0670cfb0a_MG_R_CC_ANON.jpg 1 2.96875 3.31328 2244 44 62 60 30 30 31 37 27 43 37 66 53 63 43 44
53582656_465aa5ec1b59efc6_MG_L_ML_ANON.jpg 5 2.59821 1.10543 2116 87 72 69 54 54 43 31 26 34 52 37 54 60 70 55
53582683_465aa5ec1b59efc6_MG_L_CC_ANON.jpg 5 2.625 1.72454 2164 54 70 77 69 53 31 29 28 47 44 59 42 74 39 34
53582710_465aa5ec1b59efc6_MG_R_ML_ANON.jpg 2 3.53954 3.08608 1373 87 84 132 91 76 80 92 91 78 80 120 117 148 136 129
53582737_465aa5ec1b59efc6_MG_L_ML_ANON.jpg 2 2.68814 0.89295 1940 85 73 99 64 47 49 69 53 52 61 87 49 67 59 60
53582764_465aa5ec1b59efc6_MG_R_ML_ANON.jpg 2 3.42921 2.65739 1473 75 76 97 70 83 95 102 83 89 95 120 127 141 124 64
53582791_465aa5ec1b59efc6_MG_L_CC_ANON.jpg 2 2.73023 0.8123 2015 64 65 92 58 50 55 69 47 43 66 74 46 62 65 43
53582818_465aa5ec1b59efc6_MG_R_CC_ANON.jpg 2 3.33673 2.29055 1647 76 82 103 91 77 72 77 61 93 102 105 82 93 85 68
53586361_dda3c6969a34ff8e_MG_L_ML_ANON.jpg 1 2.63202 3.24735 2094 92 63 63 51 51 42 34 44 41 54 64 63 51 69 38
53586388_dda3c6969a34ff8e_MG_R_ML_ANON.jpg 1 3.23852 5.13847 1749 81 76 79 77 83 82 66 67 67 60 74 81 122 96 54
53586415_dda3c6969a34ff8e_MG_L_CC_ANON.jpg 1 2.56314 2.9891 2260 52 59 61 35 33 40 35 37 47 43 64 33 36 44 35
53586442_dda3c6969a34ff8e_MG_R_CC_ANON.jpg 1 3.24043 4.10821 1819 81 84 105 69 74 66 47 57 45 59 103 96 74 83 52
53586724_e5f3f68b9ce31228_MG_L_ML_ANON.jpg 2 3.03305 4.08743 1684 134 132 160 110 92 66 88 62 67 73 79 80 83 114 76
53586751_e5f3f68b9ce31228_MG_R_ML_ANON.jpg 2 3.25 0.82779 1814 92 71 86 51 57 63 81 75 76 92 141 107 122 92 80
53586778_e5f3f68b9ce31228_MG_L_CC_ANON.jpg 2 2.88822 5.61726 1943 68 58 104 86 91 91 67 71 69 83 93 89 70 81 36
53586805_e5f3f68b9ce31228_MG_R_CC_ANON.jpg 2 3.10216 0.88248 1993 57 72 84 69 70 70 112 57 78 87 105 77 65 59 45
53586869_6ac23356b912ee9b_MG_L_ML_ANON.jpg 2 3.1238 4.64827 1545 103 116 136 112 111 106 114 90 90 90 115 85 101 116 70
53586896_6ac23356b912ee9b_MG_L_CC_ANON.jpg 2 3.07993 5.73592 1672 68 88 122 97 87 104 117 116 111 82 118 93 82 74 69
53586960_809e3f43339f93c6_MG_L_ML_ANON.jpg 2 2.82452 2.99722 1974 84 74 114 82 85 70 85 77 61 60 81 65 61 70 57
53586987_809e3f43339f93c6_MG_R_ML_ANON.jpg 2 3.35817 5.88554 1739 85 97 115 72 67 74 79 67 74 79 127 134 130 82 79
53587014_809e3f43339f93c6_MG_L_CC_ANON.jpg 2 2.83594 2.93861 2016 48 71 115 78 80 90 85 69 74 62 78 68 80 55 31
53587041_809e3f43339f93c6_MG_R_CC_ANON.jpg 2 3.3107 7.30446 1719 62 68 112 76 93 98 117 85 100 121 142 90 79 80 58
53587104_7b71aa9928e6975e_MG_L_ML_ANON.jpg 2 2.75841 4.31492 2035 98 95 122 82 66 60 69 71 56 76 74 56 54 54 32
53587131_7b71aa9928e6975e_MG_L_CC_ANON.jpg 2 2.74579 4.86665 2134 45 58 96 88 65 48 66 57 56 63 81 70 63 68 42
53587427_d2befe622e188943_MG_L_ML_ANON.jpg 2 2.9713 4.54159 1634 118 125 152 111 64 65 72 70 66 60 70 77 62 88 80
53587454_d2befe622e188943_MG_R_ML_ANON.jpg 2 3.55357 4.82646 1398 95 84 101 81 83 84 89 117 86 95 152 133 128 105 83
53587481_d2befe622e188943_MG_L_CC_ANON.jpg 2 2.82526 3.86435 1908 54 62 102 67 51 74 71 85 65 88 84 58 60 47 38
53587508_d2befe622e188943_MG_R_CC_ANON.jpg 2 3.36097 5.39691 1648 72 56 72 71 83 78 88 78 92 104 140 91 103 79 59
53587572_11e6732579acf692_MG_L_ML_ANON.jpg 2 2.96815 2.67147 1757 91 109 159 80 87 79 106 89 68 78 97 81 75 90 54
53587599_11e6732579acf692_MG_L_CC_ANON.jpg 2 2.9375 2.94237 1827 78 76 105 89 97 90 94 85 97 85 101 88 89 56 43
53587663_5fb370d4c1c71974_MG_R_CC_ANON.jpg 2 3.0607 1.24829 2237 59 53 81 42 32 41 80 47 54 66 81 54 63 65 45
53587690_5fb370d4c1c71974_MG_L_ML_ANON.jpg 1 2.87079 3.89852 1890 90 83 133 89 81 67 93 73 55 61 103 68 72 79 63
53587717_5fb370d4c1c71974_MG_R_ML_ANON.jpg 2 3.02584 0.93791 2159 57 76 80 46 48 48 82 53 57 71 74 67 57 60 65
53587744_5fb370d4c1c71974_MG_L_CC_ANON.jpg 1 2.84916 5.49817 2001 51 78 99 82 79 75 105 73 66 65 83 66 70 68 39
