Precisão média por imagem
0.588
0.537
0.547
0.536
0.513
0.500
0.516
0.515
0.517
0.518
0.506
0.513
0.515
0.508
0.515
0.521
0.521
0.522
0.517
0.520
0.516
0.519
0.517
0.517
0.516
0.516
0.516
0.514
0.514
0.512
0.512
0.512
0.507
0.502
0.500
0.498
0.497
0.497
0.499
0.498
0.494
0.492
0.495
0.494
0.496
0.493
0.496
0.496
0.493
0.493
0.492
0.490
0.491
0.489
0.490
0.488
0.490
0.489
0.493
0.491
0.490
0.487
0.486
0.484
0.485
0.484
0.483
0.484
0.484
0.482
0.483
0.481
0.479
0.481
0.480
0.481
0.483
0.483
0.485
0.485
0.483
0.483
0.482
0.480
0.479
0.477
0.476
0.474
0.473
0.472
0.472
0.474
0.473
0.472
0.474
0.473
0.474
0.474
0.475
0.474
0.476
0.475
0.475
0.474
0.474
0.476
0.475
0.476
0.475
0.477
0.476
0.475
0.474
0.473
0.474
0.472
0.472
0.471
0.470
0.469
0.469
0.470
0.470
0.469
0.470
0.472
0.472
0.473
0.472
0.472
0.472
0.471
0.473
0.472
0.472
0.472
0.472
0.472
0.471
0.473
0.472
0.472
0.472
0.472
0.471
0.471
0.471
0.470
0.469
0.468
0.468
0.467
0.467
0.466
0.466
0.468
0.467
0.468
0.467
0.467
0.467
0.468
0.468
0.470
0.471
0.472
0.472
0.473
0.473
0.474
0.473
0.473
0.473
0.472
0.471
0.472
0.472
0.473
0.472
0.472
0.472
0.471
0.472
0.472
0.472
0.473
0.472
0.473
0.473
0.474
0.473
0.473
0.473
0.473
0.473
0.472
0.471
0.471
0.470
0.471
0.470
0.471
0.470
0.471
0.471
0.471
0.471
0.471
0.471
0.472
0.471
0.472
0.472
0.473
0.474
0.475
0.475
0.476
0.476
0.476
0.477
0.477
0.478
0.478
0.479
0.479
0.479
0.479
0.479
0.478
0.478
0.479
0.478
0.479
0.479
0.479
0.480
0.480
0.481
0.480
0.480
0.479
0.479
0.478
0.478
0.477
0.477
0.478
0.478
0.477
0.477
0.478
0.478
0.479
0.479
0.479
0.479
0.479
0.479
0.479
0.478
0.478
0.477
0.478
0.479
0.479
0.480
0.480
0.481
0.481
0.482
0.482
0.483
0.482
0.482
0.482
0.482
0.483
0.483
0.483
0.483
0.484
0.483
0.484
0.484
0.484
0.485
0.485
0.486
0.485
0.485
0.485
0.485
0.485
0.485
0.485
0.485
0.485
0.486
0.486
0.487
0.486
0.486
0.487
0.487
0.487
0.488
0.488
0.488
0.488
0.488
0.487
0.487
0.487
0.487
0.487
0.487
0.487
0.487
0.487
0.486
0.486
0.486
0.486
0.486
0.485
0.486
0.486
0.486
0.487
0.486
0.487
0.487
0.487
0.488
0.488
0.488
0.488
0.489
0.489
0.489
0.490
0.490
0.491
0.490
0.491
0.491
0.490
0.491
0.490
0.491
0.491
0.490
0.490
0.490
0.489
0.489
0.489
0.488
0.488
0.488
0.488
0.488
0.488
0.487
0.487
0.487
0.487
0.487
0.487
0.486
0.486
0.486
0.486
0.486
0.486
0.486
0.486
0.485
0.486
0.486
0.486
0.487
0.487
0.487
0.486
0.486
0.485
0.485
0.486
0.486
0.486
0.486
0.487
0.486
0.486
0.487
0.487
0.487
0.487
0.487
0.487
0.487
0.487
0.488
0.488
0.488
0.488
0.488
0.488