Precisão média por imagem
0.267
0.206
0.153
0.135
0.126
0.123
0.175
0.222
0.212
0.270
0.259
0.251
0.240
0.277
0.274
0.281
0.269
0.270
0.270
0.301
0.331
0.332
0.338
0.332
0.335
0.326
0.318
0.316
0.316
0.335
0.347
0.349
0.342
0.340
0.348
0.348
0.359
0.353
0.352
0.348
0.343
0.350
0.349
0.347
0.342
0.340
0.336
0.333
0.335
0.339
0.335
0.331
0.336
0.338
0.334
0.329
0.335
0.342
0.338
0.345
0.349
0.347
0.343
0.339
0.336
0.337
0.339
0.335
0.331
0.338
0.343
0.340
0.345
0.341
0.340
0.341
0.341
0.337
0.337
0.334
0.332
0.332
0.330
0.333
0.336
0.335
0.334
0.332
0.330
0.328
0.334
0.335
0.339
0.337
0.334
0.333
0.332
0.337
0.335
0.334
0.333
0.332
0.329
0.329
0.327
0.328
0.326
0.329
0.326
0.324
0.329
0.328
0.326
0.327
0.325
0.323
0.326
0.331
0.330
0.329
0.328
0.327
0.331
0.330
0.329
0.328
0.331
0.331
0.329
0.327
0.332
0.335
0.333
0.335
0.333
0.333
0.337
0.336
0.334
0.333
0.332
0.334
0.336
0.335
0.333
0.333
0.333
0.334
0.333
0.335
0.333
0.333
0.334
0.333
0.332
0.332
0.332
0.333
0.332
0.331
0.333
0.331
0.330
0.329
0.328
0.329
0.328
0.327
0.325
0.326
0.325
0.324
0.328
0.327
0.327
0.327
0.326
0.325
0.327
0.328
0.328
0.328
0.327
0.326
0.325
0.324
0.324
0.324
0.326
0.324
0.325
0.324
0.324
0.324
0.323
0.324
0.323
0.322
0.323
0.323
0.323
0.322
0.321
0.323
0.322
0.323
0.322
0.323
0.322
0.320
0.322
0.322
0.321
0.320
0.320
0.321
0.321
0.322
0.321
0.320
0.322
0.321
0.321
0.322
0.321
0.320
0.319
0.319
0.319
0.318
0.317
0.317
0.318
0.317
0.316
0.315
0.318
0.320
0.320
0.320
0.320
0.319
0.318
0.318
0.318
0.318
0.318
0.317
0.319
0.319
0.318
0.318
0.318
0.318
0.319
0.318
0.320
0.320
0.320
0.319
0.321
0.320
0.319
0.320
0.320
0.321
0.322
0.322
0.323
0.326
0.325
0.325
0.326
0.325
0.324
0.325
0.326
0.325
0.326
0.327
0.327
0.327
0.327
0.327
0.326
0.326
0.325
0.325
0.324
0.324
0.323
0.323
0.323
0.322
0.322
0.321
0.321
0.321
0.320
0.320
0.320
0.320
0.319
0.319
0.319
0.319
0.318
0.320
0.319
0.319
0.319
0.319
0.319
0.319
0.319
0.319
0.319
0.319
0.318
0.318
0.318
0.318
0.317
0.317
0.316
0.316
0.316
0.316
0.316
0.316
0.315
0.315
0.315
0.316
0.316
0.316
0.315
0.315
0.316
0.315
0.315
0.314
0.314
0.315
0.315
0.314
0.314
0.314
0.314
0.314
0.314
0.314
0.314
0.314
0.314
0.314
0.313
0.313
0.314
0.313
0.313
0.313
0.312
0.312
0.311
0.312
0.312
0.313
0.312
0.312
0.312
0.313
0.313
0.313
0.313
0.312
0.312
0.312
0.312
0.312
0.311
0.311
0.312
0.312
0.311
0.311
0.311
0.311
0.311
0.310
0.310
0.310
0.310
0.310
0.309
0.309
0.310
0.311
0.311
0.310
0.310
0.310
0.309
0.310
0.310
0.310
0.310
0.310
0.310
0.310
0.310
0.310
0.310
0.310
0.310
0.310
0.310
0.309
0.309
0.309
0.309
0.310
0.309
0.309
0.310
0.310
0.309
0.309
0.309
0.308
0.308
0.308
0.308
0.308
0.309
0.309
0.310
0.309
0.309
0.309
0.309
0.309
0.309
0.309
0.309
0.308
0.308
0.308
0.307
0.307
0.307
0.306
0.307
0.307
0.307
0.307
0.307
0.307
0.306
0.306
0.306
0.306
0.306
0.307
0.307
0.308
0.307
0.308
0.307
0.307
0.307
0.307
0.307
0.306
0.307
0.307
0.307
0.307
0.307
0.307
0.306
0.306
0.306
0.306
0.307
0.307
0.306
0.306
0.306
0.305
0.306
0.306
0.305
0.305
0.306
0.305
0.305
0.305
0.306
0.306
0.306
0.306
0.306
0.306
0.306
0.306
0.306
0.306
0.306
0.305
0.305
0.305
0.305
0.305
0.305
0.305
0.305
0.305
0.306
0.305
0.305
0.305
0.305
0.305
0.305
0.305
0.305
0.305
0.305
0.305
0.305
0.304
0.304
0.304
0.304
0.304
0.304
0.304
0.304
0.304
0.304
0.304
0.304
0.304
0.304
0.303
0.303
0.303
0.303
0.303
0.303
0.303
0.302
0.302
0.302
0.303
0.302
0.303
0.303
0.303
0.303
0.302
0.302
0.303
0.302
0.302
0.302
0.302
0.302
0.302
0.302
0.302
0.302
0.302
0.302
0.302
0.302
0.302
0.302
0.302
0.302
0.302
0.302
0.302
0.302
0.302
0.302
0.302
0.302
0.301
0.301
0.301
0.301
0.301
0.301
0.301
0.301
0.301
0.301
0.301
0.301
0.301
0.301
0.301
0.301
0.301
0.301
0.301
0.301
0.301
0.301
0.301
0.301
0.301
0.301
0.301
0.301
0.301
0.301
0.301
0.301
0.301
0.301
0.301
0.300
0.300
0.300
0.300
0.300
0.300
0.300
0.300
0.300
0.300
0.300
0.300
0.300
0.300
0.300
0.300
0.300
0.300
0.300
0.300
0.301
0.301
0.301
0.301
0.301
0.301
0.301
0.301
0.302
0.302
0.302
0.302
0.302
0.302
0.302
0.302
0.302
0.302
0.303
0.303
0.303
0.303
0.303
0.303
0.303
0.304
0.304
0.304
0.304
0.304
0.304
0.304
0.304
0.305
0.305
0.305
0.305
0.305
0.305
0.305
0.306
0.306
0.306
0.306
0.306
0.306
0.306
0.306
0.306
0.306
0.306
0.306
0.306
0.306
0.306
0.306
0.306
0.306
0.306
0.306
0.306
0.306
0.306
0.306
0.306
0.306
0.306
0.306
0.306
0.306
0.306
0.306
0.306
0.306
0.306
0.306
0.306
0.306
0.306
0.306
0.306
0.306
0.306
0.306
0.306
0.306
0.306
0.306
0.306
0.306
0.306
0.306
0.306
0.306
0.306
0.306
0.306
0.305
0.306
0.306
0.306
0.306
0.306
0.306
0.306
0.306
0.306
0.306
0.306
0.306
0.306
0.306
0.306
0.306
0.306
0.305
0.306
0.306
0.306
0.306
0.306
0.306
0.306
0.306
0.306
0.306
0.306
0.306
0.306
0.306
0.306
0.306
0.306
0.305
0.305
0.305
0.305
0.305
0.306
0.305
0.306
0.306
0.306
0.306
0.306
0.306
0.306
0.306
0.306
0.306
0.306
0.306
0.306
0.305
0.306
0.306
0.306
0.306
0.306
0.306
0.306
0.306
0.306
0.306
0.306
0.306
0.306
0.306
0.306
0.306
0.306
0.305
0.305
0.305
0.305
0.305
0.305
0.305
0.305
0.305
0.305
0.305
0.305
0.305
0.305
0.305
0.305
0.305
0.305
0.305
0.305
0.305
0.305
0.305
0.305
0.305
0.305
0.305
0.305
0.305
0.305
0.305
0.305
0.305
0.305
0.305
0.305
0.305
0.305
0.305
0.305
0.305
0.305
0.305
0.305
0.305
0.305
0.305
0.305
0.305
0.305
0.305
0.305
0.305
0.305
0.305
0.305
0.304
0.304
0.304
0.305
0.304
0.304
0.304
0.304
0.305
0.304
0.304
0.304
0.304
0.304
0.304
0.304
0.304
0.304
0.304
0.304
0.304
0.304
0.304
0.304
0.304
0.304
0.304
0.304
0.304
0.304
0.304
0.304
0.304
0.304
0.304
0.304
0.304
0.304
0.304
0.304
0.304
0.304
0.304
0.304
0.304
0.304
0.304
0.304
0.304
0.304
0.304
0.304
0.304
0.304
0.303
0.303
0.303
0.303
0.303
0.304
0.303
0.303
0.303
0.303
0.303
0.303
0.303
0.303
0.303
0.303
0.303
0.303
0.303
0.303
0.303
0.303
0.303
0.303
0.303
0.303
0.303
0.303
0.303
0.302
0.302
0.302
0.302
0.302
0.302
0.302
0.302
0.302
0.302
0.302
0.302
0.302
0.302
0.301
0.301
0.301
0.301
0.301
0.301
0.300
0.300
0.300
0.301
0.301
0.301
0.301
0.301
0.301
0.301
0.301
0.301
0.301
0.301
0.302
0.301
0.301
0.301
0.301
0.301
0.301
0.301
0.301
0.301
0.301
0.301
0.301
0.301
0.301
0.301
0.300
0.300
0.300
0.300
0.300
0.300
0.301
0.302
0.301
0.302
0.302
0.303
0.303
0.303
0.304
0.303
0.303
0.303
0.302
0.302
0.302
0.302
0.302
0.303
0.303
0.303
0.303
0.304
0.305
0.305
0.305
0.304
0.304
0.304
0.305
0.304
0.305
0.305
0.305
0.304
0.304
0.304
0.305
0.304
0.304
0.304
0.304
0.304
0.304
0.304
0.304
0.304
0.304
0.304
0.304
0.304
0.304
0.304
0.304
0.304
0.303
0.303
0.303
0.304
0.304
0.304
0.303
0.304
0.303
0.303
0.303
0.303
0.303
0.303
0.303
0.303
0.303
0.303
0.303
0.303
0.303
0.303
0.303
0.304
0.303
0.303
0.303
0.303
0.303
0.303
0.303
0.303
0.303
0.303
0.304
0.304
0.305
0.305
0.305
0.305
0.306
0.306
0.306
0.306
0.306
0.306
0.306
0.306
0.306
0.306
0.306
0.307
0.306
0.307
0.307
0.307
0.307
0.307
0.307
0.307
0.307
0.307
0.308
0.308
0.308
0.308
0.308
0.309
0.309
0.309
0.309
0.309
0.309
0.310
0.310
0.310
0.310
0.310
0.310
0.310
0.310
0.310
0.310
0.309
0.309
0.309
0.309
0.309
0.309
0.309
0.309
0.310
0.309
0.309
0.309
0.310
0.309
0.309
0.310
0.310
0.310
0.310
0.310
0.311
0.311
0.311
0.312
0.311
0.312
0.312
0.312
0.313
0.313
0.313
0.313
0.314
0.314
0.315
0.315
0.315
0.315
0.316
0.316
0.316
0.316
0.316
0.316
0.316
0.316
0.317
0.317
0.317
0.317
0.317
0.317
0.317
0.317
0.317
0.317
0.316
0.316
0.316
0.316
0.317
0.317
0.317
0.317
0.316
0.316
0.316
0.317
0.317
0.317
0.317
0.317
0.317
0.317
0.317
0.317
0.317
0.317
0.316
0.316
0.316
0.317
0.316
0.316
0.316
0.316
0.316
0.316
0.317
0.317
0.317
0.316
0.317
0.317
0.317
0.317
0.317
0.316
0.316
0.317
0.317
0.317
0.317
0.317
0.318
0.317
0.317
0.317
0.317
0.317
0.317
0.317
0.317
0.317
0.317
0.318
0.318
0.318
0.318
0.318
0.318
0.318
0.318
0.318
0.318
0.318
0.318
0.317
0.317
0.317
0.317
0.317
0.317
0.317
0.317
0.318
0.318
0.318
0.319
0.319
0.319
0.319
0.319
0.319
0.319
0.319
0.319
0.320
0.320
0.320
0.320
0.319
0.319
0.319
0.320
0.319
0.320
0.320
0.320
0.320
0.320
0.320
0.320
0.319
0.319
0.319
0.319
0.319
0.319
0.319
0.318
0.318
0.318
0.319
0.319
0.319
0.319
0.319
0.319
0.319
0.319
0.319
0.319
0.319
0.319
0.319
0.319
0.319
0.319
0.319
0.319
0.319
0.319
0.319
0.319
0.319
0.319
0.319
0.319
0.319
0.319
0.319
0.319
0.319
0.319
0.319
0.319
0.319
0.319
0.319
0.319
0.319
0.319
0.319
0.319
0.319
0.319
0.319
0.319
0.319
0.319
0.319
0.319
0.319
0.319
0.319
0.319
0.319
0.319
0.319
0.319
0.319
0.319
0.319
0.318
0.318
0.318
0.318
0.318
0.318
0.318
0.318
0.318
0.318
0.318
0.318
0.318
0.318
0.318
0.318
0.318
0.318
0.318
0.318
0.318
0.318
0.318
0.318
0.318
0.318
0.318
0.318
0.318
0.318
0.318
0.318
0.318
0.318
0.318
0.318
0.318
0.318
0.318
0.318
0.318
0.318
0.318
0.318
0.318
0.318
0.318
0.318
0.318
0.318
0.318
0.318
0.318
0.318
0.318
0.318
0.318
0.318
0.318
0.317
0.317
0.317
0.317
0.317
0.317
0.317
0.317
0.317
0.317
0.317
0.317
0.317
0.317
0.317
0.317
0.317
0.317
0.317
0.317
0.317
0.317
0.317
0.317
0.317
0.317
0.317
0.317
0.317
0.317
0.317
0.317
0.317
0.317
0.317
0.317
0.317
0.317
0.317
0.317
0.317
0.317
0.317
0.317
0.317
0.317
0.317
0.317
0.317
0.317
0.317
0.317
0.318
0.318
0.318
0.319
0.319
0.319
0.319
0.320
0.320
0.320
0.320
0.321
0.321
0.321
0.321
0.321
0.321
0.322
0.322
0.322
0.323
0.322
0.323
0.323
0.323
0.324
0.324
0.324
0.324
0.324
0.325
0.325
0.325
0.325
0.325
0.325
0.325
0.325
0.326
0.326
0.326
0.326
0.326
0.326
0.326
0.326
0.326
0.326
0.326
0.326
0.326
0.326
0.326
0.327
0.327
0.327
0.328
0.328
0.328
0.328
0.329
0.328
0.329
0.329
0.329
0.330
0.330
0.330
0.330
0.330
0.330
0.330
0.330
0.329
0.329
0.329
0.329
0.329
0.329
0.329
0.329
0.329
0.329
0.329
0.329
0.328
0.328
0.329
0.329
0.329
0.329
0.330
0.329
0.330
0.330
0.330
0.330
0.330
0.330
0.330
0.330
0.330
0.330
0.329
0.329
0.329
0.329
0.329
0.329
0.329
0.329
0.329
0.329
0.329
0.329
0.329
0.329
0.330
0.330
0.330
0.330
0.331
0.331
0.330
0.330
0.330
0.330
0.330
0.330
0.330
0.330
0.330
0.330
0.330
0.329
0.329
0.329
0.329
0.329
0.329
0.329
0.329
0.329
0.329
0.329
0.329
0.329
0.329
0.329
0.328
0.328
0.328
0.328
0.328
0.328
0.328
0.328
0.328
0.328
0.327
0.327
0.327
0.327
0.328
0.327
0.327
0.327
0.327
0.327
0.327
0.327
0.327
0.327
0.327
0.327
0.327
0.326
0.326
0.326
0.326
0.326
0.326
0.326
0.326
0.326
0.326
0.326
0.326
0.326
0.325
0.325
0.325
0.325
0.325
0.325
0.325
0.325
0.325
0.325
0.325
0.325
0.324
0.324
0.324
0.324
0.324
0.324
0.324
0.324
0.324
0.324
0.324
0.324
0.324
0.324
0.324
0.324
0.324
0.323
0.323
0.323
0.323
0.323
0.323
0.323
0.323
0.323
0.323
0.323
0.323
0.323
0.323
0.323
0.323
0.323
0.323
0.323
0.323
0.322
0.322
0.322
0.322
0.322
0.322
0.322
0.322
0.322
0.322
0.322
0.322
0.322
0.322
0.322
0.322
0.322
0.322
0.322
0.322
0.322
0.322
0.322
0.322
0.322
0.321
0.321
0.321
0.321
0.321
0.321
0.321
0.321
0.321
0.321
0.321
0.321
0.321
0.321
0.321
0.321
0.321
0.321
0.321
0.321
0.321
0.321
0.321
0.321
0.321
0.321
0.321
0.321
0.321
0.320
0.320
0.320
0.320
0.320
0.320
0.320
0.320
0.320
0.320
0.320
0.320
0.320
0.320
0.320
0.320
0.320
0.320
0.320
0.320
0.320
0.320
0.320
0.320
0.320
0.320
0.320
0.320
0.319
0.319
0.319
0.319
0.319
0.319
0.319
0.319
0.319
0.319
0.319
0.319
0.319
0.319
0.319
0.319
0.319
0.319
0.319
0.319
0.319
0.319
0.319
0.319
0.319
0.319
0.319
0.319
0.319
0.318
0.318
0.318
0.318
0.318
0.318
0.318
0.318
0.318
0.318
0.318
0.318
0.318
0.318
0.318
0.318
0.318
0.318
0.318
0.318
0.318
0.318
0.318
0.318
0.318
0.318
0.317
0.317
0.317
0.317
0.317
0.317
0.317
0.317
0.317
0.317
0.317
0.317
0.317
0.317
0.317
0.317
0.317
0.317
0.317
0.317
0.317
0.317
0.317
0.317
0.317
0.317
0.317
0.317
0.317
0.317
0.317
0.317
0.317
0.316
0.316
0.316
0.316
0.316
0.316
0.316
0.316
0.316
0.316
0.316
0.316
0.316
0.317
0.316
0.316
0.316
0.316
0.316
0.316
0.317
0.317
0.317
0.316
0.317
0.317
0.317
0.317
0.316
0.316
0.316
0.316
0.316
0.316
0.316
0.316
0.316
0.316
0.316
0.316
0.316
0.316
0.316
0.317
0.317
0.316
0.316
0.316
0.316
0.316
0.316
0.316
0.316
0.316
0.316
0.316
0.316
0.316
0.316
0.316
0.316
0.316
0.316
0.316
0.316
0.316
0.316
0.316
0.316
0.316
0.316
0.316
0.316
0.316
0.316
0.316
0.316
0.316
0.316
0.316
0.316
0.316
0.316
0.316
0.316
0.316
0.316
0.316
0.316
0.316
0.316
0.316
0.316
0.316
0.316
0.316
0.316
0.316
0.316
0.316
0.316
0.316
0.316
0.316
0.316
0.316
0.316
0.316
0.316
0.316
0.316
0.316
0.316
0.316
0.315
0.316
0.315
0.315
0.315
0.315
0.315
0.315
0.315
0.315
0.315
0.315
0.315
0.315
0.315
0.315
0.315
0.315
0.315
0.315
0.315
0.315
0.315
0.315
0.315
0.315
0.315
0.315
0.315
0.315
0.315
0.315
0.315
0.315
0.315
0.315
0.315
0.315
0.315
0.315
0.315
0.315
0.315
0.315
0.315
0.315
0.315
0.315
0.315
0.316
0.316
0.316
0.316
0.316
0.316
0.316
0.316
0.316
0.316
0.316
0.316
0.316
0.316
0.316
0.316
0.316
0.316
0.316
0.316
0.316
0.316
0.316
0.317
0.317
0.317
0.317
0.317
0.317
0.317
0.317
0.317
0.317
0.317
0.317
0.317
0.317
0.317
0.317
0.317
0.317
0.317
0.317
0.317
0.317
0.317
0.317
0.317
0.317
0.317
0.317
0.317
0.317
0.317
0.317
0.317
0.318
0.318
0.318
0.318
0.317
0.317
0.317
0.317
0.317
0.318
0.318
0.318
0.318
0.318
0.318
0.318
0.318
0.318
0.318
0.318
0.318
0.318
0.318
0.318
0.318
0.318
0.318
0.318
0.318
0.318
0.318
0.318
0.318
0.318
0.318
0.318
0.318
0.318
0.318
0.318
0.318
0.319
0.319
0.319
0.319
0.319
0.318
0.318
0.318
0.319
0.318
0.318
0.318
0.318
0.318
0.318
0.318
0.318
0.318
0.318
0.319
0.319
0.318
0.319
0.319
0.319
0.319
0.319
0.319
0.319
0.319
0.319
0.319
0.319
0.319
0.319
0.319
0.319
0.319
0.319
0.319
0.319
0.319
0.319
0.319
0.319
0.319
0.319
0.319
0.319
0.319
0.319
0.319
0.319
0.319
0.319
0.319
0.319
0.319
0.319
0.319
0.319
0.319
0.319
0.319
0.319
0.319
0.319
0.319
0.319
0.319
0.319
0.319
0.319
0.319
0.319
0.319
0.319