Precisão média por imagem
0.401
0.434
0.430
0.438
0.433
0.440
0.453
0.448
0.449
0.454
0.443
0.433
0.423
0.414
0.405
0.398
0.395
0.390
0.394
0.403
0.399
0.393
0.389
0.387
0.385
0.384
0.380
0.376
0.373
0.370
0.368
0.367
0.372
0.378
0.376
0.373
0.370
0.367
0.366
0.363
0.359
0.362
0.359
0.358
0.359
0.356
0.353
0.352
0.351
0.354
0.355
0.352
0.355
0.356
0.359
0.360
0.358
0.357
0.356
0.355
0.360
0.364
0.367
0.367
0.365
0.369
0.371
0.370
0.373
0.373
0.373
0.374
0.372
0.371
0.373
0.376
0.374
0.373
0.372
0.372
0.372
0.371
0.371
0.371
0.370
0.370
0.369
0.369
0.368
0.367
0.367
0.367
0.365
0.364
0.364
0.365
0.364
0.363
0.365
0.367
0.367
0.365
0.367
0.369
0.367
0.367
0.366
0.365
0.367
0.367
0.366
0.365
0.364
0.363
0.364
0.366
0.364
0.363
0.364
0.364
0.364
0.363
0.364
0.365
0.365
0.364
0.364
0.363
0.363
0.364
0.365
0.366
0.367
0.366
0.365
0.364
0.365
0.366
0.365
0.367
0.367
0.368
0.370
0.370
0.371
0.371
0.370
0.369
0.370
0.370
0.372
0.372
0.371
0.370
0.369
0.369
0.370
0.371
0.370
0.369
0.368
0.368
0.368
0.367
0.367
0.366
0.366
0.365
0.365
0.366
0.366
0.367
0.367
0.368
0.369
0.370
0.371
0.371
0.371
0.371
0.372
0.372
0.371
0.371
0.370
0.369
0.369
0.370
0.370
0.371
0.371
0.372
0.372
0.371
0.370
0.370
0.370
0.371
0.373
0.373
0.373
0.372
0.372
0.371
0.371
0.370
0.370
0.369
0.369
0.369
0.370
0.370
0.370
0.370
0.369
0.368
0.368
0.369
0.369
0.370
0.370
0.370
0.371
0.371
0.372
0.372
0.373
0.373
0.374
0.373
0.373
0.373
0.372
0.372
0.372
0.371
0.371
0.371
0.371
0.371
0.370
0.370
0.369
0.370
0.369
0.369
0.369
0.368
0.368
0.368
0.368
0.368
0.368
0.368
0.368
0.368
0.368
0.367
0.367
0.367
0.367
0.366
0.366
0.366
0.366
0.366
0.365
0.365
0.365
0.364
0.364
0.363
0.364
0.364
0.364
0.363
0.364
0.365
0.366
0.366
0.366
0.365
0.366
0.366
0.367
0.367
0.367
0.366
0.366
0.366
0.366
0.365
0.365
0.366
0.367
0.367
0.367
0.366
0.366
0.366
0.367
0.367
0.367
0.368
0.368
0.369
0.370
0.370
0.370
0.371
0.371
0.371
0.371
0.371
0.370
0.370
0.370
0.370
0.370
0.370
0.371
0.372
0.372
0.372
0.373
0.373
0.373
0.373
0.372
0.372
0.372
0.372
0.372
0.372
0.372
0.372
0.372
0.371
0.371
0.372
0.371
0.372
0.371
0.371
0.372
0.372
0.372
0.373
0.373
0.373
0.372
0.372
0.372
0.373
0.373
0.373
0.373
0.373
0.374
0.373
0.374
0.374
0.374
0.374
0.374
0.374
0.374
0.374
0.374
0.373
0.374
0.374
0.374
0.373
0.373
0.373
0.373
0.373
0.372
0.372
0.372
0.373
0.372
0.372
0.372
0.372
0.372
0.372
0.372
0.372
0.372
0.372
0.372
0.373
0.372
0.372
0.372
0.371
0.372
0.372
0.372
0.372
0.372
0.373
0.373
0.373
0.373
0.372
0.372
0.373
0.373
0.373
0.372
0.372
0.372
0.371
0.371
0.371
0.372
0.372
0.372
0.372
0.372
0.372
0.372
0.372
0.372
0.372
0.372
0.371
0.371
0.371
0.371
0.371
0.371
0.370
0.370
0.370
0.370
0.370
0.369
0.369
0.369
0.369
0.369
0.370
0.370
0.370
0.370
0.370
0.370
0.370
0.371
0.371
0.371
0.371
0.370
0.370
0.370
0.370
0.370
0.370
0.370
0.370
0.370
0.370
0.370
0.370
0.369
0.369
0.369
0.369
0.369
0.368
0.368
0.368
0.368
0.368
0.368
0.368
0.368
0.368
0.369
0.369
0.368
0.368
0.368
0.368
0.368
0.368
0.368
0.368
0.368
0.368
0.368
0.369
0.369
0.369
0.368
0.368
0.368
0.368
0.368
0.368
0.368
0.369
0.369
0.369
0.368
0.368
0.369
0.369
0.369
0.370
0.369
0.369
0.369
0.370
0.370
0.369
0.369
0.369
0.369
0.369
0.368
0.368
0.369
0.368
0.368
0.368
0.368
0.368
0.368
0.368
0.368
0.368
0.368
0.368
0.368
0.368
0.368
0.368
0.368
0.368
0.368
0.368
0.368
0.367
0.367
0.367
0.367
0.367
0.367
0.367
0.367
0.366
0.366
0.366
0.366
0.366
0.366
0.365
0.365
0.365
0.365
0.365
0.365
0.365
0.365
0.365
0.365
0.365
0.365
0.365
0.365
0.365
0.365
0.365
0.365
0.365
0.365
0.365
0.365
0.365
0.365
0.365
0.364
0.364
0.364
0.364
0.364
0.365
0.365
0.365
0.365
0.365
0.365
0.365
0.365
0.365
0.365
0.365
0.366
0.366
0.366
0.366
0.366
0.366
0.366
0.365
0.366
0.366
0.366
0.366
0.366
0.366
0.366
0.366
0.366
0.366
0.366
0.366
0.366
0.366
0.366
0.366
0.367
0.366
0.366
0.366
0.366
0.366
0.366
0.366
0.367
0.366
0.366
0.366
0.366
0.366
0.366
0.365
0.365
0.365
0.365
0.365
0.365
0.366
0.365
0.365
0.365
0.365
0.365
0.365
0.365
0.365
0.366
0.365
0.365
0.365
0.365
0.365
0.365
0.365
0.364
0.364
0.364
0.364
0.364
0.364
0.364
0.364
0.364
0.364
0.365
0.365
0.365
0.365
0.364
0.364
0.364
0.364
0.364
0.364
0.364
0.363
0.363
0.363
0.363
0.363
0.363
0.363
0.363
0.363
0.363
0.363
0.362
0.362
0.362
0.362
0.362
0.362
0.362
0.362
0.362
0.361
0.361
0.362
0.362
0.362
0.362
0.362
0.362
0.362
0.362
0.362
0.362
0.362
0.362
0.361
0.361
0.361
0.362
0.362
0.362
0.362
0.362
0.361
0.362
0.362
0.362
0.362
0.362
0.362
0.362
0.362
0.362
0.362
0.362
0.362
0.362
0.361
0.362
0.361
0.362
0.361
0.362
0.362
0.362
0.362
0.362
0.362
0.362
0.362
0.362
0.362
0.362
0.362
0.363
0.363
0.363
0.363
0.363
0.364
0.364
0.363
0.363
0.363
0.364
0.364
0.364
0.364
0.364
0.364
0.364
0.364
0.364
0.364
0.364
0.364
0.364
0.364
0.364
0.364
0.364
0.364
0.364
0.364
0.364
0.364
0.364
0.364
0.364
0.364
0.364
0.363
0.363
0.363
0.363
0.363
0.363
0.364
0.364
0.364
0.364
0.364
0.364
0.365
0.365
0.365
0.365
0.365
0.365
0.365
0.365
0.365
0.364
0.364
0.364
0.364
0.364
0.364
0.364
0.365
0.365
0.365
0.365
0.365
0.365
0.365
0.364
0.364
0.364
0.364
0.364
0.364
0.364
0.364
0.364
0.364
0.364
0.364
0.364
0.364
0.365
0.365
0.365
0.365
0.365
0.365
0.364
0.364
0.364
0.364
0.365
0.365
0.365
0.365
0.365
0.365
0.364
0.364
0.364
0.364
0.364
0.364
0.364
0.364
0.364
0.364
0.364
0.364
0.364
0.364
0.364
0.363
0.364
0.364
0.364
0.363
0.363
0.363
0.363
0.363
0.363
0.363
0.363
0.363
0.363
0.363
0.363
0.363
0.363
0.363
0.363
0.363
0.363
0.363
0.363
0.363
0.363
0.362
0.362
0.363
0.363
0.363
0.363
0.363
0.363
0.363
0.363
0.363
0.363
0.363
0.363
0.363
0.363
0.363
0.363
0.363
0.363
0.363
0.363
0.363
0.363
0.363
0.363
0.363
0.363
0.363
0.363
0.363
0.363
0.363
0.363
0.363
0.363
0.363
0.363
0.363
0.363
0.364
0.364
0.364
0.364
0.364
0.364
0.364
0.364
0.364
0.364
0.364
0.364
0.363
0.363
0.364
0.364
0.364
0.364
0.364
0.364
0.364
0.364
0.364
0.364
0.364
0.364
0.364
0.364
0.364
0.364
0.364
0.364
0.364
0.364
0.364
0.364
0.364
0.363
0.363
0.363
0.363
0.363
0.363
0.363
0.363
0.363
0.363
0.363
0.363
0.363
0.363
0.363
0.364
0.364
0.363
0.363
0.363
0.363
0.363
0.363
0.363
0.363
0.363
0.363
0.363
0.363
0.363
0.363
0.363
0.364
0.364
0.364
0.364
0.364
0.364
0.364
0.364
0.364
0.364
0.364
0.364
0.364
0.364
0.364
0.364
0.364
0.363
0.363
0.363
0.363
0.363
0.363
0.363
0.363
0.363
0.363
0.363
0.363
0.363
0.363
0.363
0.363
0.363
0.363
0.363
0.363
0.363
0.363
0.363
0.363
0.363
0.363
0.363
0.363
0.363
0.363
0.363
0.363
0.363
0.363
0.363
0.363
0.363
0.363
0.363
0.363
0.363
0.363
0.363
0.363
0.363
0.363
0.363
0.363
0.362
0.362
0.363
0.363
0.363
0.363
0.363
0.363
0.363
0.363
0.363
0.363
0.363
0.363
0.363
0.363
0.364
0.364
0.364
0.364
0.364
0.364
0.364
0.364
0.364
0.364
0.364
0.364
0.364
0.364
0.364
0.364
0.364
0.364
0.364
0.364
0.365
0.365
0.365
0.365
0.365
0.365
0.365
0.365
0.365
0.365
0.364
0.364
0.364
0.364
0.365
0.365
0.365
0.365
0.365
0.365
0.365
0.364
0.364
0.364
0.364
0.364
0.364
0.364
0.364
0.364
0.364
0.364
0.364
0.364
0.364
0.364
0.364
0.364
0.364
0.364
0.364
0.364
0.364
0.364
0.364
0.364
0.364
0.364
0.364
0.364
0.364
0.364
0.364
0.364
0.363
0.363
0.363
0.363
0.363
0.363
0.363
0.363
0.363
0.363
0.363
0.364
0.364
0.363
0.363
0.363
0.363
0.363
0.364
0.363
0.363
0.363
0.363
0.363
0.363
0.363
0.363
0.363
0.363
0.363
0.363
0.363
0.363
0.363
0.363
0.363
0.363
0.363
0.363
0.363
0.363
0.363
0.363
0.363
0.363
0.363
0.363
0.363
0.363
0.363
0.363
0.362
0.363
0.363
0.363
0.362
0.363
0.363
0.363
0.363
0.363
0.362
0.362
0.362
0.362
0.362
0.362
0.362
0.362
0.362
0.362
0.362
0.362
0.362
0.362
0.362
0.362
0.362
0.362
0.362
0.362
0.362
0.362
0.362
0.363
0.363
0.363
0.363
0.363
0.363
0.363
0.362
0.362
0.362
0.362
0.362
0.362
0.362
0.362
0.362
0.362
0.362
0.362
0.362
0.362
0.362
0.362
0.363
0.362
0.362
0.362
0.362
0.362
0.362
0.362
0.363
0.363
0.363
0.362
0.363
0.363
0.363
0.363
0.363
0.363
0.363
0.363
0.363
0.363
0.362
0.362
0.363
0.363
0.363
0.363
0.363
0.363
0.363
0.363
0.362
0.362
0.362
0.362
0.362
0.362
0.362
0.362
0.362
0.362
0.362
0.362
0.362
0.361