Precisão média por imagem
0.524
0.540
0.513
0.511
0.513
0.507
0.506
0.500
0.513
0.515
0.525
0.534
0.534
0.541
0.537
0.529
0.530
0.531
0.529
0.530
0.524
0.519
0.514
0.509
0.511
0.511
0.515
0.514
0.518
0.522
0.521
0.519
0.516
0.512
0.509
0.507
0.504
0.505
0.506
0.505
0.505
0.506
0.507
0.505
0.508
0.510
0.512
0.514
0.516
0.517
0.518
0.516
0.514
0.514
0.515
0.517
0.519
0.519
0.519
0.519
0.520
0.522
0.521
0.521
0.522
0.522
0.521
0.519
0.518
0.516
0.515
0.514
0.515
0.516
0.515
0.515
0.515
0.514
0.514
0.516
0.517
0.518
0.519
0.519
0.520
0.521
0.522
0.522
0.522
0.523
0.523
0.524
0.525
0.525
0.525
0.526
0.525
0.524
0.524
0.524
0.525
0.526
0.527
0.527
0.528
0.529
0.528
0.528
0.527
0.526
0.527
0.528
0.527
0.527
0.526
0.526
0.525
0.525
0.524
0.524
0.524
0.525
0.526
0.526
0.525
0.525
0.526
0.526
0.525
0.524
0.524
0.524
0.525
0.526
0.525
0.525
0.524
0.525
0.525
0.525
0.525
0.525
0.524
0.523
0.522
0.522
0.523
0.522
0.522
0.521
0.522
0.523
0.523
0.524
0.524
0.524
0.525
0.525
0.524
0.524
0.524
0.524
0.524
0.525
0.525
0.525
0.525
0.524
0.525
0.525
0.525
0.524
0.524
0.524
0.524
0.524
0.525
0.525
0.525
0.524
0.524
0.524
0.524
0.523
0.523
0.522
0.522
0.522
0.523
0.523
0.523
0.522
0.522
0.521
0.522
0.522
0.522
0.522
0.523
0.523
0.524
0.524
0.524
0.525
0.525
0.525
0.525
0.525
0.525
0.524
0.524
0.523
0.523
0.523
0.524
0.524
0.524
0.524
0.524
0.524
0.524
0.524
0.524
0.524
0.524
0.524
0.524
0.524
0.525
0.525
0.525
0.526
0.526
0.526
0.526
0.526
0.527
0.527
0.527
0.527
0.528
0.527
0.527
0.527
0.527
0.527
0.526
0.526
0.526
0.526
0.525
0.526
0.526
0.526
0.526
0.526
0.526
0.526
0.526
0.527
0.527
0.526
0.526
0.526
0.526
0.526
0.526
0.526
0.526
0.526
0.526
0.526
0.525
0.525
0.525
0.525
0.526
0.526
0.526
0.526
0.525
0.525
0.525
0.525
0.525
0.525
0.526
0.525
0.525
0.525
0.525
0.525
0.525
0.525
0.525
0.525
0.525
0.525
0.525
0.525
0.526
0.526
0.526
0.526
0.526
0.526
0.526
0.526
0.526
0.526
0.526
0.525
0.525
0.525
0.525
0.525
0.525
0.525
0.525
0.525
0.525
0.525
0.525
0.525
0.525
0.525
0.525
0.525
0.525
0.525
0.525
0.525
0.526
0.526
0.526
0.526
0.526
0.526
0.526
0.526
0.526
0.526
0.526
0.526
0.526
0.527
0.527
0.527
0.527
0.527
0.528
0.528
0.528
0.528
0.528
0.528
0.528
0.528
0.528
0.528
0.528
0.528
0.529
0.529
0.529
0.529
0.529
0.529
0.529
0.529
0.529
0.529
0.529
0.529
0.529
0.530
0.530
0.530
0.530
0.530
0.530
0.530
0.530
0.530
0.529
0.529
0.529
0.529
0.529
0.530
0.530
0.529
0.529
0.529
0.529
0.529
0.529
0.529
0.529
0.529
0.528
0.528
0.528
0.529
0.529
0.528
0.528
0.528
0.528
0.527
0.527
0.527
0.527
0.527
0.527
0.526
0.526
0.526
0.527
0.527
0.527
0.526
0.527
0.526
0.526
0.526
0.526
0.525
0.525
0.526
0.526
0.526
0.526
0.526
0.526
0.526
0.526
0.526
0.527
0.527
0.527
0.526
0.526
0.527
0.527
0.527
0.526
0.526
0.526
0.526
0.526
0.526
0.526
0.526
0.526
0.526
0.526
0.525
0.526
0.526
0.526
0.526
0.526
0.526
0.526
0.526
0.527
0.526
0.526
0.526
0.526
0.526
0.526
0.527
0.527
0.527
0.527
0.527
0.527
0.527
0.527
0.526
0.526
0.526
0.527
0.526
0.526
0.526
0.526
0.526
0.526
0.527
0.527
0.527
0.527
0.527
0.527
0.527
0.527
0.527
0.527
0.527
0.526
0.526
0.526
0.526
0.526
0.526
0.526
0.526
0.526
0.526
0.526
0.526
0.526
0.525
0.526
0.526
0.525
0.525
0.525
0.525
0.525
0.526
0.526
0.526
0.525
0.525
0.526
0.526
0.525
0.526
0.526
0.526
0.526
0.526
0.526
0.526
0.526
0.526
0.526
0.526
0.526
0.526
0.526
0.526
0.526
0.526
0.526
0.526
0.526
0.526
0.527
0.527
0.527
0.527
0.527
0.527
0.527
0.527
0.527
0.527
0.527
0.527
0.527
0.527
0.527
0.527
0.527
0.527
0.527
0.527
0.526
0.526
0.526
0.526
0.526
0.526
0.526
0.526
0.526
0.526
0.526
0.526
0.526
0.526
0.526
0.526
0.526
0.527
0.527
0.527
0.527
0.526
0.526
0.526
0.526
0.526
0.526
0.526
0.526
0.525
0.525
0.526
0.526
0.526
0.526
0.526
0.526
0.525
0.525
0.525
0.525
0.525
0.525
0.525
0.525
0.525
0.525
0.525
0.525
0.525
0.524
0.525
0.525
0.525
0.524
0.524
0.524
0.524
0.524
0.524
0.524
0.524
0.524
0.523
0.523
0.523
0.523
0.523
0.523
0.522
0.522
0.522
0.522
0.522
0.522
0.522
0.523
0.523
0.523
0.523
0.522
0.522
0.522
0.522
0.522
0.522
0.522
0.522
0.522
0.522
0.522
0.523
0.522
0.523
0.523
0.523
0.522
0.522
0.522
0.522
0.523
0.523
0.523
0.522
0.522
0.522
0.523
0.523
0.523
0.523
0.523
0.522
0.522
0.522
0.522
0.523
0.523
0.523
0.523
0.523
0.523
0.523
0.522
0.522
0.522
0.522
0.522
0.522
0.522
0.522
0.522
0.522
0.522
0.522
0.522
0.522
0.522
0.522
0.522
0.522
0.522
0.522
0.522
0.522
0.522
0.522
0.522
0.522
0.523
0.523
0.523
0.522
0.523
0.523
0.523
0.523
0.523
0.523
0.523
0.523
0.523
0.523
0.523
0.523
0.523
0.523
0.523
0.523
0.522
0.523
0.522
0.522
0.522
0.522
0.522
0.522
0.522
0.522
0.522
0.522
0.522
0.522
0.521
0.521
0.521
0.521
0.521
0.521
0.521
0.521
0.521
0.521
0.521
0.521
0.521
0.521
0.521
0.522
0.522
0.522
0.522
0.522
0.522
0.522
0.522
0.522
0.522
0.522
0.522
0.522
0.522
0.522
0.522
0.522
0.522
0.522
0.522
0.522
0.522
0.522
0.522
0.522
0.522
0.522
0.522
0.522
0.522
0.522
0.522
0.522
0.522
0.522
0.523
0.523
0.523
0.522
0.522
0.522
0.523
0.523
0.522
0.523
0.523
0.523
0.522
0.522
0.523
0.523
0.523
0.523
0.523
0.523
0.523
0.523
0.523
0.523
0.523
0.523
0.523
0.523
0.523
0.523
0.523
0.523
0.523
0.523
0.523
0.523
0.523
0.523
0.523
0.523
0.523
0.523
0.523
0.523
0.523
0.523
0.523
0.523
0.523
0.523
0.523
0.523
0.523
0.522
0.523
0.522
0.522
0.522
0.522
0.522
0.522
0.523
0.522
0.523
0.523
0.522
0.522
0.522
0.522
0.522
0.522
0.522
0.522
0.522
0.522
0.522
0.522
0.522
0.522
0.522
0.522
0.522
0.522
0.523
0.523
0.523
0.523
0.523
0.523
0.523
0.523
0.523
0.523
0.523
0.523
0.523
0.523
0.523
0.523
0.523
0.524
0.524
0.524
0.524
0.524
0.524
0.524
0.524
0.524
0.524
0.524
0.524
0.524
0.524
0.524
0.523
0.523
0.524
0.523
0.523
0.523
0.523
0.523
0.523
0.523
0.523
0.523
0.523
0.523
0.523
0.524
0.524
0.524
0.523
0.523
0.523
0.523
0.523
0.523
0.523
0.523
0.523
0.523
0.523
0.523
0.523
0.523
0.523
0.523
0.523
0.523
0.523
0.523
0.523
0.523
0.523
0.523
0.523
0.522
0.522
0.522
0.522
0.522
0.522
0.522
0.522
0.522
0.522
0.523
0.522
0.522
0.522
0.522
0.522
0.522
0.522
0.522
0.522
0.522
0.522
0.522
0.522
0.522
0.522
0.522
0.522
0.522
0.522
0.522
0.522
0.522
0.522
0.522
0.522
0.522
0.522
0.522
0.522
0.522
0.522
0.522
0.522
0.522
0.522
0.522
0.522
0.522
0.522
0.522
0.522
0.522
0.522
0.522
0.522
0.522
0.522
0.522
0.522
0.522
0.522
0.522
0.522
0.522
0.522
0.522
0.522
0.522
0.522
0.522
0.522
0.522
0.522
0.522
0.522
0.522
0.522
0.522
0.522
0.522
0.522
0.522
0.522
0.522
0.522
0.522
0.522
0.522
0.522
0.522
0.522
0.522
0.522
0.522
0.522
0.522
0.521
0.521
0.521
0.521
0.521
0.521
0.521
0.521
0.521
0.521
0.522
0.521
0.521
0.521
0.521
0.521
0.521
0.521
0.522
0.522
0.522
0.521
0.522
0.522
0.522
0.522
0.522
0.522
0.522
0.522
0.522
0.522
0.522
0.522
0.522
0.522
0.521
0.522
0.522
0.522
0.522
0.521
0.521
0.521
0.521
0.521
0.521
0.521
0.521
0.521
0.522
0.522
0.521
0.522
0.522
0.522
0.522
0.522
0.522
0.522
0.522
0.522
0.522
0.522
0.522
0.522
0.522
0.522
0.522
0.522
0.522
0.522
0.522
0.522
0.522
0.522
0.522
0.522
0.522
0.522
0.522
0.522
0.522
0.522
0.522
0.522
0.522
0.522
0.522
0.522
0.522
0.522
0.522
0.521
0.522
0.521
0.521
0.521
0.521
0.521
0.521
0.521
0.521
0.522
0.522
0.522
0.522
0.521
0.521
0.521
0.521
0.521
0.521
0.521
0.521
0.521
0.521
0.521
0.521
0.521
0.521
0.521
0.521
0.521
0.521
0.521
0.521
0.521
0.521
0.521
0.521
0.521
0.521
0.521
0.521
0.521
0.521
0.522
0.522
0.522
0.522
0.522
0.522
0.522
0.522
0.522
0.522
0.522
0.522
0.522
0.522
0.522
0.522
0.522
0.522
0.522
0.522
0.522
0.522
0.522
0.522
0.522
0.522
0.522
0.522
0.522
0.522
0.522
0.522
0.522
0.522
0.522
0.522
0.522
0.522
0.522
0.522
0.522
0.522
0.522
0.522
0.522
0.522
0.522
0.522
0.522
0.522
0.522
0.522
0.522
0.522
0.522
0.522
0.522
0.522
0.522
0.522
0.522
0.522
0.522
0.522
0.522
0.522
0.522
0.522
0.522
0.522
0.522
0.522
0.522
0.522
0.522
0.522
0.522
0.522
0.522
0.522
0.522
0.522
0.522
0.522
0.522
0.522
0.522
0.522
0.522
0.522
0.522
0.522
0.522
0.522
0.522
0.522
0.522
0.522
0.522
0.522
0.522
0.522
0.522
0.522
0.522
0.522
0.522
0.522
0.522
0.522
0.522
0.522
0.522
0.522
0.522
0.522
0.522
0.522
0.522
0.522
0.522
0.522