20586908 2 48.2988 62.4098 0.5718 -1.5576 
20586934 5 49.6775 72.9225 0.8338 -1.2032 
20586960 2 57.8229 68.2580 0.3916 -1.7295 
20586986 5 33.4530 44.8699 0.6649 -1.4136 
20587054 4 39.3614 59.0090 0.9130 -0.9882 
20587080 4 68.1985 78.7345 0.3862 -1.6458 
20587148 2 22.1009 46.5175 1.6661 0.8657 
20587174 2 19.1730 41.7536 1.7507 1.1417 
20587200 2 35.7520 53.6984 0.8932 -1.0826 
20587226 2 28.5787 47.6833 1.1190 -0.6374 
20587294 2 72.1199 90.9476 0.4871 -1.7288 
20587320 2 60.4694 70.6117 0.3291 -1.8610 
20587346 2 79.7243 85.2734 0.1732 -1.8999 
20587372 2 79.8046 75.9059 -0.0673 -1.9362 
20587466 2 27.1975 62.1316 1.9455 1.9910 
20587492 2 30.1978 63.3448 1.7280 1.2163 
20587518 2 36.5302 67.8406 1.4380 0.2963 
20587544 2 23.7117 58.2050 2.1684 2.9847 
20587612 5 42.1935 55.8950 0.5972 -1.5924 
20587638 2 47.5933 63.5186 0.6084 -1.5888 
20587664 5 51.6498 62.5971 0.4232 -1.7529 
20587690 2 44.9597 52.9420 0.3776 -1.7715 
20587758 3 54.6531 72.7857 0.6653 -1.3800 
20587784 3 64.5569 79.5053 0.4872 -1.6282 
20587810 3 70.5534 77.6710 0.2780 -1.7513 
20587836 3 50.1473 76.0542 0.9233 -1.0032 
20587902 3 37.1622 69.2353 1.4333 0.2726 
20587928 3 46.3273 68.3545 0.9191 -0.9216 
20587994 6 52.0238 67.4730 0.5676 -1.5966 
20588020 2 66.8159 83.2175 0.4751 -1.7138 
20588046 6 77.4746 79.2682 0.1163 -1.8509 
20588072 2 76.7229 81.0598 0.1664 -1.8659 
20588138 1 70.9985 82.1396 0.3583 -1.7445 
20588164 1 50.2019 72.9700 0.8194 -1.2184 
20588190 4 54.7606 83.5315 0.9201 -1.0531 
20588216 4 71.4828 83.8172 0.3860 -1.7228 
20588308 3 43.7496 73.8554 1.1697 -0.4784 
20588334 3 32.5578 69.6296 1.7436 1.2069 
20588458 2 56.2014 76.1612 0.6763 -1.4162 
20588510 2 78.8257 82.2640 0.1716 -1.8009 
20588536 5 72.7267 76.5911 0.2245 -1.7114 
20588562 5 67.9371 77.5387 0.3778 -1.6244 
20588654 2 41.1385 57.6439 0.7600 -1.2699 
20588680 3 42.6710 54.7346 0.5755 -1.5216 
22427682 2 46.2726 64.4462 0.7112 -1.4235 
22427704 5 47.1578 77.3213 1.0700 -0.7718 
22427728 2 56.9655 64.8846 0.3399 -1.7394 
22427752 5 40.1482 52.1525 0.6105 -1.4661 
22427840 5 27.7628 55.8141 1.5841 0.6837 
22427864 2 51.0365 79.5349 0.9492 -1.0320 
22579730 5 41.2133 59.9355 0.8481 -1.0971 
22579754 2 51.4407 67.0351 0.6049 -1.5002 
22579848 2 48.1675 77.8465 1.0561 -0.7697 
22579870 4 40.7300 68.4865 1.1563 -0.5300 
22579892 2 61.8687 78.0060 0.5364 -1.5828 
22579916 4 45.5108 62.4602 0.7505 -1.2423 
22580016 2 31.9397 46.4500 0.7961 -1.2978 
22580038 5 38.6494 54.8292 0.7518 -1.3487 
22580068 2 37.8424 47.5511 0.5163 -1.6214 
22580098 5 44.7592 53.6505 0.4159 -1.7206 
22580192 3 60.9076 79.9222 0.5784 -1.6129 
22580218 1 59.9570 79.9844 0.6175 -1.5580 
22580244 3 77.4065 84.1789 0.2457 -1.7902 
22580270 1 73.4462 82.2670 0.2952 -1.7909 
22580340 2 38.0726 70.0151 1.3957 0.1829 
22580368 2 37.5282 67.1746 1.3402 0.0588 
22580392 2 48.5672 75.5891 1.0034 -0.7988 
22580420 2 52.8884 76.7438 0.8433 -1.1168 
22580492 2 42.5441 72.1599 1.1496 -0.5865 
22580520 5 41.4339 69.8569 1.1980 -0.3322 
22580548 2 60.5254 78.9593 0.5990 -1.5247 
22580576 5 55.2285 72.2113 0.6290 -1.4295 
22580654 5 37.6709 67.3491 1.3666 0.1853 
22580680 2 32.2686 65.1928 1.5448 0.4297 
22580706 5 49.2483 61.9748 0.6816 -1.1049 
22580732 2 41.5473 66.4125 1.0278 -0.8303 
22613624 2 40.7558 71.6956 1.2185 -0.4529 
22613650 6 29.6274 56.0664 1.4207 0.1673 
22613676 2 41.2800 63.6266 0.9410 -1.0121 
22613702 6 36.2881 61.9770 1.2112 -0.3241 
22613770 5 31.6173 57.2622 1.3417 0.0190 
22613796 2 42.3257 70.9184 1.1071 -0.7035 
22613822 5 37.9042 62.7574 1.1173 -0.5961 
22613848 1 43.3601 68.2450 0.9697 -0.9848 
22613918 4 41.3647 73.1486 1.2313 -0.4172 
22613944 1 37.6610 69.2011 1.3220 -0.1833 
22613970 4 52.9424 75.7647 0.7780 -1.2969 
22613996 1 41.8309 65.8036 0.9768 -0.9568 
22614074 5 48.0095 47.1720 0.0271 -1.8633 
22614096 2 54.4243 50.3625 -0.1107 -1.9021 
22614128 5 76.9281 73.8994 -0.0130 -1.8647 
22614150 2 53.3416 55.3709 0.1362 -1.8638 
22614236 5 42.0678 66.7821 1.0024 -0.8999 
22614266 5 50.7557 63.1110 0.5476 -1.4958 
22614352 2 52.7906 71.8132 0.6488 -1.5350 
22614380 5 55.3101 69.0217 0.4979 -1.6323 
22614404 2 53.9015 57.5046 0.1833 -1.8646 
22614432 5 69.1736 71.2136 0.1189 -1.8654 
22614500 2 46.7085 63.9629 0.6988 -1.3880 
22614522 4 62.0136 76.5229 0.4855 -1.6417 
22614544 2 58.5610 65.3848 0.3094 -1.7272 
22614568 4 66.7998 72.1148 0.2566 -1.7265 
22670094 6 45.5713 71.3768 0.9554 -1.0274 
22670124 2 43.7780 65.7465 0.8584 -1.2196 
22670148 6 47.5181 70.5201 0.8578 -1.1654 
22670176 2 44.0993 63.1176 0.7795 -1.2986 
22670278 4 33.2497 50.9512 0.8999 -1.1410 
22670300 2 43.5052 71.1499 1.0356 -0.9019 
22670324 4 36.9073 51.3975 0.6958 -1.4698 
22670348 2 50.0494 72.6966 0.7797 -1.3585 
22670442 1 35.8754 71.4910 1.5348 0.4577 
22670464 5 35.1182 58.0977 1.1410 -0.4903 
22670488 1 53.5912 73.1379 0.7137 -1.3223 
22670512 5 48.8180 61.6162 0.5816 -1.4438 
22670620 2 51.5112 78.0953 0.9046 -1.0918 
22670644 1 44.1054 67.2583 0.9084 -1.0983 
22670672 2 57.0808 73.1307 0.5859 -1.4903 
22670704 1 45.7413 58.6853 0.6013 -1.4497 
22670808 4 19.3381 38.1724 1.5014 0.3699 
22670832 2 44.5129 78.5649 1.2100 -0.5112 
22670856 5 27.8248 43.6631 0.9907 -0.8689 
22670878 2 34.0840 57.9581 1.1358 -0.6568 
22670978 4 38.8498 71.4766 1.3395 -0.1166 
22671004 4 46.2050 76.2282 1.1088 -0.6414 
22678448 2 27.2130 45.8554 1.1341 -0.6014 
22678472 2 23.8775 45.7476 1.4518 0.2469 
22678496 2 37.7338 48.9347 0.5930 -1.5089 
22678518 2 37.8882 56.6285 0.9015 -1.0316 
22678622 1 19.0024 52.1654 2.4103 3.8957 
22678646 3 23.8235 59.2020 2.1100 2.5272 
22678670 1 36.0997 73.6097 1.5801 0.5693 
22678694 3 36.5821 75.7267 1.6170 0.6842 
22678788 2 42.2556 55.9080 0.6726 -1.3233 
22678810 2 27.6404 46.5588 1.1807 -0.3886 
22678832 2 52.4390 61.0317 0.4252 -1.5685 
22678856 2 31.8222 44.3687 0.8251 -1.0044 
22678952 4 34.7037 61.1688 1.2519 -0.3056 
22678980 2 41.9147 67.5115 1.0663 -0.6891 
22679008 4 45.4623 60.5461 0.6690 -1.3761 
22679036 2 40.9173 54.7669 0.6728 -1.3831 
24054996 1 38.4136 72.6996 1.3881 -0.0177 
24055024 2 33.1299 70.3933 1.6723 0.8422 
24055052 1 30.7711 71.3064 1.9053 1.6792 
24055078 2 28.3497 69.1275 2.0456 2.2314 
24055148 5 45.7807 60.4849 0.6833 -1.2915 
24055176 2 49.4603 75.0166 0.9268 -0.9953 
24055204 5 34.0022 55.0407 1.0735 -0.6933 
24055274 5 40.7964 53.0787 0.5897 -1.5357 
24055328 3 45.3307 57.9433 0.5483 -1.5944 
24055356 5 54.5422 74.4634 0.6719 -1.4646 
24055382 3 38.1106 54.9285 0.7814 -1.3160 
24055444 4 66.3809 74.8443 0.2794 -1.8514 
24055464 4 95.1566 100.5353 0.1401 -1.9266 
24055484 4 56.9554 67.2151 0.3639 -1.8108 
24055502 4 70.6251 94.8405 0.6210 -1.5734 
24055572 2 32.8180 47.4659 0.8164 -1.2010 
24055600 4 41.9218 63.5040 0.9145 -1.0343 
24055628 2 39.8419 70.7301 1.2521 -0.3429 
24055654 4 37.7623 67.4425 1.2783 -0.2473 
24055724 2 67.7359 76.8588 0.3364 -1.7218 
24055752 2 63.4847 74.0520 0.3899 -1.6907 
24055780 2 48.1939 65.8648 0.7229 -1.3024 
24055806 2 39.6734 69.2171 1.2658 -0.1981 
24055876 2 40.7945 45.9615 0.2822 -1.8425 
24055904 2 45.2998 49.0891 0.2148 -1.8532 
24055932 2 76.3702 89.2982 0.3356 -1.8504 
24055958 2 42.8123 50.5363 0.3555 -1.8325 
24058660 2 62.2856 77.9750 0.4843 -1.7083 
24058686 4 68.9631 84.9590 0.4498 -1.7433 
24058712 2 56.8492 65.4317 0.3360 -1.7819 
24058738 4 43.2751 48.4964 0.3041 -1.7529 
24065252 5 34.3578 52.1538 0.9142 -1.0513 
24065270 1 59.2504 87.9129 0.8421 -1.2255 
24065288 5 38.4534 71.2284 1.3708 0.0139 
24065308 1 42.3895 66.4344 0.9605 -1.0127 
24065380 2 41.2361 46.1241 0.3269 -1.6973 
24065408 4 51.0654 58.8699 0.4180 -1.5616 
24065434 2 48.0345 63.5553 0.6225 -1.5129 
24065460 4 54.0507 72.1567 0.6755 -1.3618 
24065530 4 54.4335 72.0951 0.7263 -1.1687 
24065556 2 59.1155 78.5464 0.6342 -1.4843 
24065584 4 28.5704 52.5362 1.4146 0.2601 
24065612 2 46.7471 75.0320 1.0319 -0.8308 
24065680 2 21.9510 40.1250 1.3702 0.0927 
24065708 5 21.9015 41.2056 1.4804 0.5273 
24065734 2 23.3692 53.4444 1.8854 1.6428 
24065760 5 26.0725 60.2969 1.9181 1.7762 
24065832 2 60.4645 68.7431 0.3553 -1.6915 
24065860 2 70.9944 79.2943 0.3419 -1.6638 
24065888 2 49.3674 71.0061 0.8205 -1.1685 
24065914 2 52.7778 75.7729 0.8329 -1.1273 
26933772 2 16.4779 43.1338 2.3170 3.6095 
26933800 4 24.7030 59.2282 2.0619 2.4700 
26933830 2 26.5650 49.3021 1.4165 0.2554 
26933860 4 33.2982 59.9061 1.3252 -0.0443 
27829134 5 34.0673 58.5689 1.2235 -0.3105 
27829160 1 42.6706 72.0149 1.1393 -0.6163 
27829188 5 49.6005 65.4447 0.7177 -1.1964 
27829216 1 48.4715 64.1141 0.6624 -1.3750 
30011484 2 25.9957 55.7717 1.7087 0.9947 
30011508 4 20.1668 46.2414 1.8939 1.6894 
30011530 2 49.2102 74.4929 0.9228 -1.0023 
30011552 4 44.0851 66.7447 0.9095 -1.0532 
30011648 2 48.0621 69.6812 0.7876 -1.3225 
30011674 5 46.4912 64.6994 0.7053 -1.4339 
30011700 2 66.6723 79.9486 0.4052 -1.7559 
30011728 5 61.2606 71.4564 0.3477 -1.8021 
30011798 2 35.1255 64.4330 1.3454 -0.0483 
30011824 4 43.3900 68.6987 1.0071 -0.8591 
30011850 2 40.5500 62.9196 0.9844 -0.8600 
30318068 4 42.1237 54.8748 0.6128 -1.4629 
50993400 2 52.6436 57.0660 0.2234 -1.8258 
50993424 2 51.3054 59.3898 0.3411 -1.7861 
50993616 2 70.4692 61.6676 -0.1637 -1.7781 
50993644 2 40.0892 51.4644 0.5659 -1.5520 
50993672 2 37.2848 50.4738 0.6913 -1.3698 
50993696 2 23.0544 44.9383 1.5122 0.4716 
50993788 2 30.1446 43.7952 1.0632 0.2462 
50993816 2 43.2827 44.0304 0.2261 -1.4773 
50993840 2 26.8452 43.6545 1.3028 0.7992 
50993868 2 40.0446 44.8465 0.3641 -1.5315 
50993896 2 31.3403 43.5893 0.9510 -0.1026 
50993920 2 47.8958 43.7648 0.0143 -1.5313 
50993948 2 26.7464 43.2120 1.2747 0.6581 
50993976 2 37.1039 44.0681 0.4790 -1.4369 
50994112 2 39.8511 71.8289 1.2980 -0.2008 
50994136 1 15.5779 33.0786 1.7691 1.4274 
50994164 2 24.5132 59.1171 2.0540 2.3837 
50994192 1 19.7511 54.3755 2.4950 4.5387 
50994272 4 28.7247 65.1154 1.8750 1.6387 
50994300 2 21.3412 59.0139 2.4592 4.2112 
50994328 2 39.4460 72.2938 1.3385 -0.0990 
50994352 4 37.4709 66.6674 1.2722 -0.2642 
50994380 2 22.2993 57.7707 2.2591 3.2571 
50994408 2 20.2071 54.7832 2.4073 3.9824 
50994536 2 57.0360 77.0781 0.6892 -1.3642 
50994560 2 33.3577 57.8574 1.2241 -0.3504 
50994588 2 49.7631 67.6713 0.7254 -1.2573 
50994616 2 41.6408 68.3188 1.0956 -0.6543 
50994704 1 17.9960 36.0234 1.6557 1.3319 
50994732 1 49.6270 74.1974 0.9037 -1.0116 
50994760 1 25.1634 40.2256 1.1130 -0.3078 
50994788 1 27.0902 51.5296 1.4497 0.2795 
50994816 1 43.5260 70.6282 1.0782 -0.6769 
50994840 4 30.3606 49.6318 1.0898 -0.6690 
50994868 1 30.2306 58.8766 1.4959 0.3829 
50994896 4 27.1415 53.5778 1.5353 0.5195 
50995760 2 52.6684 74.6560 0.7488 -1.3641 
50995788 2 34.1852 61.6828 1.2800 -0.2948 
50995872 1 64.6506 75.4410 0.3547 -1.7858 
50995900 1 55.8684 81.5793 0.8103 -1.2733 
50995964 2 55.5143 71.7453 0.5783 -1.5437 
50995992 2 45.9060 71.4643 0.9610 -0.9793 
50996056 2 41.3618 62.2017 0.8909 -1.0989 
50996084 2 52.8918 77.6896 0.8342 -1.2171 
50996112 2 38.8923 71.2915 1.3259 -0.1616 
50996136 2 41.3509 72.1826 1.2161 -0.4320 
50996200 2 49.9502 73.0626 0.8884 -0.9855 
50996228 2 35.2694 67.7227 1.4979 0.4581 
50996324 1 49.3523 72.5433 0.8543 -1.1315 
50996352 4 52.0433 73.7385 0.8135 -1.1314 
50996380 1 35.0766 66.7339 1.4227 0.1279 
50996408 4 34.3240 66.9365 1.4916 0.3564 
50996708 2 34.4194 53.9689 0.9683 -0.9788 
50996736 2 28.0989 49.1931 1.2185 -0.4226 
50996800 2 58.8696 55.5332 -0.0514 -1.8773 
50996828 2 46.6047 60.0613 0.5997 -1.4739 
50996856 2 51.7966 54.8710 0.1501 -1.9111 
50996880 2 43.1615 57.2808 0.6186 -1.5302 
50996944 2 41.8286 60.7281 0.8195 -1.2127 
50996972 2 45.9459 64.3838 0.7596 -1.2808 
50997000 2 37.7280 63.6338 1.1357 -0.6242 
50997024 2 30.7829 55.5474 1.2888 -0.2592 
50997052 1 74.7167 82.8243 0.2355 -1.8910 
50997080 1 77.2512 76.4222 0.0257 -1.9094 
50997108 2 69.7439 69.5108 0.0489 -1.8941 
50997136 2 51.0652 61.7649 0.4125 -1.7739 
50997224 2 41.3914 57.3430 0.7427 -1.2937 
50997248 2 61.2561 76.3098 0.5248 -1.5623 
50997276 2 39.0663 66.6368 1.2168 -0.2953 
50997304 2 45.9288 71.3929 1.0134 -0.7467 
50997432 2 47.1326 56.6079 0.4697 -1.5804 
50997460 4 62.9936 75.4701 0.4522 -1.6215 
50997488 2 49.0175 70.5045 0.8408 -1.0829 
50997516 4 52.6893 75.9666 0.8254 -1.1554 
50997596 2 48.0583 66.7202 0.7157 -1.3871 
50997624 2 27.4541 47.4707 1.2392 -0.2586 
50997652 2 39.5187 62.5766 0.9684 -1.0266 
50997680 2 22.0798 43.8794 1.4977 0.2765 
50997744 3 55.6320 72.1872 0.5916 -1.5192 
50997768 3 59.8999 77.9508 0.5930 -1.5251 
50997796 3 45.5620 75.5215 1.0743 -0.8059 
50997824 3 42.5229 72.3484 1.1357 -0.6664 
50998032 2 35.0570 52.4420 0.8804 -1.1075 
50998060 5 53.8173 66.3798 0.4931 -1.6111 
50998088 2 46.8626 56.9590 0.4526 -1.6718 
50998112 5 45.9104 64.9381 0.7555 -1.3269 
50998176 2 43.3589 59.0922 0.6907 -1.3990 
50998204 2 51.6796 70.9409 0.7252 -1.3139 
50998232 2 32.2630 50.6132 0.9665 -0.9933 
50998256 2 45.6319 71.1397 0.9571 -1.0006 
50998320 1 67.6495 78.6128 0.3889 -1.6883 
50998348 1 35.8257 73.8207 1.6033 0.6360 
50998412 2 35.5628 52.6323 0.8618 -1.1336 
50998440 2 42.1549 59.7451 0.7964 -1.1924 
50998468 2 32.5032 58.2742 1.2804 -0.2638 
50998496 2 25.6250 43.7731 1.1660 -0.5487 
50998580 2 42.7560 67.1483 1.0149 -0.7966 
50998608 1 49.7862 77.6790 0.9957 -0.8499 
50998632 2 34.4557 68.0345 1.5184 0.4255 
50998660 1 35.0843 67.1291 1.4459 0.2202 
50998980 5 28.1083 63.5742 1.8741 1.6460 
50999008 5 15.6179 48.6930 2.8321 6.1408 
50999096 2 31.6115 55.3141 1.2541 -0.2547 
50999120 1 57.3189 81.4921 0.7738 -1.2845 
50999148 2 35.6380 68.3032 1.4539 0.2548 
50999176 1 40.1592 68.9876 1.1906 -0.4576 
50999248 2 49.1944 74.4254 0.9093 -1.0493 
50999272 1 64.2538 85.5388 0.6384 -1.4762 
50999300 2 39.8621 71.5615 1.2812 -0.2601 
50999328 1 43.6380 75.5103 1.1968 -0.4683 
50999432 5 34.4301 49.3503 0.8060 -1.2019 
50999460 5 40.1897 66.5006 1.0909 -0.7132 
51048736 3 72.3257 81.3272 0.3122 -1.7516 
51048764 3 47.5871 69.9669 0.8545 -1.1351 
51048892 2 53.7159 69.5305 0.6048 -1.4663 
51048920 2 60.3905 76.6883 0.5682 -1.4987 
51048944 2 42.4608 60.3823 0.7807 -1.2553 
51048972 2 46.8492 69.9954 0.8949 -1.0383 
51049052 2 44.1481 55.9537 0.5570 -1.5229 
51049080 2 55.4870 66.5205 0.4441 -1.6413 
51049108 2 32.1773 49.7558 0.9414 -1.0287 
51049136 2 44.5722 61.5093 0.6968 -1.4316 
51049248 2 32.4642 57.8862 1.2687 -0.2872 
51049276 2 40.8420 61.7996 0.9192 -1.0106 
51049464 2 65.0456 76.7816 0.4178 -1.6571 
51049488 2 32.4086 42.9951 0.6621 -1.3472 
51049516 2 46.7353 70.0425 0.8949 -1.0659 
51049544 2 25.0602 40.4503 1.0706 -0.6450 
51049628 2 55.1748 65.2281 0.4266 -1.6393 
51049656 2 39.8577 46.2512 0.4049 -1.6214 
51049680 2 46.5087 71.0141 0.9367 -0.9852 
51070196 2 24.2934 40.0677 1.1222 -0.5186 
53580612 2 46.5283 58.4424 0.5284 -1.5847 
53580640 3 61.3876 75.1642 0.4876 -1.6011 
53580664 2 50.8194 75.3698 0.8467 -1.2093 
53580692 3 50.9959 78.4701 0.9300 -1.0538 
53580804 5 48.8059 66.4459 0.7186 -1.3043 
53580832 2 46.5019 63.6585 0.7457 -1.2407 
53580856 5 42.4639 72.3578 1.1616 -0.5555 
53580884 2 34.4860 59.7676 1.2017 -0.4588 
53580980 1 52.0286 76.9198 0.8568 -1.1526 
53581008 1 48.9164 74.5584 0.9301 -1.0058 
53581032 1 45.0989 74.5398 1.1069 -0.6445 
53581060 1 42.6878 72.7206 1.1754 -0.4881 
53581124 1 45.6875 72.0531 1.0181 -0.8053 
53581152 1 27.4828 57.4868 1.6974 1.0839 
53581236 1 65.5811 74.7422 0.3383 -1.7325 
53581264 1 46.1327 67.4170 0.8451 -1.1310 
53581380 1 75.9706 82.6587 0.2563 -1.7713 
53581408 6 71.2063 82.9790 0.3893 -1.6861 
53581432 1 56.0179 78.8187 0.7281 -1.4074 
53581460 6 46.1094 71.5754 0.9370 -1.0599 
53581768 1 56.7685 82.9130 0.8261 -1.2150 
53581796 1 30.5014 57.3937 1.3819 -0.0155 
53581860 1 21.5333 38.2915 1.2987 -0.0664 
53581888 2 31.6537 50.2898 1.0156 -0.8408 
53581912 1 27.7775 61.4477 1.8140 1.4253 
53581940 2 34.6343 67.2310 1.4735 0.2844 
53582304 1 69.6429 82.8280 0.4056 -1.7243 
53582332 1 53.7466 79.1407 0.8349 -1.2113 
53582396 1 68.0298 79.4772 0.3864 -1.7187 
53582424 2 52.1145 70.2618 0.7057 -1.3146 
53582448 1 44.4390 73.2370 1.0839 -0.7340 
53582476 2 37.0110 64.9215 1.2284 -0.4004 
53582540 1 53.1863 76.7621 0.8233 -1.1730 
53582568 1 33.2300 63.9349 1.4468 0.1988 
53582656 5 24.1847 40.6850 1.3998 0.6252 
53582684 5 26.4667 48.5239 1.4646 0.5155 
53582712 2 62.0461 61.3618 0.0634 -1.8356 
53582736 2 29.3485 42.9111 0.8918 -0.8711 
53582764 2 53.8227 57.3256 0.1935 -1.8332 
53582792 2 27.0758 42.1350 1.0095 -0.6579 
53582816 2 46.3339 55.6500 0.4112 -1.7451 
53586360 1 40.8904 64.3000 0.9988 -0.8669 
53586388 1 62.7533 78.4260 0.5071 -1.6335 
53586416 1 30.8987 60.4684 1.4941 0.3417 
53586440 1 51.1566 69.8991 0.6660 -1.4938 
53586724 2 62.8583 70.0694 0.2861 -1.7936 
53586752 2 35.8859 44.6743 0.5309 -1.5019 
53586776 2 58.6210 80.4448 0.6773 -1.4812 
53586804 2 30.8239 43.7575 0.7766 -1.2243 
53586868 2 70.8945 73.2301 0.1277 -1.8751 
53586896 2 69.9078 80.9899 0.3250 -1.8392 
53586960 2 44.9611 61.7900 0.7223 -1.3375 
53586988 2 69.5812 82.2745 0.3893 -1.7561 
53587016 2 41.6606 60.4000 0.7935 -1.3054 
53587040 2 75.2015 89.7366 0.3843 -1.8029 
53587104 2 50.4720 73.0750 0.8121 -1.2354 
53587132 2 48.3759 76.2639 0.9868 -0.9405 
53587428 2 64.9641 75.5609 0.4181 -1.5973 
53587456 2 76.0802 76.1256 0.0797 -1.8333 
53587480 2 47.2009 69.8993 0.8790 -1.0750 
53587508 2 65.9455 80.3155 0.4559 -1.6732 
53587572 2 48.7695 58.6873 0.4569 -1.6320 
53587600 2 48.3213 61.4269 0.5390 -1.6002 
53587664 2 24.4898 41.1169 1.1167 -0.6711 
53587688 1 53.7156 69.4145 0.5637 -1.5903 
53587716 2 27.7664 43.3781 0.9868 -0.8768 
53587744 1 55.3182 79.8134 0.7732 -1.3565 
