20586908_6c613a14b80a8591_MG_R_CC_ANON.jpg 2 48.2988 62.40983 0.57183 -1.55759
20586934_6c613a14b80a8591_MG_L_CC_ANON.jpg 5 49.67746 72.92255 0.8338 -1.20315
20586960_6c613a14b80a8591_MG_R_ML_ANON.jpg 2 57.82288 68.25801 0.39157 -1.72951
20586986_6c613a14b80a8591_MG_L_ML_ANON.jpg 5 33.45305 44.86986 0.66493 -1.41361
20587054_b6a4f750c6df4f90_MG_R_CC_ANON.jpg 4 39.36144 59.00902 0.91303 -0.98815
20587080_b6a4f750c6df4f90_MG_R_ML_ANON.jpg 4 68.19851 78.73451 0.38616 -1.64577
20587148_fd746d25eb40b3dc_MG_R_CC_ANON.jpg 2 22.10086 46.51754 1.66607 0.86569
20587174_fd746d25eb40b3dc_MG_L_CC_ANON.jpg 2 19.17301 41.75359 1.75068 1.14169
20587200_fd746d25eb40b3dc_MG_R_ML_ANON.jpg 2 35.752 53.6984 0.89323 -1.08257
20587226_fd746d25eb40b3dc_MG_L_ML_ANON.jpg 2 28.57866 47.6833 1.11901 -0.63736
20587294_e634830794f5c1bd_MG_R_CC_ANON.jpg 2 72.11992 90.94763 0.48707 -1.72881
20587320_e634830794f5c1bd_MG_L_CC_ANON.jpg 2 60.46943 70.61168 0.32913 -1.86098
20587346_e634830794f5c1bd_MG_R_ML_ANON.jpg 2 79.72431 85.2734 0.17319 -1.89986
20587372_e634830794f5c1bd_MG_L_ML_ANON.jpg 2 79.80457 75.90592 -0.06733 -1.93621
20587466_d571b5880ad2a016_MG_L_CC_ANON.jpg 2 27.1975 62.13161 1.94552 1.99096
20587492_d571b5880ad2a016_MG_R_ML_ANON.jpg 2 30.19778 63.34478 1.72798 1.21635
20587518_d571b5880ad2a016_MG_L_ML_ANON.jpg 2 36.53024 67.84056 1.43801 0.29626
20587544_d571b5880ad2a016_MG_R_CC_ANON.jpg 2 23.71167 58.20496 2.16843 2.9847
20587612_f4b2d377f43ba0bd_MG_R_CC_ANON.jpg 5 42.19346 55.89495 0.5972 -1.59236
20587638_f4b2d377f43ba0bd_MG_L_CC_ANON.jpg 2 47.59335 63.5186 0.60839 -1.58878
20587664_f4b2d377f43ba0bd_MG_R_ML_ANON.jpg 5 51.64979 62.59715 0.42325 -1.75295
20587690_f4b2d377f43ba0bd_MG_L_ML_ANON.jpg 2 44.95971 52.942 0.37761 -1.77149
20587758_81cd83d2f4d78528_MG_L_CC_ANON.jpg 3 54.65313 72.78572 0.66529 -1.38003
20587784_81cd83d2f4d78528_MG_R_ML_ANON.jpg 3 64.55693 79.50532 0.48721 -1.62822
20587810_81cd83d2f4d78528_MG_L_ML_ANON.jpg 3 70.55344 77.67102 0.27798 -1.75126
20587836_81cd83d2f4d78528_MG_R_CC_ANON.jpg 3 50.14726 76.05422 0.92328 -1.00318
20587902_8dbbd4e51f549ff0_MG_R_CC_ANON.jpg 3 37.1622 69.23528 1.43326 0.27263
20587928_8dbbd4e51f549ff0_MG_R_ML_ANON.jpg 3 46.32726 68.35447 0.91907 -0.92159
20587994_024ee3569b2605dc_MG_R_CC_ANON.jpg 6 52.02381 67.47303 0.56757 -1.59657
20588020_024ee3569b2605dc_MG_L_CC_ANON.jpg 2 66.81589 83.21751 0.47513 -1.71383
20588046_024ee3569b2605dc_MG_R_ML_ANON.jpg 6 77.47456 79.26816 0.11634 -1.85089
20588072_024ee3569b2605dc_MG_L_ML_ANON.jpg 2 76.72291 81.05983 0.16636 -1.86591
20588138_8d0b9620c53c0268_MG_R_ML_ANON.jpg 1 70.99849 82.13965 0.35828 -1.74446
20588164_8d0b9620c53c0268_MG_R_CC_ANON.jpg 1 50.20186 72.96996 0.81942 -1.21842
20588190_8d0b9620c53c0268_MG_L_CC_ANON.jpg 4 54.76059 83.53154 0.9201 -1.05309
20588216_8d0b9620c53c0268_MG_L_ML_ANON.jpg 4 71.48281 83.81719 0.386 -1.72277
20588308_493155e17143edef_MG_L_ML_ANON.jpg 3 43.74964 73.85538 1.1697 -0.47837
20588334_493155e17143edef_MG_L_CC_ANON.jpg 3 32.55779 69.62962 1.74358 1.20691
20588458_bf1a6aaadb05e3df_MG_R_CC_ANON.jpg 2 56.20137 76.16124 0.67631 -1.41616
20588510_bf1a6aaadb05e3df_MG_R_ML_ANON.jpg 2 78.82568 82.26399 0.17159 -1.80088
20588536_bf1a6aaadb05e3df_MG_L_ML_ANON.jpg 5 72.72668 76.59112 0.22451 -1.71143
20588562_bf1a6aaadb05e3df_MG_L_CC_ANON.jpg 5 67.93706 77.53869 0.37777 -1.62437
20588654_036aff49b8ac84f0_MG_R_ML_ANON.jpg 2 41.13853 57.64389 0.75996 -1.26992
20588680_036aff49b8ac84f0_MG_L_ML_ANON.jpg 3 42.67103 54.73458 0.57552 -1.52159
22427682_d713ef5849f98b6c_MG_R_CC_ANON.jpg 2 46.27262 64.44624 0.71121 -1.4235
22427705_d713ef5849f98b6c_MG_L_CC_ANON.jpg 5 47.1578 77.32128 1.06996 -0.77185
22427728_d713ef5849f98b6c_MG_R_ML_ANON.jpg 2 56.9655 64.88463 0.33993 -1.7394
22427751_d713ef5849f98b6c_MG_L_ML_ANON.jpg 5 40.1482 52.15248 0.61051 -1.4661
22427840_bbd6a3a35438c11b_MG_R_CC_ANON.jpg 5 27.76279 55.81411 1.58406 0.68374
22427864_bbd6a3a35438c11b_MG_L_CC_ANON.jpg 2 51.03647 79.53485 0.94919 -1.03197
22579730_bbd6a3a35438c11b_MG_R_ML_ANON.jpg 5 41.21329 59.93551 0.84806 -1.09706
22579754_bbd6a3a35438c11b_MG_L_ML_ANON.jpg 2 51.44068 67.03514 0.60493 -1.50017
22579847_301f1776aebbf5d2_MG_R_CC_ANON.jpg 2 48.16749 77.84647 1.05613 -0.76969
22579870_301f1776aebbf5d2_MG_L_CC_ANON.jpg 4 40.73004 68.48655 1.15634 -0.53005
22579893_301f1776aebbf5d2_MG_R_ML_ANON.jpg 2 61.86872 78.00596 0.53636 -1.58276
22579916_301f1776aebbf5d2_MG_L_ML_ANON.jpg 4 45.51081 62.46021 0.75049 -1.24226
22580015_6200187f3f1ccc18_MG_R_CC_ANON.jpg 2 31.93968 46.45003 0.79608 -1.29783
22580038_6200187f3f1ccc18_MG_L_CC_ANON.jpg 5 38.64944 54.82922 0.75178 -1.34874
22580068_6200187f3f1ccc18_MG_R_ML_ANON.jpg 2 37.84242 47.5511 0.51632 -1.62136
22580098_6200187f3f1ccc18_MG_L_ML_ANON.jpg 5 44.7592 53.65052 0.4159 -1.72063
22580192_5530d5782fc89dd7_MG_R_CC_ANON.jpg 3 60.90757 79.92222 0.57842 -1.61292
22580218_5530d5782fc89dd7_MG_L_CC_ANON.jpg 1 59.95701 79.98443 0.61747 -1.55796
22580244_5530d5782fc89dd7_MG_R_ML_ANON.jpg 3 77.40651 84.17893 0.24569 -1.79024
22580270_5530d5782fc89dd7_MG_L_ML_ANON.jpg 1 73.44616 82.26703 0.29518 -1.7909
22580341_5eae9beae14d26fd_MG_R_CC_ANON.jpg 2 38.07262 70.01505 1.3957 0.18285
22580367_5eae9beae14d26fd_MG_L_CC_ANON.jpg 2 37.52821 67.17462 1.34023 0.05877
22580393_5eae9beae14d26fd_MG_R_ML_ANON.jpg 2 48.5672 75.58911 1.00335 -0.79878
22580419_5eae9beae14d26fd_MG_L_ML_ANON.jpg 2 52.88835 76.74375 0.84331 -1.11678
22580492_2a5b932da4ce5ca1_MG_R_CC_ANON.jpg 2 42.54408 72.15993 1.14964 -0.58655
22580520_2a5b932da4ce5ca1_MG_L_CC_ANON.jpg 5 41.43391 69.85692 1.19801 -0.33225
22580548_2a5b932da4ce5ca1_MG_R_ML_ANON.jpg 2 60.52544 78.95926 0.59899 -1.52473
22580576_2a5b932da4ce5ca1_MG_L_ML_ANON.jpg 5 55.22845 72.21131 0.62899 -1.42946
22580654_fe7d005dcbbfb46d_MG_R_CC_ANON.jpg 5 37.6709 67.34907 1.36661 0.18532
22580680_fe7d005dcbbfb46d_MG_L_CC_ANON.jpg 2 32.26863 65.1928 1.54479 0.42967
22580706_fe7d005dcbbfb46d_MG_R_ML_ANON.jpg 5 49.24828 61.97478 0.68155 -1.10486
22580732_fe7d005dcbbfb46d_MG_L_ML_ANON.jpg 2 41.54733 66.41245 1.0278 -0.83031
22613624_dcafa6ba6374ec07_MG_R_CC_ANON.jpg 2 40.75579 71.69556 1.2185 -0.4529
22613650_dcafa6ba6374ec07_MG_L_CC_ANON.jpg 6 29.62741 56.06642 1.42072 0.16728
22613676_dcafa6ba6374ec07_MG_R_ML_ANON.jpg 2 41.27998 63.6266 0.94105 -1.0121
22613702_dcafa6ba6374ec07_MG_L_ML_ANON.jpg 6 36.28807 61.97697 1.2112 -0.32412
22613770_45c7f44839fd9e68_MG_R_CC_ANON.jpg 5 31.61733 57.26222 1.34168 0.019
22613796_45c7f44839fd9e68_MG_L_CC_ANON.jpg 2 42.32574 70.91844 1.10707 -0.7035
22613822_45c7f44839fd9e68_MG_R_ML_ANON.jpg 5 37.90419 62.7574 1.11728 -0.59608
22613848_45c7f44839fd9e68_MG_L_ML_ANON.jpg 1 43.36015 68.24497 0.96975 -0.98481
22613918_f23fa352e7de3dc7_MG_R_CC_ANON.jpg 4 41.36474 73.14864 1.23129 -0.41724
22613944_f23fa352e7de3dc7_MG_L_CC_ANON.jpg 1 37.66099 69.20108 1.322 -0.18335
22613970_f23fa352e7de3dc7_MG_R_ML_ANON.jpg 4 52.94238 75.76471 0.77804 -1.29688
22613996_f23fa352e7de3dc7_MG_L_ML_ANON.jpg 1 41.83093 65.80365 0.97675 -0.95677
22614074_6bd24a0a42c19ce1_MG_R_CC_ANON.jpg 5 48.0095 47.17195 0.02714 -1.86328
22614097_6bd24a0a42c19ce1_MG_L_CC_ANON.jpg 2 54.4243 50.36254 -0.11075 -1.90209
22614127_6bd24a0a42c19ce1_MG_R_ML_ANON.jpg 5 76.92812 73.8994 -0.01302 -1.86472
22614150_6bd24a0a42c19ce1_MG_L_ML_ANON.jpg 2 53.34157 55.37086 0.13624 -1.86377
22614236_1e5c3af078f74b05_MG_L_CC_ANON.jpg 5 42.06785 66.78213 1.00244 -0.89985
22614266_1e5c3af078f74b05_MG_L_ML_ANON.jpg 5 50.75571 63.11101 0.5476 -1.49576
22614353_d065adcb9905b973_MG_R_CC_ANON.jpg 2 52.79059 71.81324 0.64875 -1.53502
22614379_d065adcb9905b973_MG_L_CC_ANON.jpg 5 55.31005 69.02169 0.49785 -1.63227
22614405_d065adcb9905b973_MG_R_ML_ANON.jpg 2 53.90152 57.50459 0.18326 -1.86457
22614431_d065adcb9905b973_MG_L_ML_ANON.jpg 5 69.1736 71.21363 0.11887 -1.86541
22614499_2dec4948fbe6336d_MG_R_CC_ANON.jpg 2 46.7085 63.96291 0.69884 -1.38802
22614522_2dec4948fbe6336d_MG_L_CC_ANON.jpg 4 62.01361 76.52294 0.48549 -1.64168
22614545_2dec4948fbe6336d_MG_R_ML_ANON.jpg 2 58.56103 65.38476 0.30936 -1.72718
22614568_2dec4948fbe6336d_MG_L_ML_ANON.jpg 4 66.79983 72.11483 0.25664 -1.7265
22670094_e1f51192f7bf3f5f_MG_R_CC_ANON.jpg 6 45.57134 71.37677 0.95542 -1.02738
22670124_e1f51192f7bf3f5f_MG_L_CC_ANON.jpg 2 43.77802 65.7465 0.85836 -1.21963
22670147_e1f51192f7bf3f5f_MG_R_ML_ANON.jpg 6 47.51806 70.52011 0.85779 -1.1654
22670177_e1f51192f7bf3f5f_MG_L_ML_ANON.jpg 2 44.0993 63.11758 0.77947 -1.29863
22670278_98429c0bdf78c0c7_MG_R_CC_ANON.jpg 4 33.24967 50.95125 0.89988 -1.14098
22670301_98429c0bdf78c0c7_MG_L_CC_ANON.jpg 2 43.50524 71.14992 1.03558 -0.90192
22670324_98429c0bdf78c0c7_MG_R_ML_ANON.jpg 4 36.90727 51.3975 0.69581 -1.46977
22670347_98429c0bdf78c0c7_MG_L_ML_ANON.jpg 2 50.04944 72.69657 0.77975 -1.35852
22670442_7e677f3d530e41ed_MG_R_CC_ANON.jpg 1 35.87536 71.49097 1.53481 0.45767
22670465_7e677f3d530e41ed_MG_L_CC_ANON.jpg 5 35.11818 58.0977 1.141 -0.49034
22670488_7e677f3d530e41ed_MG_R_ML_ANON.jpg 1 53.59123 73.13792 0.71371 -1.32228
22670511_7e677f3d530e41ed_MG_L_ML_ANON.jpg 5 48.81801 61.61617 0.58159 -1.44378
22670620_e15a16f87b4f9782_MG_R_CC_ANON.jpg 2 51.5112 78.09531 0.90463 -1.09178
22670643_e15a16f87b4f9782_MG_L_CC_ANON.jpg 1 44.1054 67.25832 0.90837 -1.09826
22670673_e15a16f87b4f9782_MG_R_ML_ANON.jpg 2 57.08083 73.13072 0.58589 -1.4903
22670703_e15a16f87b4f9782_MG_L_ML_ANON.jpg 1 45.74129 58.68532 0.60134 -1.44968
22670809_0b7396cdccacca82_MG_R_CC_ANON.jpg 4 19.33809 38.17243 1.50135 0.36995
22670832_0b7396cdccacca82_MG_L_CC_ANON.jpg 2 44.51288 78.56492 1.21002 -0.51116
22670855_0b7396cdccacca82_MG_R_ML_ANON.jpg 5 27.8248 43.66314 0.99069 -0.86894
22670878_0b7396cdccacca82_MG_L_ML_ANON.jpg 2 34.08395 57.95806 1.13581 -0.65679
22670978_f571fd4e63c718e3_MG_L_CC_ANON.jpg 4 38.84979 71.47656 1.33953 -0.11657
22671003_f571fd4e63c718e3_MG_L_ML_ANON.jpg 4 46.20498 76.2282 1.10877 -0.64137
22678449_60995d51033e24b8_MG_R_CC_ANON.jpg 2 27.21302 45.85541 1.13413 -0.60136
22678472_60995d51033e24b8_MG_L_CC_ANON.jpg 2 23.87745 45.74759 1.45175 0.24692
22678495_60995d51033e24b8_MG_R_ML_ANON.jpg 2 37.73382 48.93471 0.59299 -1.50894
22678518_60995d51033e24b8_MG_L_ML_ANON.jpg 2 37.88825 56.62851 0.90155 -1.0316
22678622_61b13c59bcba149e_MG_R_CC_ANON.jpg 1 19.00239 52.16541 2.41027 3.89566
22678646_61b13c59bcba149e_MG_L_CC_ANON.jpg 3 23.82355 59.20205 2.10995 2.52721
22678670_61b13c59bcba149e_MG_R_ML_ANON.jpg 1 36.09965 73.60975 1.58013 0.5693
22678694_61b13c59bcba149e_MG_L_ML_ANON.jpg 3 36.58209 75.72666 1.61701 0.68417
22678787_64a22c47765f0c5c_MG_R_CC_ANON.jpg 2 42.25561 55.90796 0.6726 -1.32334
22678810_64a22c47765f0c5c_MG_L_CC_ANON.jpg 2 27.64043 46.55883 1.18068 -0.38858
22678833_64a22c47765f0c5c_MG_R_ML_ANON.jpg 2 52.43901 61.03173 0.42522 -1.56852
22678856_64a22c47765f0c5c_MG_L_ML_ANON.jpg 2 31.8222 44.36873 0.82506 -1.00436
22678953_b9a4da5f2dae63a9_MG_R_CC_ANON.jpg 4 34.70367 61.16875 1.25186 -0.30557
22678980_b9a4da5f2dae63a9_MG_L_CC_ANON.jpg 2 41.91471 67.51154 1.06633 -0.68905
22679008_b9a4da5f2dae63a9_MG_R_ML_ANON.jpg 4 45.46231 60.54613 0.66898 -1.37609
22679036_b9a4da5f2dae63a9_MG_L_ML_ANON.jpg 2 40.91725 54.76693 0.67276 -1.38312
24054997_2f1104b3cda7f145_MG_L_ML_ANON.jpg 1 38.4136 72.69962 1.38813 -0.01772
24055024_2f1104b3cda7f145_MG_R_ML_ANON.jpg 2 33.12988 70.39327 1.67226 0.84223
24055051_2f1104b3cda7f145_MG_L_CC_ANON.jpg 1 30.7711 71.30639 1.90529 1.67921
24055078_2f1104b3cda7f145_MG_R_CC_ANON.jpg 2 28.34972 69.12753 2.04564 2.23142
24055149_606e9b184978a350_MG_L_ML_ANON.jpg 5 45.78074 60.48493 0.68326 -1.29145
24055176_606e9b184978a350_MG_R_ML_ANON.jpg 2 49.46026 75.01661 0.92676 -0.99527
24055203_606e9b184978a350_MG_L_CC_ANON.jpg 5 34.0022 55.04075 1.07346 -0.69331
24055274_1e10aef17c9fe149_MG_L_ML_ANON.jpg 5 40.7964 53.07865 0.58966 -1.53567
24055328_1e10aef17c9fe149_MG_R_ML_ANON.jpg 3 45.33071 57.94329 0.54834 -1.59438
24055355_1e10aef17c9fe149_MG_L_CC_ANON.jpg 5 54.54218 74.46344 0.67192 -1.46461
24055382_1e10aef17c9fe149_MG_R_CC_ANON.jpg 3 38.11062 54.9285 0.7814 -1.31595
24055445_ac3185e18ffdc7b6_MG_L_ML_ANON.jpg 4 66.38088 74.8443 0.27938 -1.85136
24055464_ac3185e18ffdc7b6_MG_R_ML_ANON.jpg 4 95.15663 100.53527 0.14012 -1.92657
24055483_ac3185e18ffdc7b6_MG_L_CC_ANON.jpg 4 56.95539 67.21515 0.3639 -1.81083
24055502_ac3185e18ffdc7b6_MG_R_CC_ANON.jpg 4 70.62507 94.84046 0.62104 -1.57338
24055573_6f1aef40b3775182_MG_L_ML_ANON.jpg 2 32.81802 47.4659 0.81636 -1.20096
24055600_6f1aef40b3775182_MG_R_ML_ANON.jpg 4 41.92181 63.50404 0.91454 -1.03432
24055627_6f1aef40b3775182_MG_L_CC_ANON.jpg 2 39.84195 70.73013 1.2521 -0.34293
24055654_6f1aef40b3775182_MG_R_CC_ANON.jpg 4 37.76233 67.44251 1.27831 -0.24727
24055725_f0f1a133837b5137_MG_L_ML_ANON.jpg 2 67.73591 76.85876 0.33644 -1.72175
24055752_f0f1a133837b5137_MG_R_ML_ANON.jpg 2 63.48472 74.05198 0.38992 -1.6907
24055779_f0f1a133837b5137_MG_L_CC_ANON.jpg 2 48.19387 65.86479 0.72285 -1.3024
24055806_f0f1a133837b5137_MG_R_CC_ANON.jpg 2 39.67344 69.21712 1.26575 -0.19808
24055877_839819f2eadaf325_MG_L_ML_ANON.jpg 2 40.79447 45.96148 0.28216 -1.8425
24055904_839819f2eadaf325_MG_R_ML_ANON.jpg 2 45.29984 49.08906 0.21479 -1.85317
24055931_839819f2eadaf325_MG_L_CC_ANON.jpg 2 76.37024 89.29825 0.33558 -1.85044
24055958_839819f2eadaf325_MG_R_CC_ANON.jpg 2 42.81227 50.53632 0.35545 -1.8325
24058660_9e8db9e34d5275ef_MG_R_CC_ANON.jpg 2 62.28559 77.97495 0.48429 -1.70832
24058686_9e8db9e34d5275ef_MG_L_CC_ANON.jpg 4 68.96307 84.95898 0.44979 -1.74331
24058712_9e8db9e34d5275ef_MG_R_ML_ANON.jpg 2 56.84921 65.43169 0.33598 -1.78186
24058738_9e8db9e34d5275ef_MG_L_ML_ANON.jpg 4 43.27509 48.4964 0.30406 -1.75289
24065251_c4b995eddb3c510c_MG_L_ML_ANON.jpg 5 34.35783 52.15377 0.91418 -1.05127
24065270_c4b995eddb3c510c_MG_R_ML_ANON.jpg 1 59.25041 87.91292 0.84212 -1.22549
24065289_c4b995eddb3c510c_MG_L_CC_ANON.jpg 5 38.45342 71.22836 1.37077 0.01388
24065308_c4b995eddb3c510c_MG_R_CC_ANON.jpg 1 42.38949 66.43436 0.9605 -1.01269
24065380_83db89f57aea498a_MG_L_ML_ANON.jpg 2 41.2361 46.12409 0.32692 -1.69731
24065407_83db89f57aea498a_MG_R_ML_ANON.jpg 4 51.06539 58.86989 0.41803 -1.56158
24065434_83db89f57aea498a_MG_L_CC_ANON.jpg 2 48.03449 63.55527 0.62254 -1.51291
24065461_83db89f57aea498a_MG_R_CC_ANON.jpg 4 54.05072 72.15673 0.67552 -1.36177
24065530_d8205a09c8173f44_MG_L_ML_ANON.jpg 4 54.43354 72.09512 0.72629 -1.16869
24065557_d8205a09c8173f44_MG_R_ML_ANON.jpg 2 59.11551 78.54644 0.63422 -1.48433
24065584_d8205a09c8173f44_MG_L_CC_ANON.jpg 4 28.57037 52.53618 1.41461 0.26006
24065611_d8205a09c8173f44_MG_R_CC_ANON.jpg 2 46.74708 75.03203 1.03195 -0.83083
24065680_5291e1aee2bbf5df_MG_L_ML_ANON.jpg 2 21.95098 40.12502 1.37025 0.0927
24065707_5291e1aee2bbf5df_MG_R_ML_ANON.jpg 5 21.90152 41.20562 1.48042 0.52728
24065734_5291e1aee2bbf5df_MG_L_CC_ANON.jpg 2 23.36915 53.44441 1.88541 1.64282
24065761_5291e1aee2bbf5df_MG_R_CC_ANON.jpg 5 26.07252 60.29688 1.91811 1.7762
24065833_c01f83a1eb283270_MG_L_ML_ANON.jpg 2 60.46451 68.74312 0.3553 -1.69151
24065860_c01f83a1eb283270_MG_R_ML_ANON.jpg 2 70.99442 79.29425 0.34192 -1.66379
24065887_c01f83a1eb283270_MG_L_CC_ANON.jpg 2 49.36738 71.00614 0.82047 -1.16851
24065914_c01f83a1eb283270_MG_R_CC_ANON.jpg 2 52.77784 75.77292 0.83286 -1.12734
26933772_f8bfddc28e8045c0_MG_R_CC_ANON.jpg 2 16.47791 43.13379 2.31696 3.60953
26933801_f8bfddc28e8045c0_MG_L_CC_ANON.jpg 4 24.70296 59.22823 2.06195 2.47001
26933830_f8bfddc28e8045c0_MG_R_ML_ANON.jpg 2 26.56498 49.30206 1.41648 0.25536
26933859_f8bfddc28e8045c0_MG_L_ML_ANON.jpg 4 33.29817 59.9061 1.32517 -0.04428
27829134_fbb55bf7fff48540_MG_R_CC_ANON.jpg 5 34.06731 58.5689 1.2235 -0.31052
27829161_fbb55bf7fff48540_MG_L_CC_ANON.jpg 1 42.67058 72.01492 1.13928 -0.61628
27829188_fbb55bf7fff48540_MG_R_ML_ANON.jpg 5 49.60053 65.44475 0.71769 -1.19638
27829215_fbb55bf7fff48540_MG_L_ML_ANON.jpg 1 48.47147 64.11414 0.66236 -1.37497
30011484_349323117bf0fd93_MG_R_CC_ANON.jpg 2 25.99568 55.77166 1.70871 0.99474
30011507_349323117bf0fd93_MG_L_CC_ANON.jpg 4 20.16682 46.24143 1.89388 1.68941
30011530_349323117bf0fd93_MG_R_ML_ANON.jpg 2 49.21024 74.49292 0.92276 -1.00231
30011553_349323117bf0fd93_MG_L_ML_ANON.jpg 4 44.08507 66.74471 0.90948 -1.05324
30011647_6968748e66837bc7_MG_R_CC_ANON.jpg 2 48.06211 69.68124 0.78761 -1.32251
30011674_6968748e66837bc7_MG_L_CC_ANON.jpg 5 46.49118 64.69939 0.7053 -1.43389
30011700_6968748e66837bc7_MG_R_ML_ANON.jpg 2 66.67226 79.9486 0.40517 -1.75592
30011727_6968748e66837bc7_MG_L_ML_ANON.jpg 5 61.26057 71.45641 0.34771 -1.80208
30011798_4f20c1285d8f0b1f_MG_R_CC_ANON.jpg 2 35.12546 64.43302 1.34536 -0.04826
30011824_4f20c1285d8f0b1f_MG_L_CC_ANON.jpg 4 43.38999 68.69868 1.00705 -0.85913
30011850_4f20c1285d8f0b1f_MG_R_ML_ANON.jpg 2 40.55002 62.91963 0.98436 -0.85996
30318067_4f20c1285d8f0b1f_MG_L_ML_ANON.jpg 4 42.12366 54.8748 0.61283 -1.46295
50993399_5d85ecc9cf26b254_MG_L_ML_ANON.jpg 2 52.64361 57.06599 0.22342 -1.82584
50993426_5d85ecc9cf26b254_MG_L_CC_ANON.jpg 2 51.30535 59.38982 0.34111 -1.78612
50993616_b03f1dd34eb3c55f_MG_L_ML_ANON.jpg 2 70.46916 61.66764 -0.16365 -1.77806
50993643_b03f1dd34eb3c55f_MG_L_CC_ANON.jpg 2 40.08923 51.46444 0.56585 -1.552
50993670_b03f1dd34eb3c55f_MG_L_ML_ANON.jpg 2 37.28481 50.47376 0.69129 -1.36983
50993697_b03f1dd34eb3c55f_MG_L_CC_ANON.jpg 2 23.0544 44.93834 1.51219 0.4716
50993787_de5e8d61e501a71b_MG_L_ML_ANON.jpg 2 30.14463 43.79517 1.06315 0.24624
50993814_de5e8d61e501a71b_MG_R_ML_ANON.jpg 2 43.28268 44.03039 0.22614 -1.47729
50993841_de5e8d61e501a71b_MG_L_CC_ANON.jpg 2 26.84521 43.65452 1.30281 0.79918
50993868_de5e8d61e501a71b_MG_R_CC_ANON.jpg 2 40.04461 44.84649 0.36414 -1.53146
50993895_de5e8d61e501a71b_MG_L_ML_ANON.jpg 2 31.34033 43.58932 0.95095 -0.10261
50993922_de5e8d61e501a71b_MG_R_ML_ANON.jpg 2 47.89577 43.76482 0.01434 -1.53127
50993949_de5e8d61e501a71b_MG_L_CC_ANON.jpg 2 26.74639 43.21203 1.27471 0.65812
50993976_de5e8d61e501a71b_MG_R_CC_ANON.jpg 2 37.10392 44.06814 0.47902 -1.43686
50994110_cc9e66c5b31baab8_MG_L_ML_ANON.jpg 2 39.85107 71.82891 1.29803 -0.20079
50994137_cc9e66c5b31baab8_MG_R_ML_ANON.jpg 1 15.57787 33.07864 1.76909 1.4274
50994164_cc9e66c5b31baab8_MG_L_CC_ANON.jpg 2 24.51319 59.11715 2.05399 2.38365
50994191_cc9e66c5b31baab8_MG_R_CC_ANON.jpg 1 19.75109 54.37547 2.49503 4.53868
50994273_cc9e66c5b31baab8_MG_R_CC_ANON.jpg 4 28.72468 65.11545 1.87498 1.63871
50994300_cc9e66c5b31baab8_MG_R_FB_ANON.jpg 2 21.34123 59.01389 2.45924 4.21125
50994327_cc9e66c5b31baab8_MG_L_ML_ANON.jpg 2 39.44605 72.29382 1.33854 -0.09904
50994354_cc9e66c5b31baab8_MG_R_ML_ANON.jpg 4 37.47093 66.66739 1.27219 -0.26419
50994381_cc9e66c5b31baab8_MG_L_CC_ANON.jpg 2 22.29934 57.7707 2.25907 3.25706
50994408_cc9e66c5b31baab8_MG_R_CC_ANON.jpg 2 20.20714 54.78324 2.40727 3.98244
50994535_de4c34099d6ef8de_MG_R_ML_ANON.jpg 2 57.03601 77.07815 0.68918 -1.36419
50994562_de4c34099d6ef8de_MG_R_CC_ANON.jpg 2 33.35774 57.85736 1.22405 -0.35041
50994589_de4c34099d6ef8de_MG_R_ML_ANON.jpg 2 49.7631 67.67135 0.72544 -1.25735
50994616_de4c34099d6ef8de_MG_R_CC_ANON.jpg 2 41.64083 68.31879 1.09565 -0.65426
50994706_069212ec65a94339_MG_R_CC_ANON.jpg 1 17.99605 36.02342 1.65565 1.33191
50994733_069212ec65a94339_MG_L_ML_ANON.jpg 1 49.62699 74.19737 0.90374 -1.01163
50994760_069212ec65a94339_MG_R_ML_ANON.jpg 1 25.1634 40.22563 1.11299 -0.30783
50994787_069212ec65a94339_MG_L_CC_ANON.jpg 1 27.09017 51.52958 1.44973 0.27946
50994814_069212ec65a94339_MG_L_ML_ANON.jpg 1 43.52601 70.62818 1.07821 -0.67692
50994841_069212ec65a94339_MG_R_ML_ANON.jpg 4 30.36062 49.63181 1.08976 -0.66905
50994868_069212ec65a94339_MG_L_CC_ANON.jpg 1 30.23063 58.87664 1.49595 0.3829
50994895_069212ec65a94339_MG_R_CC_ANON.jpg 4 27.14148 53.57783 1.53526 0.51949
50995762_0c735e8768d276b4_MG_R_ML_ANON.jpg 2 52.6684 74.65596 0.74878 -1.3641
50995789_0c735e8768d276b4_MG_R_CC_ANON.jpg 2 34.18524 61.68279 1.28 -0.29479
50995872_c94d8a1ebd452afe_MG_L_ML_ANON.jpg 1 64.65061 75.44099 0.3547 -1.78584
50995899_c94d8a1ebd452afe_MG_L_CC_ANON.jpg 1 55.86839 81.57929 0.81026 -1.2733
50995963_d742ec2f9b90aa62_MG_L_ML_ANON.jpg 2 55.51425 71.74531 0.57826 -1.54374
50995990_d742ec2f9b90aa62_MG_L_CC_ANON.jpg 2 45.90598 71.46427 0.96101 -0.97925
50996056_71c1a60d57c5322f_MG_L_ML_ANON.jpg 2 41.36176 62.20174 0.89093 -1.09888
50996083_71c1a60d57c5322f_MG_R_ML_ANON.jpg 2 52.89175 77.68956 0.83424 -1.21708
50996110_71c1a60d57c5322f_MG_L_CC_ANON.jpg 2 38.89231 71.29151 1.32588 -0.1616
50996137_71c1a60d57c5322f_MG_R_CC_ANON.jpg 2 41.35092 72.18257 1.21613 -0.432
50996201_8c1b2bd64ca4d778_MG_L_ML_ANON.jpg 2 49.95024 73.06263 0.88835 -0.98547
50996228_8c1b2bd64ca4d778_MG_L_CC_ANON.jpg 2 35.26938 67.72267 1.49791 0.45807
50996325_6aba0b402889a16f_MG_L_ML_ANON.jpg 1 49.35226 72.54331 0.85433 -1.13149
50996352_6aba0b402889a16f_MG_R_ML_ANON.jpg 4 52.04332 73.73853 0.81352 -1.1314
50996379_6aba0b402889a16f_MG_L_CC_ANON.jpg 1 35.07657 66.73392 1.4227 0.12788
50996406_6aba0b402889a16f_MG_R_CC_ANON.jpg 4 34.32399 66.93648 1.49165 0.35638
50996709_330e5fe16929eed4_MG_R_ML_ANON.jpg 2 34.41944 53.96887 0.96829 -0.97882
50996736_330e5fe16929eed4_MG_R_CC_ANON.jpg 2 28.09893 49.19307 1.21852 -0.42257
50996800_fdf4a1516f88b280_MG_L_ML_ANON.jpg 2 58.86964 55.53323 -0.05138 -1.87732
50996827_fdf4a1516f88b280_MG_R_ML_ANON.jpg 2 46.60471 60.0613 0.59969 -1.47393
50996854_fdf4a1516f88b280_MG_L_CC_ANON.jpg 2 51.7966 54.87096 0.15013 -1.91114
50996881_fdf4a1516f88b280_MG_R_CC_ANON.jpg 2 43.16152 57.28078 0.6186 -1.53016
50996945_ce5e5e18a261cd29_MG_L_ML_ANON.jpg 2 41.82862 60.72806 0.81946 -1.21272
50996972_ce5e5e18a261cd29_MG_R_ML_ANON.jpg 2 45.94587 64.3838 0.75961 -1.28083
50996999_ce5e5e18a261cd29_MG_L_CC_ANON.jpg 2 37.72803 63.63375 1.13571 -0.62422
50997026_ce5e5e18a261cd29_MG_R_CC_ANON.jpg 2 30.78295 55.54738 1.28878 -0.25916
50997053_ce5e5e18a261cd29_MG_L_CC_ANON.jpg 1 74.71674 82.82435 0.23552 -1.89102
50997080_ce5e5e18a261cd29_MG_L_ML_ANON.jpg 1 77.25123 76.4222 0.02574 -1.90942
50997107_ce5e5e18a261cd29_MG_R_ML_ANON.jpg 2 69.74394 69.5108 0.04888 -1.89413
50997134_ce5e5e18a261cd29_MG_R_CC_ANON.jpg 2 51.06524 61.76494 0.41251 -1.77395
50997223_9054942f7be52dd9_MG_L_ML_ANON.jpg 2 41.39143 57.34298 0.74266 -1.29367
50997250_9054942f7be52dd9_MG_R_ML_ANON.jpg 2 61.25609 76.30977 0.52482 -1.56228
50997277_9054942f7be52dd9_MG_L_CC_ANON.jpg 2 39.06631 66.63682 1.21682 -0.29532
50997304_9054942f7be52dd9_MG_R_CC_ANON.jpg 2 45.92879 71.39294 1.01336 -0.7467
50997434_97ec8cadfca70d32_MG_L_ML_ANON.jpg 2 47.13258 56.60792 0.46975 -1.58043
50997461_97ec8cadfca70d32_MG_R_ML_ANON.jpg 4 62.99362 75.47011 0.45217 -1.62147
50997488_97ec8cadfca70d32_MG_L_CC_ANON.jpg 2 49.01754 70.50448 0.84081 -1.08287
50997515_97ec8cadfca70d32_MG_R_CC_ANON.jpg 4 52.68932 75.96658 0.82544 -1.15539
50997597_67cc8c9939d74a9a_MG_L_ML_ANON.jpg 2 48.05826 66.72015 0.71565 -1.38713
50997624_67cc8c9939d74a9a_MG_R_ML_ANON.jpg 2 27.45414 47.47073 1.23923 -0.25858
50997651_67cc8c9939d74a9a_MG_L_CC_ANON.jpg 2 39.51874 62.57657 0.96839 -1.02662
50997678_67cc8c9939d74a9a_MG_R_CC_ANON.jpg 2 22.07984 43.87944 1.49769 0.27646
50997742_cbb6c98a81e69eeb_MG_L_ML_ANON.jpg 3 55.63198 72.18719 0.59158 -1.51923
50997769_cbb6c98a81e69eeb_MG_R_ML_ANON.jpg 3 59.89993 77.95084 0.593 -1.52508
50997796_cbb6c98a81e69eeb_MG_L_CC_ANON.jpg 3 45.56195 75.52154 1.07427 -0.80588
50997823_cbb6c98a81e69eeb_MG_R_CC_ANON.jpg 3 42.52294 72.34836 1.13573 -0.66638
50998032_66adfbb4f19c76d2_MG_R_CC_ANON.jpg 2 35.05704 52.44195 0.8804 -1.10745
50998059_66adfbb4f19c76d2_MG_L_ML_ANON.jpg 5 53.81729 66.37982 0.4931 -1.61113
50998086_66adfbb4f19c76d2_MG_R_ML_ANON.jpg 2 46.86259 56.95895 0.45261 -1.67179
50998113_66adfbb4f19c76d2_MG_L_CC_ANON.jpg 5 45.91035 64.93809 0.75545 -1.32693
50998177_f34ee0ab6591b792_MG_L_ML_ANON.jpg 2 43.35889 59.09222 0.6907 -1.399
50998204_f34ee0ab6591b792_MG_R_ML_ANON.jpg 2 51.67965 70.94095 0.72522 -1.31393
50998231_f34ee0ab6591b792_MG_L_CC_ANON.jpg 2 32.26304 50.61322 0.96652 -0.99328
50998258_f34ee0ab6591b792_MG_R_CC_ANON.jpg 2 45.63185 71.13974 0.95711 -1.00058
50998322_1e4b534393d18753_MG_R_ML_ANON.jpg 1 67.64947 78.61276 0.38893 -1.68831
50998349_1e4b534393d18753_MG_R_CC_ANON.jpg 1 35.82573 73.82072 1.60326 0.63599
50998413_1f139436acfc5467_MG_L_ML_ANON.jpg 2 35.56278 52.63227 0.86178 -1.13363
50998440_1f139436acfc5467_MG_R_ML_ANON.jpg 2 42.15486 59.74508 0.79635 -1.19244
50998467_1f139436acfc5467_MG_L_CC_ANON.jpg 2 32.50319 58.27421 1.28045 -0.26384
50998494_1f139436acfc5467_MG_R_CC_ANON.jpg 2 25.62498 43.77307 1.16598 -0.54875
50998580_cd12bc20b3d27d0b_MG_L_ML_ANON.jpg 2 42.75601 67.14826 1.01485 -0.79663
50998607_cd12bc20b3d27d0b_MG_R_ML_ANON.jpg 1 49.78624 77.67899 0.99566 -0.84987
50998634_cd12bc20b3d27d0b_MG_L_CC_ANON.jpg 2 34.45572 68.03449 1.51843 0.42546
50998661_cd12bc20b3d27d0b_MG_R_CC_ANON.jpg 1 35.08432 67.12909 1.44591 0.22018
50998981_a78eba834ef6ee88_MG_R_ML_ANON.jpg 5 28.10832 63.57423 1.87411 1.64602
50999008_a78eba834ef6ee88_MG_R_CC_ANON.jpg 5 15.61785 48.69296 2.8321 6.14082
50999094_cb65e8dac169f596_MG_L_ML_ANON.jpg 2 31.61145 55.31413 1.2541 -0.25469
50999121_cb65e8dac169f596_MG_R_ML_ANON.jpg 1 57.31885 81.49208 0.77375 -1.28455
50999148_cb65e8dac169f596_MG_L_CC_ANON.jpg 2 35.63799 68.30321 1.45387 0.25477
50999175_cb65e8dac169f596_MG_R_CC_ANON.jpg 1 40.15922 68.98765 1.19056 -0.45758
50999246_cb65e8dac169f596_MG_L_ML_ANON.jpg 2 49.19442 74.42538 0.90933 -1.04933
50999273_cb65e8dac169f596_MG_R_ML_ANON.jpg 1 64.25382 85.53876 0.6384 -1.4762
50999300_cb65e8dac169f596_MG_L_CC_ANON.jpg 2 39.86206 71.56149 1.28124 -0.26012
50999327_cb65e8dac169f596_MG_R_CC_ANON.jpg 1 43.638 75.51028 1.1968 -0.4683
50999432_f62fbf38fb208316_MG_L_ML_ANON.jpg 5 34.43014 49.3503 0.80603 -1.20194
50999459_f62fbf38fb208316_MG_L_CC_ANON.jpg 5 40.18968 66.50062 1.09088 -0.71322
51048738_3f22cdda8da215e3_MG_R_ML_ANON.jpg 3 72.32567 81.32723 0.31225 -1.75164
51048765_3f22cdda8da215e3_MG_R_CC_ANON.jpg 3 47.58714 69.96691 0.8545 -1.13509
51048891_f3e93e889a7746f0_MG_L_ML_ANON.jpg 2 53.71591 69.53048 0.60485 -1.4663
51048918_f3e93e889a7746f0_MG_R_ML_ANON.jpg 2 60.39053 76.68828 0.56821 -1.49872
51048945_f3e93e889a7746f0_MG_L_CC_ANON.jpg 2 42.46082 60.38227 0.7807 -1.25534
51048972_f3e93e889a7746f0_MG_R_CC_ANON.jpg 2 46.84919 69.99538 0.89489 -1.03829
51049053_8c105bb715bf1c3c_MG_L_ML_ANON.jpg 2 44.14807 55.95372 0.55696 -1.52294
51049080_8c105bb715bf1c3c_MG_R_ML_ANON.jpg 2 55.48697 66.52053 0.44413 -1.64134
51049107_8c105bb715bf1c3c_MG_L_CC_ANON.jpg 2 32.17734 49.7558 0.94145 -1.02868
51049134_8c105bb715bf1c3c_MG_R_CC_ANON.jpg 2 44.57219 61.50925 0.6968 -1.43157
51049249_832ebce700241036_MG_L_CC_ANON.jpg 2 32.46421 57.88622 1.26875 -0.28718
51049276_832ebce700241036_MG_L_ML_ANON.jpg 2 40.842 61.79965 0.91924 -1.01056
51049462_6f64793857feb5d0_MG_L_ML_ANON.jpg 2 65.04559 76.78161 0.4178 -1.65714
51049489_6f64793857feb5d0_MG_R_ML_ANON.jpg 2 32.40861 42.99512 0.66208 -1.34725
51049516_6f64793857feb5d0_MG_L_CC_ANON.jpg 2 46.73529 70.04246 0.89494 -1.0659
51049543_6f64793857feb5d0_MG_R_CC_ANON.jpg 2 25.06018 40.4503 1.07061 -0.645
51049628_6f64793857feb5d0_MG_L_ML_ANON.jpg 2 55.17483 65.22815 0.42664 -1.63931
51049655_6f64793857feb5d0_MG_R_ML_ANON.jpg 2 39.85767 46.25122 0.40486 -1.62136
51049682_6f64793857feb5d0_MG_L_CC_ANON.jpg 2 46.50871 71.01405 0.93674 -0.98525
51070197_6f64793857feb5d0_MG_R_CC_ANON.jpg 2 24.29344 40.06767 1.12217 -0.51862
53580611_40e22f2e3215b954_MG_L_ML_ANON.jpg 2 46.5283 58.44238 0.52836 -1.58469
53580638_40e22f2e3215b954_MG_R_ML_ANON.jpg 3 61.38764 75.16416 0.4876 -1.60108
53580665_40e22f2e3215b954_MG_L_CC_ANON.jpg 2 50.81936 75.36984 0.8467 -1.20933
53580692_40e22f2e3215b954_MG_R_CC_ANON.jpg 3 50.99589 78.47006 0.92997 -1.05379
53580804_51bec6477a7898b9_MG_L_ML_ANON.jpg 5 48.80594 66.4459 0.71861 -1.30427
53580831_51bec6477a7898b9_MG_R_ML_ANON.jpg 2 46.50192 63.65847 0.74568 -1.24073
53580858_51bec6477a7898b9_MG_L_CC_ANON.jpg 5 42.4639 72.35779 1.16161 -0.55555
53580885_51bec6477a7898b9_MG_R_CC_ANON.jpg 2 34.486 59.76759 1.20169 -0.45885
53580979_4c341dad22471922_MG_L_ML_ANON.jpg 1 52.02861 76.9198 0.85675 -1.15262
53581006_4c341dad22471922_MG_R_ML_ANON.jpg 1 48.91636 74.55845 0.9301 -1.00584
53581033_4c341dad22471922_MG_L_CC_ANON.jpg 1 45.09889 74.53983 1.10687 -0.64451
53581060_4c341dad22471922_MG_R_CC_ANON.jpg 1 42.68783 72.72064 1.17539 -0.48814
53581124_3be876aecfaad4ca_MG_L_ML_ANON.jpg 1 45.68754 72.05315 1.01815 -0.80533
53581151_3be876aecfaad4ca_MG_L_CC_ANON.jpg 1 27.48278 57.4868 1.69742 1.08389
53581237_80123a24997098dc_MG_R_ML_ANON.jpg 1 65.58107 74.7422 0.33832 -1.7325
53581264_80123a24997098dc_MG_R_CC_ANON.jpg 1 46.13274 67.41701 0.84507 -1.13102
53581379_b231a8ba4dd4214f_MG_L_ML_ANON.jpg 1 75.97061 82.65871 0.25626 -1.77129
53581406_b231a8ba4dd4214f_MG_R_ML_ANON.jpg 6 71.2063 82.97899 0.38932 -1.68612
53581433_b231a8ba4dd4214f_MG_L_CC_ANON.jpg 1 56.01791 78.81868 0.72806 -1.40736
53581460_b231a8ba4dd4214f_MG_R_CC_ANON.jpg 6 46.10941 71.57544 0.93705 -1.05992
53581769_573747ee33ef6e5a_MG_L_ML_ANON.jpg 1 56.76851 82.91298 0.82613 -1.21501
53581796_573747ee33ef6e5a_MG_L_CC_ANON.jpg 1 30.50137 57.39367 1.3819 -0.01548
53581860_21e6cc12630e5e9f_MG_L_ML_ANON.jpg 1 21.53332 38.29154 1.2987 -0.06643
53581887_21e6cc12630e5e9f_MG_R_ML_ANON.jpg 2 31.65367 50.2898 1.01564 -0.84078
53581914_21e6cc12630e5e9f_MG_L_CC_ANON.jpg 1 27.77753 61.44771 1.81399 1.42535
53581941_21e6cc12630e5e9f_MG_R_CC_ANON.jpg 2 34.63435 67.23098 1.47348 0.28443
53582304_8913a7e0cf3bd74e_MG_R_ML_ANON.jpg 1 69.64288 82.82803 0.40561 -1.72432
53582331_8913a7e0cf3bd74e_MG_R_CC_ANON.jpg 1 53.74657 79.14069 0.83495 -1.21126
53582395_3f0db31711fc9795_MG_L_ML_ANON.jpg 1 68.02977 79.47725 0.38644 -1.71867
53582422_3f0db31711fc9795_MG_R_ML_ANON.jpg 2 52.11449 70.26183 0.70569 -1.31463
53582449_3f0db31711fc9795_MG_L_CC_ANON.jpg 1 44.43905 73.23697 1.08386 -0.73404
53582476_3f0db31711fc9795_MG_R_CC_ANON.jpg 2 37.011 64.92149 1.22839 -0.40039
53582540_3e73f1c0670cfb0a_MG_R_ML_ANON.jpg 1 53.18627 76.76213 0.8233 -1.17304
53582567_3e73f1c0670cfb0a_MG_R_CC_ANON.jpg 1 33.23001 63.93494 1.44675 0.19877
53582656_465aa5ec1b59efc6_MG_L_ML_ANON.jpg 5 24.18471 40.68503 1.39982 0.62524
53582683_465aa5ec1b59efc6_MG_L_CC_ANON.jpg 5 26.46673 48.52395 1.46461 0.51552
53582710_465aa5ec1b59efc6_MG_R_ML_ANON.jpg 2 62.04605 61.3618 0.0634 -1.83565
53582737_465aa5ec1b59efc6_MG_L_ML_ANON.jpg 2 29.34848 42.91108 0.89182 -0.87114
53582764_465aa5ec1b59efc6_MG_R_ML_ANON.jpg 2 53.82269 57.32561 0.19346 -1.83322
53582791_465aa5ec1b59efc6_MG_L_CC_ANON.jpg 2 27.07583 42.13504 1.00952 -0.65792
53582818_465aa5ec1b59efc6_MG_R_CC_ANON.jpg 2 46.33392 55.65003 0.41125 -1.74508
53586361_dda3c6969a34ff8e_MG_L_ML_ANON.jpg 1 40.89041 64.3 0.99884 -0.86693
53586388_dda3c6969a34ff8e_MG_R_ML_ANON.jpg 1 62.75331 78.42602 0.50709 -1.63345
53586415_dda3c6969a34ff8e_MG_L_CC_ANON.jpg 1 30.89874 60.46845 1.49411 0.3417
53586442_dda3c6969a34ff8e_MG_R_CC_ANON.jpg 1 51.15657 69.89911 0.66598 -1.49385
53586724_e5f3f68b9ce31228_MG_L_ML_ANON.jpg 2 62.85829 70.0694 0.2861 -1.79356
53586751_e5f3f68b9ce31228_MG_R_ML_ANON.jpg 2 35.88588 44.67426 0.53088 -1.50191
53586778_e5f3f68b9ce31228_MG_L_CC_ANON.jpg 2 58.62098 80.44481 0.67735 -1.4812
53586805_e5f3f68b9ce31228_MG_R_CC_ANON.jpg 2 30.82386 43.75754 0.77663 -1.22431
53586869_6ac23356b912ee9b_MG_L_ML_ANON.jpg 2 70.89449 73.23009 0.12769 -1.87515
53586896_6ac23356b912ee9b_MG_L_CC_ANON.jpg 2 69.90775 80.98994 0.32501 -1.83925
53586960_809e3f43339f93c6_MG_L_ML_ANON.jpg 2 44.96113 61.79004 0.72226 -1.33747
53586987_809e3f43339f93c6_MG_R_ML_ANON.jpg 2 69.58119 82.27448 0.38927 -1.75614
53587014_809e3f43339f93c6_MG_L_CC_ANON.jpg 2 41.66065 60.40004 0.79346 -1.30538
53587041_809e3f43339f93c6_MG_R_CC_ANON.jpg 2 75.20151 89.73656 0.3843 -1.80291
53587104_7b71aa9928e6975e_MG_L_ML_ANON.jpg 2 50.47195 73.07499 0.81212 -1.23536
53587131_7b71aa9928e6975e_MG_L_CC_ANON.jpg 2 48.37595 76.26393 0.98676 -0.94046
53587427_d2befe622e188943_MG_L_ML_ANON.jpg 2 64.96412 75.56089 0.41811 -1.59734
53587454_d2befe622e188943_MG_R_ML_ANON.jpg 2 76.08016 76.12565 0.07973 -1.83331
53587481_d2befe622e188943_MG_L_CC_ANON.jpg 2 47.20087 69.89934 0.87903 -1.07505
53587508_d2befe622e188943_MG_R_CC_ANON.jpg 2 65.94546 80.31553 0.45586 -1.67324
53587572_11e6732579acf692_MG_L_ML_ANON.jpg 2 48.7695 58.68729 0.4569 -1.63198
53587599_11e6732579acf692_MG_L_CC_ANON.jpg 2 48.32126 61.42689 0.53896 -1.60016
53587663_5fb370d4c1c71974_MG_R_CC_ANON.jpg 2 24.48983 41.11689 1.11672 -0.67111
53587690_5fb370d4c1c71974_MG_L_ML_ANON.jpg 1 53.71565 69.4145 0.56366 -1.59032
53587717_5fb370d4c1c71974_MG_R_ML_ANON.jpg 2 27.76636 43.37813 0.98676 -0.87684
53587744_5fb370d4c1c71974_MG_L_CC_ANON.jpg 1 55.31822 79.81339 0.77318 -1.3565
