Precisão média por imagem
0.613
0.541
0.559
0.539
0.522
0.511
0.559
0.575
0.573
0.601
0.580
0.577
0.564
0.553
0.545
0.539
0.538
0.537
0.534
0.539
0.538
0.544
0.542
0.541
0.540
0.539
0.537
0.537
0.537
0.532
0.533
0.527
0.525
0.522
0.520
0.518
0.517
0.516
0.515
0.512
0.509
0.507
0.512
0.512
0.515
0.512
0.517
0.516
0.514
0.513
0.511
0.512
0.511
0.510
0.509
0.507
0.516
0.515
0.522
0.521
0.521
0.520
0.519
0.519
0.517
0.517
0.518
0.517
0.515
0.513
0.512
0.510
0.509
0.509
0.509
0.508
0.509
0.509
0.511
0.511
0.510
0.509
0.508
0.507
0.506
0.505
0.504
0.503
0.502
0.508
0.507
0.512
0.511
0.511
0.511
0.510
0.515
0.514
0.515
0.515
0.517
0.517
0.517
0.517
0.517
0.519
0.518
0.517
0.516
0.517
0.517
0.516
0.515
0.515
0.514
0.514
0.513
0.512
0.511
0.510
0.509
0.509
0.509
0.508
0.512
0.516
0.519
0.519
0.518
0.518
0.518
0.518
0.519
0.522
0.524
0.528
0.528
0.527
0.527
0.527
0.526
0.526
0.525
0.524
0.524
0.524
0.524
0.523
0.523
0.522
0.522
0.522
0.521
0.521
0.520
0.523
0.522
0.523
0.522
0.521
0.520
0.521
0.520
0.523
0.524
0.524
0.525
0.525
0.524
0.525
0.525
0.524
0.525
0.524
0.524
0.526
0.525
0.526
0.526
0.526
0.525
0.525
0.524
0.526
0.525
0.525
0.525
0.526
0.525
0.525
0.525
0.525
0.525
0.526
0.526
0.526
0.525
0.525
0.524
0.524
0.524
0.524
0.523
0.524
0.523
0.523
0.522
0.522
0.522
0.523
0.522
0.524
0.526
0.527
0.527
0.528
0.530
0.532
0.534
0.536
0.538
0.540
0.542
0.543
0.546
0.545
0.545
0.545
0.544
0.544
0.544
0.543
0.543
0.543
0.543
0.543
0.543
0.543
0.542
0.542
0.541
0.541
0.540
0.540
0.539
0.539
0.539
0.538
0.538
0.538
0.538
0.538
0.537
0.538
0.538
0.538
0.537
0.537
0.537
0.537
0.537
0.536
0.536
0.536
0.537
0.539
0.539
0.541
0.542
0.543
0.543
0.543
0.543
0.543
0.542
0.542
0.542
0.543
0.543
0.542
0.542
0.543
0.543
0.543
0.543
0.543
0.544
0.545
0.546
0.545
0.545
0.545
0.545
0.545
0.545
0.546
0.546
0.547
0.547
0.547
0.547
0.547
0.547
0.547
0.548
0.548
0.549
0.548
0.548
0.548
0.548
0.547
0.547
0.547
0.547
0.547
0.547
0.547
0.546
0.546
0.546
0.546
0.546
0.546
0.545
0.545
0.545
0.546
0.546
0.546
0.547
0.547
0.548
0.548
0.548
0.548
0.549
0.549
0.550
0.550
0.551
0.551
0.552
0.552
0.552
0.552
0.552
0.552
0.552
0.552
0.552
0.551
0.551
0.551
0.551
0.550
0.550
0.550
0.549
0.549
0.549
0.549
0.549
0.550
0.549
0.549
0.549
0.549
0.549
0.549
0.549
0.548
0.548
0.548
0.548
0.548
0.548
0.547
0.547
0.548
0.549
0.550
0.551
0.552
0.551
0.551
0.551
0.550
0.550
0.551
0.551
0.552
0.552
0.551
0.551
0.551
0.551
0.551
0.551
0.551
0.551
0.550
0.550
0.550
0.550
0.551
0.551
0.551
0.552
0.552