Precisão média por imagem
0.335
0.487
0.494
0.498
0.501
0.472
0.486
0.496
0.498
0.499
0.506
0.510
0.513
0.518
0.520
0.523
0.517
0.511
0.504
0.504
0.497
0.498
0.491
0.484
0.478
0.472
0.473
0.474
0.478
0.482
0.477
0.474
0.473
0.472
0.468
0.463
0.464
0.465
0.461
0.457
0.454
0.452
0.449
0.445
0.449
0.453
0.454
0.455
0.456
0.457
0.460
0.463
0.464
0.463
0.464
0.464
0.468
0.470
0.472
0.473
0.475
0.477
0.476
0.474
0.475
0.475
0.473
0.470
0.471
0.471
0.469
0.468
0.468
0.466
0.467
0.467
0.466
0.464
0.466
0.467
0.469
0.469
0.470
0.471
0.473
0.471
0.469
0.470
0.468
0.467
0.467
0.465
0.464
0.462
0.461
0.459
0.458
0.458
0.460
0.462
0.465
0.465
0.464
0.465
0.465
0.465
0.466
0.466
0.468
0.466
0.467
0.467
0.466
0.468
0.469
0.468
0.469
0.469
0.469
0.469
0.470
0.470
0.470
0.470
0.469
0.469
0.470
0.468
0.468
0.467
0.468
0.469
0.467
0.467
0.467
0.466
0.466
0.468
0.469
0.469
0.469
0.468
0.468
0.469
0.468
0.468
0.468
0.469
0.468
0.467
0.466
0.465
0.464
0.464
0.463
0.462
0.460
0.459
0.458
0.460
0.461
0.461
0.462
0.461
0.460
0.459
0.458
0.457
0.456
0.455
0.454
0.454
0.453
0.453
0.453
0.454
0.455
0.456
0.455
0.455
0.457
0.458
0.459
0.460
0.461
0.460
0.460
0.461
0.462
0.462
0.462
0.462
0.462
0.463
0.464
0.463
0.463
0.464
0.464
0.465
0.464
0.464
0.464
0.464
0.464
0.465
0.466
0.466
0.466
0.465
0.465
0.466
0.466
0.467
0.468
0.468
0.469
0.470
0.470
0.471
0.472
0.472
0.473
0.474
0.475
0.475
0.475
0.475
0.475
0.476
0.476
0.477
0.477
0.478
0.478
0.478
0.478
0.479
0.478
0.478
0.478
0.478
0.478
0.478
0.478
0.478
0.478
0.477
0.477
0.477
0.477
0.478
0.478
0.479
0.479
0.479
0.479
0.480
0.480
0.480
0.481
0.481
0.481
0.482
0.482
0.482
0.482
0.483
0.483
0.483
0.483
0.483
0.483
0.483
0.483
0.482
0.483
0.482
0.482
0.482
0.483
0.482
0.482
0.482
0.482
0.483
0.482
0.482
0.482
0.482
0.482
0.482
0.482
0.482
0.482
0.481
0.481
0.481
0.481
0.482
0.482
0.482
0.482
0.481
0.481
0.480
0.480
0.481
0.481
0.481
0.482
0.482
0.482
0.482
0.482
0.482
0.482
0.483
0.482
0.481
0.482
0.481
0.481
0.481
0.482
0.482
0.483
0.482
0.481
0.482
0.482
0.481
0.481
0.480
0.481
0.481
0.480
0.480
0.479
0.479
0.479
0.478
0.478
0.477
0.477
0.477
0.477
0.477
0.476
0.476
0.475
0.475
0.476
0.476
0.475
0.475
0.475
0.474
0.474
0.474
0.474
0.473
0.474
0.474
0.474
0.474
0.474
0.474
0.475
0.475
0.475
0.476
0.476
0.476
0.477
0.477
0.477
0.478
0.478
0.478
0.479
0.479
0.479
0.479
0.480
0.480
0.480
0.479
0.480
0.480
0.480
0.481
0.481
0.481
0.480
0.480
0.481
0.480
0.480
0.480
0.481
0.481
0.481
0.481
0.481
0.481
0.480
0.481
0.481
0.481
0.481
0.480
0.481
0.481
0.481
0.482
0.481
0.481
0.481
0.481
0.482
0.482
0.482
0.483
0.483
0.483
0.483
0.483
0.483
0.483
0.483
0.483
0.483
0.482
0.483
0.483
0.483
0.483
0.484
0.484
0.484
0.484
0.484
0.485
0.485
0.484
0.484
0.484
0.483
0.483
0.483
0.483
0.482
0.482
0.482
0.482
0.482
0.482
0.482
0.482
0.483
0.483
0.483
0.483
0.483
0.483
0.484
0.483
0.483
0.483
0.483
0.483
0.483
0.483
0.484
0.483
0.483
0.483
0.483
0.482
0.482
0.482
0.482
0.482
0.482
0.482
0.482
0.482
0.482
0.482
0.482
0.482
0.482
0.482
0.481
0.481
0.481
0.481
0.481
0.481
0.481
0.481
0.480
0.480
0.480
0.480
0.480
0.480
0.480
0.479
0.480
0.480
0.480
0.480
0.479
0.479
0.479
0.479
0.478
0.478
0.478
0.478
0.478
0.478
0.478
0.478
0.479
0.479
0.479
0.479
0.480
0.480
0.480
0.480
0.480
0.479
0.479
0.479
0.480
0.480
0.480
0.479
0.479
0.479
0.479
0.479
0.479
0.480
0.479
0.479
0.479
0.479
0.480
0.480
0.480
0.480
0.479
0.479
0.479
0.479
0.479
0.479
0.479
0.478
0.479
0.479
0.479
0.479
0.479
0.479
0.479
0.479
0.479
0.478
0.479
0.479
0.479
0.478
0.478
0.478
0.478
0.477
0.477
0.477
0.477
0.477
0.477
0.477
0.477
0.478
0.478
0.478
0.478
0.478
0.479
0.479
0.479
0.479
0.479
0.479
0.479
0.479
0.479
0.479
0.479
0.479
0.479
0.479
0.479
0.479
0.479
0.479
0.479
0.478
0.478
0.478
0.478
0.478
0.478
0.478
0.478
0.477
0.477
0.477
0.477
0.477
0.476
0.476
0.476
0.476
0.476
0.475
0.475
0.475
0.475
0.476
0.476
0.476
0.476
0.476
0.476
0.477
0.477
0.477
0.477
0.477
0.478
0.477
0.477
0.477
0.477
0.477
0.477
0.477
0.477
0.478
0.478
0.478
0.478
0.478
0.478
0.478
0.477
0.477
0.477
0.477
0.477
0.477
0.478
0.478
0.478
0.478
0.478
0.478
0.479
0.479
0.479
0.478
0.478
0.478
0.478
0.478
0.478
0.479
0.479
0.479
0.479
0.478
0.478
0.478
0.478
0.478
0.478
0.478
0.478
0.479
0.479
0.479
0.479
0.479
0.479
0.480
0.480
0.480
0.480
0.480
0.480
0.479
0.479
0.479
0.479
0.479
0.479
0.479
0.479
0.479
0.479
0.479
0.479
0.479
0.479
0.479
0.479
0.479
0.479
0.479
0.479
0.478
0.479
0.479
0.479
0.479
0.479
0.479
0.480
0.479
0.479
0.479
0.479
0.480
0.480
0.480
0.479
0.479
0.479
0.479
0.479
0.479
0.478
0.478
0.478
0.478
0.478
0.478
0.478
0.478
0.478
0.477
0.477
0.477
0.477
0.477
0.477
0.477
0.477
0.477
0.477
0.478
0.478
0.478
0.478
0.478
0.478
0.478
0.478
0.478
0.479
0.479
0.479
0.479
0.479
0.479
0.479
0.479
0.479
0.479
0.479
0.479
0.479
0.479
0.479
0.480
0.480
0.480
0.480
0.480
0.480
0.480
0.480
0.480
0.480
0.480
0.481
0.481
0.481
0.481
0.481
0.481
0.481
0.481
0.481
0.481
0.482
0.482
0.482
0.482
0.482
0.482
0.482
0.482
0.482
0.482
0.482
0.482
0.482
0.482
0.482
0.483
0.483
0.483
0.483
0.483
0.483
0.483
0.483
0.483
0.483
0.483
0.483
0.483
0.483
0.483
0.483
0.483
0.483
0.483
0.484
0.484
0.484
0.484
0.484
0.484
0.484
0.484
0.484
0.484
0.484
0.484
0.484
0.485
0.485
0.485
0.485
0.484
0.484
0.485
0.485
0.485
0.485
0.485
0.485
0.484
0.484
0.484
0.484
0.484
0.484
0.484
0.484
0.484
0.484
0.484
0.484
0.484
0.485
0.485
0.485
0.485
0.485
0.485
0.485
0.485
0.485
0.485
0.486
0.486
0.486
0.486
0.486
0.486
0.486
0.486
0.486
0.486
0.486
0.486
0.486
0.487
0.487
0.487
0.487
0.486
0.486
0.486
0.486
0.486
0.486
0.486
0.486
0.486
0.486
0.486
0.486
0.486
0.486
0.487
0.487
0.487
0.487
0.487
0.487
0.487
0.487
0.487
0.487
0.487
0.487
0.487
0.487
0.488
0.488
0.488
0.488
0.488
0.488
0.488
0.488
0.488
0.488
0.488
0.488
0.488
0.488
0.488
0.488
0.488
0.488
0.488
0.488
0.488
0.488
0.488
0.488
0.488
0.488
0.489
0.489
0.489
0.489
0.489
0.489
0.489
0.489
0.489
0.489
0.489
0.489
0.489
0.489
0.489
0.489
0.489
0.489
0.489
0.489
0.489
0.489
0.489
0.489
0.489
0.489
0.489
0.489
0.489
0.489
0.489
0.489
0.489
0.489
0.489
0.489
0.490
0.490
0.490
0.490
0.490
0.490
0.490
0.490
0.490
0.490
0.490
0.490
0.490
0.490
0.490
0.490
0.490
0.490
0.490
0.490
0.490
0.490
0.490
0.491
0.491
0.491
0.491
0.491
0.491
0.491
0.491
0.491
0.491
0.491
0.491
0.491
0.491
0.491
0.491
0.491
0.491
0.491
0.491
0.491
0.491
0.492
0.492
0.492
0.492
0.492
0.492
0.492
0.492
0.492
0.492
0.492
0.492
0.492
0.493
0.493
0.493
0.493
0.493
0.493
0.493
0.493
0.493
0.493
0.493
0.493
0.493
0.493
0.493
0.494
0.494
0.494
0.494
0.494
0.494
0.494
0.494
0.494
0.494
0.494
0.494
0.494
0.494
0.494
0.494
0.494
0.494
0.494
0.494
0.494
0.494
0.494
0.494
0.495
0.495
0.495
0.495
0.495
0.495
0.495
0.495
0.495
0.495
0.495
0.495
0.495
0.495
0.495
0.495
0.495
0.495
0.495
0.495
0.495
0.496
0.496
0.496
0.496
0.496
0.496
0.496
0.496
0.496
0.496
0.496
0.496
0.496
0.496
0.497
0.497
0.497
0.497
0.497
0.497
0.497
0.497
0.497
0.497
0.497
0.497
0.497
0.497
0.497
0.497
0.497
0.497
0.497
0.497
0.497
0.497
0.497
0.497
0.497
0.497
0.497
0.497
0.498
0.498
0.498
0.498
0.498
0.498
0.498
0.498
0.498
0.498
0.498
0.498
0.497
0.497
0.497
0.497
0.497
0.497
0.497
0.497
0.497
0.497
0.497
0.497
0.497
0.497
0.498
0.498
0.498
0.498
0.498
0.498
0.498
0.498
0.498
0.498
0.498
0.498
0.498
0.498
0.498
0.498
0.498
0.498
0.498
0.498
0.498
0.498
0.498
0.498
0.498
0.498
0.498
0.498
0.498
0.499
0.499
0.499
0.499
0.499
0.499
0.499
0.499
0.499
0.499
0.499
0.499
0.499
0.499
0.499
0.499
0.499
0.499
0.499
0.499
0.499
0.499
0.499
0.499
0.499
0.499
0.499
0.499
0.499
0.500
0.500
0.500
0.500
0.500
0.500
0.500
0.500
0.500
0.500
0.500
0.500
0.500
0.500
0.500
0.500
0.500
0.500
0.500
0.500
0.500
0.500
0.500
0.500
0.500
0.501
0.501
0.501
0.500
0.501
0.501
0.501
0.501
0.501
0.501
0.501
0.501
0.501
0.501
0.501
0.501
0.501
0.501
0.501
0.501
0.501
0.501
0.501
0.501
0.501
0.501
0.501
0.501
0.501
0.501
0.501
0.501
0.501
0.501
0.501
0.501
0.501
0.501
0.502
0.502
0.502
0.502
0.502
0.502
0.502
0.502
0.502
0.502
0.502
0.502
0.502
0.502
0.502
0.502
0.502
0.502
0.502
0.502
0.502
0.502
0.503
0.503
0.503
0.503
0.503
0.503
0.503
0.503
0.503
0.503
0.503
0.503
0.503
0.503
0.503
0.503
0.503
0.503
0.503
0.503
0.503
0.503
0.503
0.503
0.503
0.503
0.503
0.503
0.503
0.503
0.503
0.503
0.503
0.504
0.503
0.504
0.504
0.504
0.504
0.504
0.503
0.504
0.504
0.504
0.504
0.504
0.504
0.504
0.504
0.504
0.504
0.504
0.504
0.504
0.504
0.504
0.504
0.504
0.504
0.504
0.504
0.504
0.504
0.504
0.504
0.504
0.504
0.504
0.504
0.504
0.504
0.504
0.504
0.504
0.504
0.505
0.505
0.505
0.505
0.505
0.505
0.505
0.505
0.505
0.505
0.505
0.505
0.505
0.505
0.505
0.505
0.505
0.505
0.505
0.505
0.505
0.505
0.505
0.505
0.505
0.505
0.505
0.505
0.505
0.505
0.505
0.505
0.505
0.506
0.506
0.506
0.506
0.506
0.506
0.506
0.506
0.506
0.506
0.506
0.506
0.506
0.506
0.506
0.506
0.506
0.506
0.506
0.506
0.506
0.506
0.506
0.506
0.506
0.506
0.506
0.506
0.506
0.506
0.506
0.506
0.506
0.506
0.506
0.506
0.506
0.506
0.506
0.506
0.506
0.506
0.506
0.506
0.506
0.506
0.506
0.506
0.506
0.506
0.506
0.506
0.506
0.506
0.506
0.506
0.506
0.506
0.507
0.507
0.507
0.507
0.507
0.507
0.507
0.507
0.507
0.507
0.507
0.507
0.507
0.507
0.507
0.507
0.507
0.507
0.507
0.507
0.507
0.507
0.507
0.507
0.507
0.507
0.507
0.507
0.507
0.507
0.507
0.507
0.507
0.507
0.507
0.507
0.507
0.507
0.507
0.507
0.507
0.507
0.507
0.507
0.507
0.507
0.507
0.507
0.507
0.507
0.507
0.507
0.507
0.507
0.507
0.507
0.507
0.507
0.507
0.507
0.507
0.507
0.507
0.507
0.507
0.507
0.507
0.507
0.507
0.507
0.507
0.507
0.507
0.507
0.507
0.507
0.507
0.507
0.507
0.507
0.507
0.507
0.507
0.507
0.508
0.508
0.508
0.508
0.508
0.508
0.507
0.508
0.508
0.508
0.508
0.508
0.508
0.508
0.508
0.508
0.508
0.508
0.508
0.508
0.508
0.508
0.508
0.508
0.508
0.508
0.508
0.508
0.508
0.508
0.508
0.508
0.508
0.508
0.508
0.508
0.508
0.508
0.508
0.508
0.508
0.508
0.508
0.508
0.508
0.508
0.508
0.508
0.508
0.508
0.508
0.508
0.508
0.508
0.508
0.508
0.508
0.508
0.508
0.508
0.508
0.508
0.508
0.508
0.508
0.508
0.508
0.508
0.508
0.508
0.508
0.508
0.508
0.508
0.508
0.508
0.508
0.508
0.508
0.508
0.508
0.508
0.508
0.508
0.508
0.508
0.508
0.508
0.508
0.509
0.508
0.508
0.508
0.508
0.508
0.508
0.508
0.508
0.508
0.508
0.508
0.508
0.508
0.508
0.508
0.508
0.508
0.508
0.508
0.508
0.508
0.508
0.508
0.508
0.508
0.508
0.508
0.508
0.508
0.508
0.508
0.508
0.508
0.508
0.508
0.508
0.508
0.508
0.508
0.508
0.508
0.508
0.508
0.508
0.508
0.508
0.508
0.508
0.508
0.508
0.508
0.508
0.508
0.508
0.508
0.508
0.508
0.508
0.508
0.508
0.509
0.509
0.509
0.509
0.509
0.509
0.509
0.509
0.509
0.509
0.509
0.509
0.509
0.509
0.509
0.509
0.509
0.509
0.509
0.509
0.509
0.509
0.509
0.509
0.509
0.509
0.509
0.509
0.509
0.509
0.509
0.509
0.509
0.509
0.509
0.509
0.509
0.509
0.509
0.509
0.509
0.509
0.509
0.509
0.510
0.510
0.510
0.510
0.510
0.510
0.510
0.510
0.510
0.510
0.510
0.510
0.510
0.510
0.510
0.510
0.510
0.510
0.510
0.510
0.510
0.510
0.510
0.510
0.510
0.510
0.510
0.510
0.510
0.510
0.510
0.510
0.510
0.510
0.510
0.510
0.510
0.510
0.510
0.510
0.510
0.510
0.510
0.510
0.510
0.510
0.510
0.510
0.510
0.510
0.510
0.510
0.510
0.510
0.511
0.511
0.511
0.510
0.510
0.510
0.510
0.510
0.510
0.510
0.510
0.510
0.510
0.510
0.510
0.510
0.510
0.510
0.510
0.510
0.510
0.510
0.510
0.510
0.510
0.511
0.511
0.511
0.511
0.511
0.511
0.511
0.511
0.511
0.511
0.511
0.511
0.511
0.511
0.511
0.511
0.511
0.511
0.511
0.510
0.510
0.510
0.510
0.511
0.511
0.511
0.511
0.511
0.511
0.511
0.511
0.511
0.511
0.511
0.511
0.511
0.511
0.511
0.511
0.511
0.511
0.511
0.511
0.511
0.511
0.511
0.511
0.511
0.511
0.511
0.511
0.511
0.511
0.511
0.511
0.511
0.511
0.511
0.511
0.511
0.511
0.511
0.511
0.511
0.511
0.511
0.511
0.511
0.511
0.511
0.511
0.511
0.511
0.511
0.512
0.512
0.512
0.512
0.512
0.512
0.512
0.512
0.512
0.512
0.512
0.512
0.512
0.512
0.512
0.512
0.512
0.512
0.512
0.512
0.512
0.512
0.512
0.512
0.512
0.512
0.512
0.512
0.512
0.512
0.512
0.512
0.512
0.512
0.512
0.512
0.512
0.512
0.512
0.512
0.512
0.512
0.512
0.512
0.512
0.512
0.512
0.512
0.512
0.512
0.512
0.512
0.512
0.512
0.512
0.512
0.512
0.512
0.512
0.512
0.512
0.512
0.512
0.512
0.512
0.512
0.512
0.512
0.512
0.512
0.512
0.512
0.512
0.512
0.512
0.512
0.512
0.512
0.512
0.512
0.512
0.512
0.512
0.512
0.512
0.512
0.512
0.512
0.512
0.512
0.512
0.512
0.512
0.512
0.512
0.512
0.512
0.512
0.512
0.512
0.512
0.512
0.512
0.512
0.512
0.512
0.512
0.512
0.512
0.512
0.512
0.512
0.512
0.512
0.512
0.512
0.512
0.512
0.512
0.512
0.512
0.512
0.512
0.512
0.512
0.512
0.512
0.512
0.512
0.512
0.512
0.512
0.512
0.512
0.512
0.512
0.512
0.512
0.512
0.512
0.512
0.512
0.512
0.512
0.512
0.512
0.512
0.512
0.512
0.512
0.512
0.512
0.512
0.512
0.512
0.512
0.512
0.512
0.512
0.512
0.512
0.512
0.512
0.512
0.512
0.512
0.512
0.512
0.512
0.512
0.512
0.512
0.512
0.512
0.512
0.512
0.512
0.512
0.512
0.512
0.512
0.512
0.512
0.512
0.512
0.512
0.512
0.512
0.512
0.511
0.511
0.511
0.511
0.511
0.511
0.511
0.511
0.511
0.511
0.511
0.511
0.511
0.511
0.511
0.511
0.511
0.511
0.511
0.511
0.511
0.511
0.511
0.511
0.511
0.511
0.511
0.511
0.511
0.511
0.511
0.511
0.511
0.511
0.511
0.511
0.511
0.511
0.511
0.511
0.511
0.511
0.511
0.511
0.511
0.511
0.511
0.511
0.511
0.511
0.511
0.511
0.511
0.511
0.511
0.511
0.511
0.511
0.511
0.511
0.511
0.511
0.511
0.511
0.511
0.511
0.511
0.511
0.511
0.511
0.511
0.510
0.510
0.510
0.510
0.511
0.510
0.510
0.510
0.510
0.510
0.510
0.510
0.510
0.510
0.510
0.510
0.510
0.510
0.510
0.510
0.510
0.510
0.510
0.510
0.510
0.510
0.510
0.510
0.510
0.510
0.510
0.510
0.510
0.510
0.510
0.510
0.510
0.510
0.510
0.510
0.510
0.510
0.510
0.510
0.510
0.510
0.510
0.510
0.510
0.510
0.510
0.510
0.510
0.510
0.510
0.510
0.510
0.510
0.510
0.510
0.510
0.510
0.510
0.510
0.510
0.510
0.510
0.510
0.510
0.510
0.510
0.510
0.510
0.510
0.510
0.510
0.510
0.510
0.510
0.510
0.510
0.510
0.510
0.510
0.510
0.510
0.510
0.510
0.510
0.510
0.510
0.510
0.510
0.510
0.510
0.510
0.510
0.510
0.510
0.510
0.510
0.510
0.510
0.510
0.510
0.510
0.510
0.510
0.510
0.510
0.510
0.510
0.510
0.510
0.510
0.510
0.510
0.510
0.510
0.510
0.510
0.510
0.510
0.510
0.510
0.510
0.510
0.510
0.510
0.510
0.510
0.510
0.510
0.510
0.510
0.510
0.510
0.510
0.510
0.510
0.510
0.510
0.510
0.510
0.510
0.510
0.510
0.510
0.510
0.510
0.510
0.510
0.510
0.510
0.510
0.510
0.510
0.510
0.510
0.510
0.510
0.510
0.510
0.510
0.510
0.510
0.510
0.510
0.510
0.510
0.510
0.510
0.510
0.510
0.510
0.510
0.510
0.510
0.510
0.510
0.510
0.510
0.510
0.510
0.510
0.510
0.510
0.510
0.510
0.510
0.510
0.510
0.510
0.510
0.510
0.510
0.510
0.510
0.510
0.510
0.510
0.510
0.510
0.510
0.510
0.510
0.510
0.510
0.510
0.510
0.510
0.510
0.510
0.510
0.511
0.511
0.511
0.511
0.511
0.511
0.511
0.511
0.511
0.511
0.511
0.511
0.511
0.511
0.511
0.511
0.511
0.511
0.511
0.511
0.511
0.511
0.511
0.511
0.511
0.511
0.511
0.511
0.511
0.511
0.511
0.511
0.511
0.511
0.511
0.511
0.511
0.511
0.511
0.511
0.511
0.511
0.511
0.511
0.511
0.511
0.511
0.511
0.511
0.511
0.511
0.511
0.511
0.511
0.511
0.511
0.511
0.511
0.511
0.511
0.511
0.511
0.511
0.511
0.511
0.511
0.511
0.511
0.511
0.511
0.511
0.511
0.511
0.511
0.511
0.511
0.511
0.511
0.511
0.511
0.511
0.511
0.511
0.511
0.511
0.511
0.511
0.511
0.511
0.511
0.511
0.511
0.511
0.511
0.511
0.511
0.511
0.511
0.511
0.511
0.511
0.511
0.511
0.511
0.511
0.511
0.511
0.511
0.511
0.511
0.511
0.511
0.511
0.511
0.511
0.511
0.511
0.511
0.511
0.511
0.511
0.511
0.511
0.511
0.511
0.511
0.511
0.511
0.511
0.511
0.511
0.511
0.511
0.511
0.511
0.511
0.511
0.511
0.511
0.511
0.511
0.511
0.511
0.511
0.511
0.510
0.510
0.510
0.510
0.510
0.510
0.510
0.510
0.510
0.510
0.510
0.510
0.510
0.510
0.510
0.510
0.510
0.510
0.510
0.510
0.510
0.510
0.510
0.510
0.510
0.510
0.510
0.510
0.510
0.510
0.510
0.509
0.509
0.509
0.509
0.509
0.509
0.509
0.509
0.509
0.509
0.509
0.509
0.509
0.509
0.509
0.509
0.509
0.509
0.509
0.509
0.509
0.509
0.509
0.509
0.509
0.509
0.509
0.509
0.509
0.508
0.508
0.508
0.508
0.508
0.508
0.508
0.508
0.508
0.508
0.508
0.508
0.508
0.508
0.508
0.508
0.508
0.508
0.508
0.508
0.508
0.508
0.508
0.508
0.508
0.508
0.508
0.508
0.508
0.508
0.508
0.508
0.508
0.507
0.507
0.507
0.507
0.507
0.507
0.507
0.507
0.507
0.507
0.507
0.507
0.507
0.507
0.507
0.507
0.507
0.507
0.507
0.507
0.507
0.507
0.507
0.507
0.507
0.507
0.507
0.507
0.507
0.507
0.507
0.506
0.506
0.506
0.506
0.506
0.506
0.506
0.506
0.506
0.506
0.506
0.506
0.506
0.506
0.506
0.506
0.506
0.506
0.506
0.506
0.506
0.506
0.506
0.506
0.506
0.506
0.506
0.506
0.506
0.506
0.505
0.505
0.505
0.505
0.505
0.505
0.505
0.505
0.505
0.505
0.505
0.505
0.505
0.505
0.505
0.505
0.505
0.505
0.505
0.505
0.505
0.505
0.505
0.505
0.505
0.505
0.505
0.505
0.505
0.505
0.505
0.505
0.504
0.504
0.504
0.504
0.504
0.504
0.504
0.504
0.504
0.504
0.504
0.504
0.504
0.504
0.504
0.504
0.504
0.504
0.504
0.504
0.504
0.504
0.504
0.504
0.504
0.504
0.504
0.504
0.503
0.503
0.503
0.503
0.503
0.503
0.503
0.503
0.503
0.503
0.503
0.503
0.503
0.503
0.503
0.503
0.503
0.503
0.503
0.503
0.503
0.503
0.503
0.503
0.503
0.503
0.502
0.502
0.502
0.502
0.502
0.502
0.502
0.502
0.502
0.502
0.502
0.502
0.502
0.502
0.502
0.502
0.502
0.502
0.502
0.502
0.502
0.502
0.502
0.502
0.502
0.502
0.501
0.501
0.501
0.501
0.501
0.501
0.501
0.501
0.501
0.501
0.501
0.501
0.501
0.501
0.501
0.501
0.501
0.501
0.501
0.501
0.501
0.501
0.501
0.501
0.501
0.501
0.501
0.501
0.501
0.501
0.501
0.500
0.500
0.500
0.500
0.500
0.500
0.500
0.500
0.500
0.500
0.500
0.500
0.500
0.500
0.500
0.500
0.500
0.500
0.500
0.500
0.500
0.500
0.500
0.500
0.500
0.500
0.500
0.500
0.499
0.499
0.499
0.499
0.499
0.499
0.499
0.499
0.499
0.499
0.499
0.499
0.499
0.499
0.499
0.499
0.499
0.499
0.499
0.499
0.499