0 1 118.4034 42.5439 -0.6783 -0.3913 
0 1 126.8839 44.8413 -0.1210 -0.4641 
0 0 166.6218 57.9225 -1.5548 1.5766 
0 0 122.9641 26.1420 -0.5411 0.4296 
0 0 99.1041 35.0862 0.0267 -0.4785 
0 0 77.8350 25.8101 0.4930 1.6447 
0 0 70.2294 23.4672 0.8873 5.6529 
0 0 74.2494 24.4358 0.6722 3.8243 
0 0 66.4785 23.6120 1.9829 10.6404 
0 0 62.9094 27.7111 1.4003 4.6338 
0 0 73.5757 22.2519 1.3632 7.5286 
0 0 77.9781 24.7991 1.1199 4.0118 
0 0 68.4189 21.8631 1.2791 7.8852 
0 0 46.8580 25.9457 4.8691 29.6776 
0 0 80.8505 30.2041 0.4870 -0.0956 
0 0 66.4911 26.8623 1.5720 5.1033 
0 0 131.2821 18.0675 1.0988 6.2227 
0 0 80.5350 23.9476 0.8391 4.1019 
0 0 62.9532 24.8449 1.0760 2.8924 
0 0 70.1995 32.8175 1.2619 2.8268 
0 0 83.6599 57.6537 1.6431 2.0099 
0 0 103.5266 59.9834 1.0589 0.2505 
0 0 164.1315 40.2935 -0.6422 0.0731 
0 0 127.8162 45.4541 -0.1506 -0.2727 
0 1 134.9603 26.9804 -0.8841 2.3045 
0 1 146.8127 24.2235 -0.4465 1.1462 
0 0 117.3666 49.2261 -0.2056 -0.7412 
0 1 136.2779 37.8863 -0.3218 -0.4896 
0 1 135.5749 44.2339 -0.2000 -0.6419 
0 1 180.1179 56.7297 -1.7816 2.7151 
0 1 148.7076 44.2405 -0.3732 -0.2789 
0 0 178.4343 54.6372 -1.2663 0.4972 
0 0 124.7487 35.2165 -0.2854 0.4950 
0 1 144.3960 53.9261 -1.1694 0.2413 
0 1 129.8472 44.3147 0.0288 -0.7988 
0 0 153.1280 38.9003 -0.0720 -0.3671 
0 0 133.0922 38.5660 -0.2247 -0.7547 
0 0 121.2366 35.6114 0.0882 0.3658 
0 0 179.8043 50.3394 -1.1408 0.7286 
0 0 113.5268 42.9613 0.0435 -0.3824 
0 1 100.0216 37.0599 0.7115 0.9426 
0 1 133.6614 43.6544 0.2955 -0.5162 
0 0 87.0629 75.0308 1.4636 0.4712 
0 0 135.7744 55.9395 -1.2462 0.6564 
0 0 150.8344 55.5674 -1.2327 0.7470 
0 0 102.6967 65.2010 1.3249 0.6664 
0 0 63.4230 28.6643 3.7017 22.4864 
0 0 127.9870 41.8123 -1.6227 2.2495 
0 1 157.2983 34.9716 -0.9948 1.3852 
0 1 163.5329 42.4691 -0.8259 0.2319 
0 1 154.2726 57.0858 -0.7130 -0.7980 
0 1 93.1938 27.9571 0.3720 0.3052 
0 1 104.8544 41.2916 0.4488 -0.3010 
0 1 96.8712 33.9794 0.4932 0.4564 
0 1 113.4185 33.8591 0.1754 0.0285 
0 1 85.7671 27.5815 0.8275 2.7432 
0 1 105.9965 38.8394 0.4349 -0.0778 
0 1 109.6900 37.5486 0.0216 -0.2366 
0 0 54.5951 28.1848 3.7675 20.9984 
0 0 68.8950 32.1602 1.5424 4.6466 
0 0 59.5442 26.4474 1.7492 7.4062 
0 0 55.0548 32.3938 2.2437 8.2409 
0 1 167.6136 39.6806 -1.1373 2.1111 
0 1 142.7677 45.1249 -0.8608 -0.3240 
0 0 135.3522 47.3278 -0.2778 -0.7923 
0 0 155.9773 41.6277 -0.5634 -0.2021 
0 0 96.9153 32.0345 -0.0826 -0.3580 
0 0 114.0305 27.8355 0.1179 0.7267 
0 1 180.2586 42.7197 -1.2222 1.2472 
0 1 155.1073 43.6186 -0.6255 -0.3538 
0 0 100.2961 41.7343 -0.0174 -1.0203 
0 0 120.9156 34.6603 0.2703 0.4328 
0 1 85.5951 31.9174 0.4127 0.0458 
0 1 91.9261 35.1034 0.5642 -0.4470 
0 0 107.7318 66.6636 0.4805 -1.1415 
0 1 142.0478 24.5683 -0.5742 1.7090 
0 1 121.0320 21.3101 -0.1183 2.3375 
0 1 194.7939 41.3797 -1.7493 2.9376 
0 1 178.6999 36.1680 -0.8246 1.2866 
0 1 111.0954 29.7292 -0.5904 -0.1689 
0 1 95.8860 41.2294 0.2267 -0.8814 
0 0 32.2531 6.6226 1.7449 31.0540 
0 0 88.5309 31.3335 0.4324 -0.4926 
0 0 87.6725 37.8981 0.2848 -0.6110 
0 0 99.5607 24.2443 -0.3817 1.6332 
0 0 101.0323 30.2251 -0.4323 0.0205 
0 0 76.7507 20.0226 0.5998 3.8203 
0 0 109.3398 17.1038 -1.2163 5.2290 
0 0 62.5197 54.5239 2.7995 6.7854 
0 1 123.6677 58.2343 -0.5893 -0.6993 
0 1 104.9454 75.6855 -0.0813 -1.4112 
0 0 149.5995 47.3312 -0.4975 -0.3633 
0 0 99.5721 36.5109 0.0311 -0.5270 
0 0 72.0436 31.3265 1.0605 4.2283 
0 0 89.4482 71.0750 0.1138 -1.5369 
0 0 58.6672 31.4978 2.2490 5.4293 
0 0 82.8545 35.1776 1.7246 4.0700 
0 0 67.2729 30.1183 1.6321 4.1487 
0 0 61.1473 30.6306 2.5965 8.5590 
0 0 77.6699 32.3126 0.6334 1.5545 
0 0 79.8290 35.9324 1.5992 3.5032 
0 0 99.7195 57.9092 0.6634 -0.5521 
0 0 81.9404 48.5613 1.4539 1.6704 
0 0 97.5940 41.2031 1.6138 2.9903 
0 0 126.5442 40.9220 -0.3476 0.2181 
0 0 122.4113 50.6979 0.3340 -0.8034 
0 0 88.5312 46.9476 1.5983 2.5867 
0 0 79.4428 39.5181 1.3426 2.2311 
0 0 61.3490 31.1375 2.0471 6.6261 
0 0 68.1391 41.9383 2.1262 4.7109 
0 0 65.9783 30.4448 2.7334 10.5493 
0 0 97.4671 42.9897 0.6617 0.9186 
0 0 130.8051 37.3691 -0.2711 2.6864 
0 0 85.5491 37.7889 1.6692 4.3232 
0 0 110.7884 37.5588 0.8259 0.9717 
0 0 67.2590 29.7922 1.5873 3.8825 
0 0 66.3037 48.1113 0.7995 0.5409 
0 0 88.2366 34.7101 1.4960 3.7382 
0 1 92.6589 31.3941 0.5160 0.2638 
0 1 102.1566 41.0797 0.4777 -0.5096 
0 0 126.5799 37.0633 -0.0472 0.1124 
0 0 123.1340 41.8771 -0.2929 -0.6874 
0 0 60.5214 22.7625 0.8532 1.6745 
0 0 70.0623 24.1588 0.2368 -0.4513 
0 1 145.6068 39.0844 -0.0930 -0.2897 
0 1 101.6136 39.1945 0.3292 -0.4515 
0 1 104.7703 34.8341 0.8055 3.2988 
0 0 153.7695 49.9830 -0.3608 -1.0127 
0 1 170.5864 37.5079 -1.0160 2.0540 
0 1 106.5991 44.1054 0.6476 -0.3043 
0 1 157.5162 49.2066 -0.7606 -0.1646 
0 1 161.6501 52.7318 -0.4742 -0.5902 
0 1 114.1127 55.3171 0.4346 -0.7148 
0 0 86.7644 29.8548 0.1511 0.0426 
0 0 81.5171 30.3156 0.4110 -0.0998 
0 0 110.1854 48.4139 -0.0284 -1.0233 
0 1 68.8402 26.4843 1.1554 3.0312 
0 1 73.5418 27.2207 0.5205 0.8404 
0 0 140.6887 45.1964 -0.4458 -0.3809 
0 0 161.5642 51.2855 -1.0263 0.2398 
0 0 105.3725 38.8162 0.9270 0.9224 
0 0 151.7587 50.6565 -0.4264 -0.8039 
0 0 119.2275 41.2500 -0.0698 -0.4391 
0 0 51.4591 17.2251 0.1585 -0.1431 
0 0 130.6086 43.6525 -0.1027 -0.6634 
0 0 106.9356 39.6457 0.3672 0.4256 
0 0 115.7970 42.6346 0.3587 -0.1421 
0 1 78.5621 30.4477 0.5366 0.8328 
0 1 164.0202 43.3669 -0.8950 0.6581 
0 1 141.5824 46.4672 -0.5749 -0.1735 
0 0 95.7989 37.7174 0.2359 -0.4457 
0 0 119.0929 27.2721 -0.3239 0.9016 
0 0 78.1223 25.9165 0.8094 0.9936 
0 0 55.8188 19.6146 0.8042 1.0176 
0 1 124.6059 49.0139 -1.2401 0.9776 
0 0 190.5233 48.4479 -1.6518 2.3586 
0 0 106.3679 27.4866 0.2192 0.3059 
0 0 123.3920 34.9314 -0.4761 0.0397 
0 0 145.0111 37.9702 -0.3096 -0.2273 
0 0 95.3770 23.3669 -0.0760 -0.3631 
0 0 93.5313 33.1406 0.2881 -0.6142 
0 0 94.6614 36.3033 0.6381 0.7790 
0 0 100.1031 38.9631 0.5628 -0.0428 
0 1 82.4674 67.4811 1.9335 2.2571 
0 1 149.3646 52.2284 -0.4865 -0.6839 
0 1 198.6503 41.0136 -2.9459 9.9067 
0 1 204.8405 32.0885 -2.4877 9.4175 
0 0 151.2231 52.7935 -0.3528 -0.3479 
0 0 103.5827 87.5512 1.0204 -0.7244 
0 1 91.5173 34.4071 0.2210 -0.5829 
0 1 91.5640 33.4805 0.2166 -0.6471 
0 0 156.1129 33.4455 -1.2266 2.7814 
0 0 120.5910 35.6103 -0.7086 0.2265 
0 0 120.7358 33.0657 0.5941 0.2735 
0 0 108.2552 35.6284 -0.0983 -0.0777 
0 0 59.5216 35.9729 1.7832 4.4909 
0 0 80.6186 28.7892 0.9021 3.6573 
0 1 56.2642 27.7214 2.5490 11.1038 
0 1 141.0674 81.6149 -0.7358 -0.9397 
0 1 127.2640 85.3645 -0.4847 -1.4672 
0 1 117.6300 61.8026 -0.9551 -0.4502 
0 1 136.5139 44.3114 -1.6438 2.5196 
0 0 153.6008 61.4149 -0.6394 -0.8505 
0 0 136.3003 48.5133 0.0026 -0.8452 
0 0 183.5361 37.6768 -0.8581 0.3770 
0 0 138.0045 57.0844 -0.2729 -0.8253 
0 1 136.8263 20.4643 -1.3427 6.1074 
0 1 137.2669 28.9844 -1.7525 5.3430 
0 0 110.1554 42.3520 0.4385 0.1146 
0 1 95.6076 46.3652 0.6733 -0.3968 
0 1 89.1219 41.8237 0.4155 0.5717 
0 0 125.9839 41.5194 -0.8070 0.2928 
0 0 116.8755 60.4766 0.2533 -1.0420 
0 1 135.2213 42.1476 -0.1469 -0.3242 
0 1 105.1126 32.1092 -0.1033 -0.5204 
0 0 170.9170 45.3788 -1.0178 1.0637 
0 0 153.9772 41.3314 -0.4119 0.4805 
0 0 97.6222 30.5632 0.3326 0.1842 
0 0 103.1943 44.2157 0.2754 -0.5252 
0 0 122.3795 26.4077 0.4082 -0.1896 
0 0 101.7921 48.8901 0.3573 -0.8885 
0 1 124.0432 29.9831 0.3742 0.6941 
0 1 156.5333 52.9904 -0.8624 -0.0065 
0 0 123.9444 45.6856 -0.5414 -0.6543 
0 0 83.3314 32.8773 0.6845 0.7336 
0 0 113.1425 54.1374 -0.0465 -1.2529 
0 0 119.8692 34.0756 -0.3785 -0.1427 
0 0 148.7059 41.9709 -1.0126 0.9714 
0 0 109.2395 33.9364 0.0536 -0.8226 
0 0 152.8419 38.8714 -0.6755 0.5254 
0 1 89.5755 30.9956 -0.0435 -0.3159 
0 1 99.1318 25.7929 0.0835 0.0276 
0 0 69.5584 26.9843 0.6032 1.2533 
0 0 82.7741 21.4490 0.3459 0.8276 
0 0 70.7228 31.9098 1.6457 4.6817 
0 0 50.4371 21.0419 4.5239 29.4870 
0 0 81.8867 36.1674 0.9672 1.1820 
0 0 67.8886 21.8596 2.4604 13.2977 
0 0 155.2767 35.3715 -1.3356 2.0769 
0 0 158.7670 31.4838 0.3110 -0.6967 
0 1 65.9687 30.4866 0.8513 0.5010 
0 1 84.0158 30.0330 0.5153 0.3950 
0 0 147.3791 48.3900 -0.3714 -0.6175 
0 0 101.4538 41.8229 1.0029 0.8185 
0 0 178.1370 36.2906 -1.6098 3.3498 
0 0 139.6798 52.5514 -0.7890 -0.6471 
0 1 133.8259 75.9577 -0.7835 -0.8047 
0 1 72.3092 24.3158 0.2740 0.9889 
0 0 123.3596 32.3295 -0.1829 -0.0413 
0 1 104.1077 32.9362 -0.0133 0.0583 
0 1 104.9041 31.8024 0.2388 0.2442 
0 0 135.2107 35.3745 -1.1115 1.5316 
0 0 173.8580 54.6300 -1.2858 0.6638 
0 0 114.7312 37.4729 -0.5851 -0.5568 
0 0 149.2651 30.3868 -1.0543 1.9274 
0 0 175.2332 32.5010 -0.4608 1.0244 
0 0 137.4257 43.7086 -0.3201 -0.7047 
0 0 130.7621 40.2307 -0.3398 -0.3610 
0 1 136.1889 41.7977 -0.6497 -0.3980 
0 1 147.2358 46.1083 -0.7986 -0.4352 
0 0 105.4268 66.5640 0.2792 -1.4090 
0 0 79.1789 27.0580 -0.0729 -0.7375 
0 0 106.0583 32.6466 0.0185 -0.4054 
0 0 102.6450 40.2472 0.3591 -0.4738 
0 0 104.3831 29.2667 -0.1691 0.0528 
0 0 55.4201 18.3263 0.6898 0.6779 
0 0 105.7058 38.4925 0.2069 -0.5539 
0 0 118.3158 39.5652 -0.2165 -0.6981 
0 0 173.9347 57.3803 -1.4497 1.4880 
0 0 83.3351 25.5295 0.6507 0.8998 
0 0 94.3937 29.2939 0.0524 -0.5948 
0 0 174.2901 42.7102 -1.2652 1.4176 
0 0 146.2544 74.7596 -0.5089 -1.2532 
0 0 161.8979 35.6920 -1.4777 2.4108 
0 0 117.2116 25.1841 -0.1594 0.1708 
0 0 132.8832 83.3945 -0.4916 -1.3920 
0 0 157.6566 49.5086 -1.2162 1.2333 
0 0 137.2590 43.3380 -0.1117 -0.7568 
0 0 114.4770 40.1347 -0.1856 -0.4822 
0 0 123.6081 43.0984 -0.2524 -0.4642 
0 0 56.6081 35.0654 3.3007 13.5821 
0 0 74.2717 24.3348 2.0975 10.2345 
0 0 96.7094 43.7734 -1.1274 0.0923 
0 0 86.3191 23.9018 -0.1123 -0.2617 
0 0 80.0766 27.4728 1.1836 4.8475 
0 0 107.1855 40.9231 -0.2261 0.9204 
0 0 72.0620 27.3077 1.7412 7.2935 
0 0 91.1280 46.4586 1.1242 1.8954 
0 0 92.8052 26.6513 0.8042 5.6391 
0 0 65.5331 20.3833 1.1592 7.8207 
0 0 119.9102 44.0837 -0.4138 -0.4590 
0 0 116.8095 34.7538 -0.1093 2.1532 
0 1 107.6778 41.2088 0.4960 -0.2174 
0 1 107.9875 39.3668 0.3324 -0.0667 
0 0 100.7900 40.3325 0.1090 -0.5956 
0 0 92.4968 34.4818 3.0854 12.4458 
0 0 116.4010 42.6438 0.4638 -0.5256 
0 0 53.3948 19.0441 2.0063 11.4192 
0 0 49.0401 16.6907 5.0703 53.1251 
0 0 66.0501 17.4515 0.5801 1.5053 
0 0 91.6727 25.0344 0.0714 5.0268 
0 0 77.2918 19.0375 0.7742 3.9095 
0 0 107.5041 62.4385 -0.2142 -1.1330 
0 0 83.4698 29.5011 0.5530 0.6585 
0 0 97.3701 34.7526 0.7059 0.4697 
0 0 126.0895 49.6032 0.0212 -0.9741 
0 0 127.8214 34.9667 -0.5547 0.3158 
0 1 109.2661 33.4198 -0.4949 -0.0866 
0 1 115.7225 37.2273 -0.3580 -0.4278 
0 1 120.5408 38.1160 0.3439 -0.2919 
0 1 145.3159 55.7584 -0.2852 -1.1035 
0 1 143.5176 42.3540 -0.2390 -0.5681 
0 0 169.0354 48.9444 -1.3480 1.0387 
0 0 116.2531 32.9625 -0.0126 0.8434 
0 1 170.5775 36.4723 -1.2976 2.5356 
0 1 143.2065 41.3542 -0.6994 -0.1261 
0 0 77.4971 44.3033 1.5624 2.8809 
0 0 67.3259 39.0216 1.9254 4.6724 
0 0 72.2669 27.4748 2.0808 8.4924 
0 0 78.9330 27.1946 1.4782 5.5282 
0 0 97.0980 18.5003 3.2803 22.1945 
0 0 68.3093 28.8992 1.5576 7.3673 
0 1 149.1383 44.6092 -0.7028 0.0164 
0 1 167.3492 60.9521 -0.9703 -0.1104 
0 1 96.6947 53.7406 -0.2032 -1.2271 
0 1 104.9958 19.1856 -0.5025 2.4047 
0 0 109.3675 50.5901 0.2012 -0.9830 
0 0 123.2045 50.7547 -0.0952 -0.8815 
0 0 141.8557 48.9451 -0.3789 -0.6192 
0 0 125.5005 54.3697 0.1194 -1.3339 
0 0 133.2123 59.3950 -1.0184 -0.0789 
0 0 134.0176 43.3630 -1.3814 1.7088 
0 0 151.8140 30.2657 -1.7602 3.5596 
0 0 120.1192 45.6696 -1.3520 1.5732 
0 0 132.7159 57.2176 -1.1195 0.0729 
0 0 130.6687 30.7416 -0.8149 1.5409 
0 0 98.6050 35.7170 -0.4401 -0.2468 
0 0 132.1069 67.5275 -0.9142 -0.5182 
0 0 42.8381 22.9451 4.4551 28.6271 
0 0 43.6927 26.6477 4.9166 28.6765 
0 0 60.8784 22.6839 3.1329 19.5355 
0 0 51.2307 20.6400 3.7262 28.4937 
0 0 43.8201 26.9467 4.7661 28.2557 
0 0 57.3529 24.3330 2.8596 14.2169 
0 0 48.7773 26.7360 4.3476 24.0323 
0 0 52.3141 26.0716 2.3637 11.4725 
0 0 110.2150 35.2850 -0.3306 -0.0572 
0 0 95.9503 38.9849 0.2958 -0.5834 
0 0 79.7833 33.1476 0.5566 0.4989 
0 0 88.9234 40.6116 0.8844 2.2059 
0 0 57.7626 36.9104 2.3418 7.2232 
0 1 115.9386 38.7879 -0.2834 -0.2959 
0 1 115.0114 39.9742 -0.3871 -0.5669 
0 0 120.9959 38.5433 -0.1137 -0.2009 
0 0 129.7233 34.1517 0.2662 0.4427 
0 0 112.3065 39.2955 -0.0375 -0.4625 
0 0 98.9402 32.9017 0.1194 1.2809 
0 0 138.5108 36.2180 0.0343 -0.0296 
0 0 111.4083 32.8169 2.5919 8.2727 
0 0 127.5839 41.1846 0.1700 -0.4610 
0 0 106.3710 31.2506 0.3344 -0.4205 
0 1 138.2994 67.1753 -0.6747 -0.3849 
0 1 143.3505 48.9574 -0.4558 -0.2053 
0 1 96.6860 49.4734 -0.2590 -0.4822 
0 1 107.5945 41.3273 -0.0859 -0.5464 
0 0 118.2654 45.9982 -0.0289 -0.6326 
0 0 101.0010 50.9013 0.5090 -0.8326 
0 0 75.6528 29.0589 1.6351 5.5409 
0 0 101.7837 35.6557 0.4653 1.4184 
0 0 93.3455 35.8259 0.6117 0.3980 
0 0 80.2899 31.9101 0.8880 1.9493 
0 0 76.4793 31.6465 1.2986 3.0508 
0 0 128.7267 50.3623 -0.0755 -1.0999 
0 1 79.1579 23.8232 0.7234 2.1959 
0 1 88.2975 29.0870 0.6289 0.0828 
0 0 105.0680 38.4815 -0.9940 1.8669 
0 0 109.2356 32.0479 0.2786 3.7109 
0 0 96.4766 50.7195 -0.6833 0.0777 
0 0 84.2325 30.7434 0.8377 1.3929 
0 0 69.8702 18.8271 1.2343 5.3075 
0 0 117.3468 33.7151 0.5228 0.9709 
0 1 161.8883 35.1150 -1.1472 1.5979 
0 1 184.2297 28.7103 -1.4824 4.8681 
0 0 103.2205 44.0165 -1.2710 0.7756 
0 0 146.7551 25.7158 -1.1661 4.4689 
0 0 119.0081 44.8546 0.3269 -0.4404 
0 1 160.1495 38.4085 -1.3062 2.1441 
0 1 88.6059 34.2213 0.1587 -0.5237 
0 0 148.6736 37.8293 -0.4901 0.2118 
0 0 126.3817 41.1433 0.1007 -0.7419 
0 0 52.8956 32.7757 3.6730 15.5412 
0 0 66.4139 26.2696 1.2847 5.9433 
0 0 50.1235 27.4624 2.6044 12.0434 
0 0 50.6247 28.3554 3.2847 15.1465 
0 0 113.5130 45.6789 -0.3536 -0.7269 
0 0 55.1814 29.0256 3.2436 13.6641 
0 0 69.1428 23.0392 1.7583 9.8143 
0 0 60.5208 35.2402 2.6309 9.1531 
0 0 75.5493 35.6852 1.4100 3.3341 
0 0 182.4935 47.4356 -1.5562 1.9875 
0 0 133.8918 42.4825 0.0042 -0.4440 
0 0 110.2625 29.5488 -0.4887 1.0654 
0 0 47.7302 18.0371 0.8128 1.5598 
0 0 106.8630 44.9327 0.1860 -0.8199 
0 0 85.5594 26.3471 0.3606 1.1301 
0 0 103.9445 48.0470 0.3862 -1.0177 
0 0 110.2994 49.9820 0.5358 -0.7857 
0 0 66.5928 20.6889 0.3677 1.6602 
0 0 122.8801 35.6466 0.5115 -0.5031 
0 0 85.4778 28.6575 0.9913 3.0688 
0 0 94.4066 33.9915 0.4665 1.0414 
0 0 91.9612 46.8595 -0.5005 -0.4153 
0 0 42.8033 12.7077 0.9784 11.6942 
0 0 80.8803 42.0443 2.0949 5.6034 
0 0 91.7852 37.9391 1.4485 4.3417 
0 0 126.4688 42.9276 -0.9007 -0.1025 
0 0 131.0151 38.6294 -0.1997 -0.4860 
0 0 146.7474 46.3560 -0.6121 -0.0570 
0 0 104.1128 51.8893 0.5212 -0.7371 
0 1 125.6116 25.8884 -0.2411 1.8976 
0 1 108.4281 39.5219 0.0369 -0.7895 
0 1 69.3899 42.1300 -0.0667 -0.5796 
0 0 78.3091 51.2345 2.4028 5.6073 
0 0 89.1175 31.1392 0.5456 2.1112 
0 0 108.0273 34.8558 0.1683 -0.3267 
0 0 97.1733 38.3609 0.4110 -0.3190 
0 0 99.9412 33.3727 0.0752 0.0423 
0 1 63.0222 29.4004 0.8542 1.6651 
0 1 62.6079 25.2351 1.6110 7.6534 
0 0 111.7103 37.6087 0.3521 -0.5268 
0 0 94.5875 31.9499 0.4535 0.1307 
0 1 152.6580 40.6600 -0.3005 0.2256 
0 1 133.9851 52.9660 0.0556 -1.1658 
0 0 97.5318 31.4440 0.3377 2.4045 
0 0 140.9550 44.5487 -0.2902 -0.3474 
0 0 114.1996 32.7577 -0.0241 1.0886 
0 0 94.9893 50.0256 0.1098 -0.7698 
0 1 105.2570 32.9916 0.0720 0.0482 
0 1 148.9229 39.5480 -0.0479 -0.7411 
0 1 130.3032 33.4987 -0.2137 -0.0150 
0 1 155.1474 50.1936 -0.6005 -0.3895 
0 1 157.3389 36.6214 -0.7820 0.7967 
0 1 140.9422 48.8663 -0.3474 -0.8610 
0 1 117.2686 41.5909 0.0043 -0.6533 
0 0 111.5804 30.7097 0.0013 0.3702 
0 0 90.2876 40.0151 1.6611 5.0920 
0 0 146.4613 68.7667 -0.9447 -0.5963 
0 0 87.4327 29.9586 0.5695 1.8379 
0 0 121.3576 35.5846 -0.0665 -0.3639 
0 0 145.1520 74.8092 -0.6891 -1.0888 
0 1 139.6774 34.2411 -1.4413 2.4604 
0 1 125.3007 27.7824 -0.5962 1.7931 
0 1 144.7551 55.3253 -0.4772 -0.8457 
0 0 86.0517 32.1814 2.3375 7.9456 
0 0 64.3648 41.5925 2.8736 8.7261 
0 0 81.4591 49.4476 1.8306 3.2950 
0 0 87.3262 33.0468 2.5031 8.7675 
0 0 160.1673 22.0527 -1.7381 5.7782 
0 0 113.6417 29.1266 -0.3527 0.0303 
0 0 106.0833 26.2126 0.3818 1.3403 
0 0 61.8502 23.9744 1.0928 2.9999 
0 0 74.4392 31.6900 0.7433 0.3709 
0 0 72.0967 31.8074 0.6453 0.3449 
0 0 58.8606 25.1214 0.5316 -0.3091 
0 0 78.1207 23.3617 0.6877 4.2331 
0 0 61.5854 22.7734 0.7404 2.4549 
0 0 80.7421 32.6570 0.5668 -0.0274 
0 0 92.6777 30.9301 0.4024 1.2874 
0 0 132.5889 41.7738 -0.2726 -0.7714 
0 0 139.4970 37.3750 -0.0172 0.0827 
0 0 101.1256 29.4043 2.8230 10.7527 
0 1 92.9965 30.6963 0.5086 0.7818 
0 1 64.2742 20.7202 0.8438 4.6664 
0 1 66.8045 20.9355 0.1554 0.3461 
0 1 60.6192 23.1470 0.9504 3.0396 
0 1 68.9248 24.9320 0.8299 2.9259 
0 0 129.6143 45.0804 -0.0701 -0.8667 
0 0 95.0432 25.7332 0.0278 -0.0180 
0 1 134.5179 53.4101 -0.7840 0.7966 
0 1 142.5984 41.0833 -0.4848 0.6384 
0 1 39.2730 19.5624 5.1447 45.8337 
0 1 101.1353 31.4265 0.3809 -0.3719 
0 0 115.6243 36.6087 0.0792 -0.3436 
0 0 135.3226 35.2854 -0.7222 0.5659 
0 1 86.2142 40.7309 0.5405 0.2039 
0 0 143.0321 43.0501 -0.2962 -0.2546 
0 0 138.3029 47.1417 -0.5281 -0.3325 
0 1 99.1907 35.2712 0.7918 0.9987 
0 0 88.0096 28.4638 0.8795 1.9492 
0 0 119.5795 31.7644 0.2782 -0.3029 
0 1 106.8115 69.7191 -0.4118 -1.1941 
0 1 146.1658 45.5810 -0.5392 0.5609 
0 1 141.3370 38.0602 0.6337 -0.8349 
0 1 92.7940 51.2969 -0.6662 -0.7883 
0 0 160.3158 35.0647 -1.0963 1.8941 
0 0 130.2094 35.3075 -0.6197 0.4322 
0 1 56.8541 59.9773 0.7985 -0.3120 
0 1 68.6886 75.5528 0.6693 -0.9943 
0 1 101.3593 43.2420 0.0982 -0.9958 
0 1 97.6427 45.4337 -0.0624 -0.9625 
0 0 157.4225 39.3425 -0.8468 0.4579 
0 0 114.1066 34.2276 -0.4349 -0.2759 
0 0 130.0059 44.2615 0.1716 -0.7722 
0 1 163.6304 42.1069 -1.0466 0.6213 
0 0 84.7511 29.7341 0.0623 -0.2335 
0 1 131.5195 46.3110 -0.0595 -0.4645 
0 1 188.1416 31.2240 -1.8962 5.2608 
0 1 186.6666 43.8158 -1.7484 2.4083 
0 1 161.0521 48.5246 -1.3108 1.0156 
0 1 119.7207 40.2930 -0.1469 -0.5970 
0 1 146.4879 47.3164 -0.1429 -0.6676 
0 1 125.2523 42.1274 -0.1057 -0.4275 
0 0 75.2727 27.9290 1.5199 5.3321 
0 0 98.2924 28.9760 0.6503 1.5551 
0 0 123.5153 31.3519 -0.1052 -1.0934 
0 0 78.8265 28.3681 0.4807 -0.0679 
0 0 153.2522 55.5749 -0.7156 0.1861 
0 0 114.6739 29.9537 0.3754 1.6275 
0 0 134.3008 41.1782 -0.5873 -0.1924 
0 0 120.9727 41.9915 -0.0803 -0.5799 
0 0 87.0315 45.9215 2.1540 6.0055 
0 0 125.8414 43.4752 0.0595 -0.2072 
0 1 152.6889 31.4814 -1.4681 2.4538 
0 1 100.1566 34.1831 0.3361 0.0022 
0 0 127.5008 23.9484 -1.0875 2.4133 
0 0 161.4330 65.2217 -0.9241 -0.4022 
0 0 124.7200 31.6622 -0.5003 0.0014 
0 0 80.8296 34.7467 1.8244 5.3619 
0 0 126.7887 48.3530 -0.1121 -0.9501 
0 0 102.2390 19.4720 1.4118 5.3408 
0 0 141.2245 53.2506 -0.8143 -0.6135 
0 1 112.4270 35.1273 -0.4642 0.0419 
0 1 123.2323 37.3502 -0.9435 2.3613 
0 1 86.6649 40.9257 0.3599 -0.6505 
0 1 116.1066 45.7661 -0.4702 -0.9592 
0 0 34.6690 41.3462 4.4441 19.8990 
0 0 53.5033 31.5809 3.2681 14.7078 
0 0 47.4159 16.1454 0.3945 1.4662 
0 0 85.7501 25.3750 0.0107 0.2225 
0 0 156.2304 53.8849 -0.2226 -1.0654 
0 0 162.6658 58.2407 -1.3199 1.0961 
0 0 178.9428 35.7110 -1.4273 1.7142 
0 1 128.9877 35.2956 -0.1836 -0.4258 
0 1 152.8161 46.6039 -0.4986 -0.7711 
0 1 112.1296 38.6183 0.3641 -0.0374 
0 1 127.6985 56.1720 -0.4013 -1.1428 
0 0 76.7939 16.1860 0.5328 0.5747 
0 0 73.4001 27.1358 0.7816 0.4370 
0 1 121.6354 24.1108 -2.4143 8.1492 
0 1 103.0905 69.4277 -0.2054 -1.3442 
0 1 152.4427 28.5388 -0.7447 2.4248 
0 1 166.2559 70.0613 -1.3913 0.5162 
0 0 82.2949 41.4102 0.8522 -0.0160 
0 0 79.2950 25.3767 0.3661 0.2376 
0 0 99.2618 38.9275 0.0599 -1.1630 
0 0 94.1034 31.3334 0.3301 0.1302 
0 0 123.3139 51.9134 0.2490 -1.2283 
0 0 101.0335 40.1793 0.1322 -0.4107 
0 1 137.6902 51.6213 -0.1341 -1.2270 
0 1 151.6687 53.1489 -0.4022 -0.6737 
0 0 74.7937 26.0315 0.7473 2.3137 
0 0 83.5394 34.4429 0.3166 -0.3362 
0 0 116.1131 56.1722 -0.2718 -1.3892 
0 0 71.1397 22.3012 1.5376 7.5816 
0 0 46.8043 28.4611 3.9752 22.1139 
0 0 56.7380 37.4491 2.0919 6.4037 
0 0 135.7277 71.8007 -0.8143 -0.8587 
0 0 124.6165 65.9887 -0.8681 -0.6424 
0 0 157.3886 76.5699 -1.0453 -0.3035 
0 0 179.6127 48.5663 -1.6821 2.9402 
0 0 94.2208 30.5306 0.6144 0.4759 
0 0 117.0769 40.0099 -0.3760 -0.3098 
0 1 119.1395 58.9786 -0.8069 -0.4297 
0 1 182.3893 57.6099 -1.8351 2.8701 
0 1 126.1989 50.9162 0.0717 -1.1116 
0 1 99.4494 30.3699 -0.4348 -0.3365 
0 1 113.8842 39.5321 0.1509 -0.8812 
0 1 130.5481 45.5549 -0.1991 -0.5588 
0 1 88.1240 54.0523 0.0512 -1.1313 
0 1 113.3164 67.9716 -0.2051 -1.0071 
0 0 106.6054 53.0164 0.1979 -1.1731 
0 0 135.8234 48.5926 -0.5930 -0.3556 
0 0 92.0317 34.3152 -0.4702 -0.3317 
0 0 104.5377 35.9398 0.4275 -0.2324 
0 0 136.6064 61.9766 -0.8691 -0.2953 
0 0 130.2981 65.2159 -0.2801 -1.0257 
0 0 137.6312 44.5149 -0.2300 -0.9613 
0 0 154.5536 36.2112 -0.4827 0.9646 
0 0 151.2192 61.9063 -0.3633 -0.9252 
0 0 102.3422 41.3280 0.7540 0.2285 
0 1 127.8008 42.9960 -0.1747 -0.9189 
0 1 140.8552 35.0569 -0.6373 0.7334 
0 0 119.7110 76.6627 -0.6327 -1.2875 
0 0 132.7768 66.9345 -1.2126 -0.1848 
0 0 51.8855 23.9906 2.1672 10.4591 
0 0 114.6552 41.7789 -0.2028 -0.3755 
0 0 106.4302 38.4611 -0.1280 -0.7197 
0 1 116.3704 34.0970 0.1364 -0.4254 
0 1 139.9944 41.5473 -0.5285 -0.4088 
0 1 87.2382 38.0079 0.3078 0.1190 
0 1 162.5782 40.2393 -0.6363 0.6627 
0 1 76.0565 25.8055 0.7044 1.3269 
0 1 106.9114 40.8783 0.0474 -0.6861 
0 1 119.2546 39.5289 0.2437 0.0235 
0 1 129.4877 37.6898 0.0849 -0.1482 
0 0 144.8376 48.0367 -0.5501 -0.3224 
0 0 154.1587 32.5215 -1.1052 2.2483 
0 0 66.7745 35.2575 1.3959 2.7790 
0 0 101.1813 38.5587 0.4845 0.4471 
0 0 106.1901 46.7350 0.5405 0.2538 
0 0 109.8974 50.2034 0.5086 -0.2669 
0 0 77.9446 26.5528 1.3038 6.4535 
0 0 77.6557 37.6752 1.8011 4.3750 
0 0 75.1909 33.5704 1.5110 4.8538 
0 0 105.0905 31.8567 0.1934 0.3181 
0 0 112.1356 35.3377 0.3823 -0.0786 
0 0 120.3388 41.2983 -0.4066 -0.5421 
0 1 108.3479 32.2164 0.4519 0.3982 
0 1 116.1455 48.8621 0.2200 -0.6158 
0 1 80.7770 24.9802 0.2823 2.1989 
0 1 150.7066 36.6135 -0.8463 0.9527 
0 0 152.7024 41.2591 -2.2064 4.4600 
0 0 134.1880 40.4807 0.0957 -0.5658 
0 0 114.5268 29.9020 0.6779 0.1740 
0 0 61.4813 30.7913 2.3234 11.9040 
0 0 94.5827 30.5173 0.3823 0.4418 
0 0 107.1755 50.2303 0.3745 -0.6690 
0 0 100.9513 31.5229 0.0606 1.7300 
0 0 141.7083 36.2242 -0.8173 0.6720 
0 0 92.7572 40.8626 0.3850 -0.3619 
0 0 144.1932 51.6196 -0.5434 -0.5563 
0 1 155.2728 59.7867 -0.4825 -0.6828 
0 1 155.4627 42.2064 -1.1941 1.1566 
0 1 151.7751 50.0974 -0.2972 -0.5765 
0 1 113.5112 50.0950 0.1323 -1.0564 
0 0 110.5277 54.1667 -1.1122 -0.1899 
0 0 125.5717 41.4040 -0.8419 0.3945 
0 0 111.7934 40.2739 -1.3137 1.4488 
0 0 83.9487 25.5440 0.9586 3.5433 
0 0 94.2292 50.4264 -0.7346 -0.5470 
0 0 118.6557 19.2063 0.6142 1.6054 
0 0 56.0969 17.6947 0.6652 1.8436 
0 0 58.4424 21.6613 2.7457 11.6518 
0 0 120.7099 38.2321 0.1460 -0.3581 
0 0 86.0706 25.0006 0.7057 1.4857 
0 0 52.6577 21.6484 2.4726 11.3090 
0 0 90.0555 30.4007 0.6570 0.1391 
0 0 99.6286 31.5598 0.4833 0.2177 
0 0 50.5336 24.4492 2.4715 10.1253 
0 1 159.3582 38.0373 -0.0976 0.3177 
0 1 170.1688 33.6420 0.0448 0.8100 
0 1 116.1332 47.9037 -0.0350 -1.0048 
0 1 112.6186 39.8949 -0.4793 -0.1637 
0 0 95.0012 31.1246 0.1385 -0.6343 
0 0 130.1183 43.9194 0.0068 -0.6783 
0 0 95.3827 56.8794 0.5347 -1.0672 
0 0 110.0214 40.5130 0.2493 -0.6862 
0 0 59.8693 24.2540 4.2108 31.2159 
0 0 89.8185 25.0195 0.5296 0.5152 
0 0 131.4551 58.2297 0.6798 0.2931 
0 0 78.5744 72.9485 1.6991 1.1337 
0 0 131.8337 32.0451 -0.5643 0.6968 
0 0 149.6380 46.8796 -0.4970 -0.3266 
0 0 59.6321 22.9317 0.5655 2.1148 
0 1 169.4608 78.7297 -0.9776 -0.4629 
0 1 99.3016 76.9167 0.0233 -1.5580 
0 0 87.3363 18.9032 0.1157 10.8064 
0 0 88.3379 49.5278 0.0768 -0.3462 
0 0 79.0196 42.6662 -0.4899 -0.5416 
0 0 111.4745 44.7393 -0.6392 -0.0178 
0 0 68.5161 51.9818 0.1933 -0.9854 
0 0 94.2413 45.4971 -0.3122 -0.2645 
0 0 103.7595 25.4788 0.4094 0.5882 
0 0 137.9597 58.1927 -0.5373 -0.7430 
0 0 104.3568 37.8149 0.2954 -0.7718 
0 0 125.6075 50.1716 0.0008 -1.0380 
0 0 106.4081 44.8814 0.0184 -0.5021 
0 1 192.7641 35.9838 -2.4254 6.7585 
0 1 199.4743 45.8388 -1.8401 2.7327 
0 0 138.5722 43.9776 -1.1563 0.7007 
0 0 84.4698 27.7749 0.3285 0.4231 
0 0 101.5131 38.3840 0.2871 -0.3794 
0 0 118.8222 44.7931 -0.3388 -1.2095 
0 1 101.3618 39.3166 0.5249 0.0943 
0 1 130.5114 43.3424 -0.0291 0.1738 
0 0 123.1075 47.7597 -0.3711 -0.7441 
0 0 117.6432 40.1644 -0.2458 -0.2341 
0 0 83.7809 18.1614 0.8864 3.7596 
0 0 78.3269 24.6736 0.4057 0.5193 
0 1 160.4009 44.5008 -0.7477 0.0011 
0 1 117.1614 43.8599 0.0835 -0.6624 
0 0 119.2617 44.6490 0.1706 -0.4933 
0 0 145.1313 35.2174 -0.4586 0.3775 
0 1 134.0297 39.3817 -1.0168 0.4947 
0 1 113.6524 34.0691 -0.2535 0.0020 
0 0 123.2017 51.9335 -0.0799 -1.0651 
0 0 125.3323 45.8361 0.1634 -0.3405 
0 1 66.4366 31.6072 2.2100 9.9159 
0 1 134.6451 43.1477 -0.2319 -0.9679 
0 0 119.9419 40.8013 -1.1819 1.6213 
0 0 96.7339 28.1688 0.2050 1.2837 
0 0 168.0377 29.0556 -1.0225 2.0789 
0 0 81.0340 36.3773 2.8380 11.5169 
0 0 146.7455 41.7841 -0.8083 0.4578 
0 0 71.2699 38.4006 2.2410 8.4157 
0 1 134.7706 23.3847 0.5576 0.2654 
0 1 135.8334 45.2342 -0.7853 -0.1779 
0 1 109.9150 29.2046 -0.1093 0.2312 
0 1 156.1431 34.2293 -0.1016 -0.2132 
0 1 136.5736 29.3633 0.0292 -0.5367 
0 1 141.4802 33.6311 -0.1670 0.1215 
0 0 87.7406 27.0418 0.2904 0.2636 
0 0 100.0635 31.0038 -0.0183 0.0249 
0 0 80.0562 30.2956 0.7881 1.8419 
0 0 120.8453 35.6618 -0.4438 1.0386 
0 0 146.3989 42.7779 -0.2061 -0.4418 
0 0 90.9867 23.3769 0.7597 2.2666 
0 0 74.3728 23.2592 1.3038 3.9072 
0 0 121.6093 56.4065 -0.1052 -0.6343 
0 0 141.4845 42.9741 -0.3092 -0.3271 
0 0 98.4609 38.9018 -0.1015 -0.6784 
0 1 124.8337 41.9306 -0.1634 -0.4770 
0 0 97.8818 34.5045 0.2399 -0.3874 
0 0 105.8558 42.9713 0.5284 -0.1636 
0 1 107.5761 77.2259 -0.1919 -1.4846 
0 1 83.2786 62.5825 0.1953 -1.0513 
0 1 92.4998 43.5521 0.6497 -0.1788 
0 0 102.6098 36.1277 1.1579 2.9140 
0 0 102.0428 40.1370 1.0411 1.8732 
0 0 144.5837 41.5671 -0.4485 0.7253 
0 0 138.6084 67.5080 -0.1998 -1.0329 
0 0 115.0455 39.5972 0.0563 0.0630 
0 0 137.7240 34.9121 -0.7419 1.6312 
0 0 117.1013 41.3743 0.0642 -0.8479 
0 0 80.8533 28.9749 0.4801 0.4566 
0 0 79.1772 39.0183 0.1901 -0.7791 
0 1 122.0929 41.4052 0.0276 -0.6808 
0 0 108.7807 34.9782 0.1896 -0.7523 
0 0 77.3177 27.2098 0.1079 -0.3705 
0 0 72.8170 23.4528 0.6445 2.7771 
0 0 65.6763 22.7346 1.9341 10.6243 
0 0 88.6398 37.1365 0.8467 0.6844 
0 0 77.3402 24.5548 0.6629 1.9996 
0 0 86.5743 23.6935 0.4396 0.3841 
0 0 105.7308 34.2383 0.4581 0.5065 
0 0 120.9293 43.8464 -0.0367 -0.8488 
0 0 73.8646 21.0767 0.4315 0.5913 
0 1 110.7695 41.9426 -0.6370 -0.6660 
0 1 129.7546 64.5847 -0.0738 -0.9969 
0 0 151.7378 35.5707 -0.8261 0.8929 
0 0 113.3566 34.4842 0.4986 0.1230 
0 1 76.7561 33.4879 0.7511 0.1733 
0 1 130.1953 40.4107 -0.1483 -0.4033 
0 1 145.1976 47.5457 -0.7992 -0.2339 
0 1 149.7110 37.3110 -0.4587 0.1873 
0 1 96.4417 53.1957 -0.1275 -0.8417 
0 1 140.6637 52.7077 -0.8177 -0.3521 
0 1 168.5872 36.1664 -2.2874 5.5621 
0 0 132.2584 54.5699 -0.4154 -0.8194 
0 1 60.1558 43.1943 0.3184 -0.6935 
0 0 153.3485 50.6456 -1.1851 0.4820 
0 0 104.5589 38.1406 0.5550 -0.0474 
0 0 137.4271 42.9446 -0.3872 -0.5646 
0 1 91.9879 33.4176 0.1720 -0.4432 
0 1 125.9706 34.5591 -0.4950 -0.0543 
0 0 103.7774 38.2341 0.5091 -0.2797 
0 0 143.7390 35.3968 -0.6014 0.1748 
0 1 193.8799 41.0723 -0.9267 1.0785 
0 1 175.0201 40.8455 -1.0054 0.6319 
0 0 97.2054 30.9328 0.3298 -0.0299 
0 0 107.4217 21.6423 0.9294 3.4682 
0 0 74.5192 27.3495 0.7926 0.3454 
0 0 95.0928 42.2947 0.6613 -0.1291 
0 0 89.6996 31.0075 0.6812 0.5021 
0 0 56.7367 21.5024 1.8717 9.1999 
0 0 65.8725 20.0468 1.1828 4.6467 
0 1 95.7020 36.7668 0.5532 -0.0305 
0 1 157.2417 36.3664 -1.2146 2.2967 
0 1 89.0884 29.6947 0.7773 2.7836 
0 1 111.3880 37.9371 0.1783 -0.6392 
0 1 111.0451 42.9810 0.4182 -0.2636 
0 1 131.4632 32.8256 0.0692 -0.2336 
0 1 143.6890 53.1706 0.0057 -0.8690 
0 0 105.9564 45.0278 0.7199 -0.0319 
0 0 176.1893 34.3450 -1.7384 3.5444 
0 0 141.5158 51.7185 -0.0707 -0.5533 
0 1 168.5630 42.0233 -1.2587 1.3186 
0 1 167.3340 47.2936 -0.8422 0.0996 
0 1 164.8802 70.1010 -1.1726 0.2152 
0 1 155.3809 39.3452 -1.8069 3.7101 
0 1 96.0062 31.0098 0.1565 -0.0054 
0 1 140.4033 36.7634 -0.3004 0.0523 
0 1 129.3607 32.0440 0.2834 0.1828 
0 1 140.5346 36.0144 -0.1885 -0.0591 
0 0 79.7660 32.7575 1.9056 5.1280 
0 0 80.2069 36.3895 1.8520 4.5212 
0 0 128.7044 55.5202 -0.6300 -0.8195 
0 0 79.8585 40.8525 1.0675 1.4503 
0 1 119.3198 48.8943 -0.6234 -0.6641 
0 1 121.3938 54.5384 -0.4542 -1.0253 
0 1 111.1403 46.4988 -0.2439 -1.0995 
0 1 122.2066 40.4524 0.0617 -0.3122 
0 1 113.5068 55.2184 0.1535 -1.1748 
0 1 116.5019 64.7313 -0.5838 -0.7935 
0 1 113.2227 60.7500 -0.6831 -0.5531 
0 0 48.3992 19.9058 3.9032 31.3709 
0 0 51.7998 20.6085 4.0406 30.1674 
0 0 115.1464 34.4935 0.1648 0.8533 
0 1 83.4394 25.2245 0.3023 0.0376 
0 1 51.5373 20.7943 0.3452 -0.4959 
0 0 99.2701 76.3920 0.2180 -1.2261 
0 0 139.5228 54.4502 -0.1410 -0.9968 
0 0 129.3695 35.6462 -0.0485 0.1888 
0 0 74.1830 23.5781 0.9264 3.3491 
0 0 60.4323 24.4877 0.1870 -0.2827 
0 0 96.8798 31.1358 -0.1726 -0.0707 
0 0 95.7805 46.6777 0.3560 -1.3083 
0 0 74.7392 23.0734 0.7782 2.9924 
0 0 105.4672 39.7378 0.3339 -0.4776 
0 0 99.1458 31.8674 0.3060 -0.0237 
0 0 116.1390 33.7919 -0.1126 0.1780 
0 0 132.4807 35.1904 -0.0936 0.1431 
0 0 113.1114 45.0026 0.4292 -0.6355 
0 0 65.0055 23.3065 1.1107 3.9485 
0 0 66.9616 19.4538 1.0063 3.2816 
0 0 99.1856 43.4343 0.4871 -0.5702 
0 0 84.3452 31.4037 0.4734 0.4783 
0 0 72.6834 25.5961 0.5665 1.5971 
0 0 80.2071 25.1282 -0.3873 0.5583 
0 0 139.4915 43.7058 -0.1085 -0.1130 
0 0 130.1264 44.0829 -0.1142 -0.0768 
0 0 148.1031 41.7804 -0.2057 -0.4656 
0 1 100.4478 33.0070 -0.1077 2.6986 
0 1 111.2831 44.3191 0.1277 -1.3082 
0 1 60.9458 24.7523 0.6108 -0.2136 
0 1 85.2330 24.5957 0.4547 0.1815 
0 1 72.8148 21.0501 2.5858 23.3833 
0 1 131.4287 60.1584 -0.2217 -1.2303 
0 0 131.2569 38.7188 -0.0259 -0.3290 
0 0 132.3795 36.2838 -0.2190 0.0015 
0 0 81.9297 42.2687 1.2239 1.9612 
0 0 73.0501 41.0599 1.9550 4.6683 
0 0 105.4964 32.1821 0.5595 0.4140 
0 0 97.7242 41.7800 0.3494 -0.8796 
0 0 167.6787 38.9978 -1.0150 0.8464 
0 0 145.9195 48.4218 -0.1652 -0.6945 
0 1 127.7826 51.3124 -1.1927 0.6512 
0 1 165.2276 50.5047 -1.2765 1.3079 
0 1 108.5075 45.0904 0.2518 -0.7959 
0 1 95.8807 37.8808 0.1835 -0.5421 
0 0 129.1950 47.8394 0.2283 -0.7949 
0 1 119.1881 40.6230 -0.2339 -0.4194 
0 1 145.0861 72.2502 -0.8833 -0.4685 
0 1 167.6260 58.7148 -0.7400 -0.7393 
0 0 101.9156 38.0323 0.3768 -0.1799 
0 0 88.1650 20.7682 0.3020 0.8324 
0 0 62.4032 29.7080 2.2136 8.3715 
0 0 71.2505 29.6183 1.6175 6.3527 
0 0 114.5648 53.7612 0.1234 -0.9045 
0 0 75.6469 53.2377 0.5368 -0.5611 
0 1 140.9358 39.9090 -0.3779 -0.4322 
0 1 121.3024 47.7276 0.1033 -0.9222 
0 0 126.4338 34.3583 -0.5021 0.5288 
0 0 146.0637 28.3859 -0.7500 1.2787 
0 1 149.0552 55.0581 -0.4733 -0.8526 
0 1 138.3398 46.4943 -0.2331 -0.5718 
0 1 135.2876 45.4040 -0.0470 -0.4179 
0 1 81.6102 30.5351 0.7032 0.5351 
0 1 153.4923 58.3663 -0.3557 -1.2491 
0 0 141.4115 64.7313 -0.5419 -1.0489 
0 0 165.0226 51.3178 -0.7021 -0.2891 
0 0 126.4115 34.3368 -0.1361 0.3060 
0 0 144.7804 55.9298 -0.5968 0.0793 
0 0 96.4316 32.0798 0.6124 0.9306 
0 0 60.7443 29.3757 3.4530 20.3084 
0 0 152.6198 49.6885 -1.5657 2.1217 
0 0 157.4333 29.6867 -1.2219 2.8570 
0 0 69.9174 26.4851 1.3025 8.8804 
0 0 89.4487 31.0005 0.2721 0.1322 
0 0 115.7419 47.3098 -0.7018 0.2038 
0 0 84.6949 49.0164 0.8817 -0.1995 
0 0 111.5366 43.4382 0.0893 -0.5767 
0 0 79.1524 33.0268 1.3001 2.5233 
0 0 110.1854 29.9826 -1.2610 5.1690 
0 0 44.9792 29.6532 5.1055 32.2207 
0 0 119.9281 64.9246 -0.7206 -0.5103 
0 0 63.0887 31.0978 1.8241 7.3451 
0 0 97.2772 25.4744 1.4196 7.8658 
0 0 64.3932 43.0035 -0.3554 -1.0912 
0 1 134.3408 52.3374 0.1852 -1.0871 
0 1 124.4010 46.4844 -0.1104 -0.5190 
0 0 120.8450 28.9067 1.2356 3.3875 
0 0 92.1059 37.9678 1.3879 2.4526 
0 0 93.3910 27.9582 0.3836 1.2884 
0 1 115.4412 85.3435 -0.4188 -1.5944 
0 1 144.5680 61.8029 -1.2739 0.4673 
0 0 129.2062 46.2532 -0.3305 -0.5691 
0 0 140.7166 57.2852 -0.2661 -0.7043 
0 1 90.0481 21.1483 0.2238 0.7748 
0 1 97.0388 31.7084 0.4327 0.1174 
0 0 75.0760 27.5864 0.4263 1.4911 
0 1 129.4445 46.2224 -0.0934 -1.0283 
0 1 78.9442 33.8738 0.3580 -0.5091 
0 1 83.5827 45.6520 0.7884 0.0400 
0 1 147.9630 39.5433 -0.7266 -0.2896 
0 1 83.9826 25.5773 -0.3578 -0.3535 
0 1 97.7584 32.0567 -0.1067 -0.2049 
0 1 95.6195 32.9365 0.2286 -0.2079 
0 1 107.2287 35.7532 0.2051 -0.1640 
0 1 90.4139 36.1075 0.6102 0.1100 
0 1 100.7376 31.4878 0.0172 -0.0388 
0 1 161.9801 26.2939 -0.5651 0.4142 
0 1 123.4766 52.6197 0.0836 -1.3244 
0 1 202.8018 35.0250 -0.5809 -1.0277 
0 0 122.5462 36.9872 -0.8144 0.3731 
0 0 91.0289 30.2657 0.6172 1.3843 
0 0 98.2863 27.8648 -0.0577 -0.1057 
0 0 132.5423 32.9805 -0.8220 0.6233 
0 1 160.1915 39.7373 -0.8099 0.4142 
0 1 140.0082 44.7571 -1.1207 1.0501 
0 1 136.4764 58.7736 -0.7581 -0.1866 
0 0 104.3033 36.9629 0.3697 -0.3048 
0 0 89.6995 42.1922 1.0253 0.7519 
0 0 179.7871 40.1595 -1.4859 2.5405 
0 0 164.6117 62.8903 -1.2376 0.5812 
0 0 128.9094 50.6209 -0.1864 -1.0952 
0 0 164.9294 63.9897 -0.6163 -0.9929 
0 0 136.9409 45.3284 -0.3603 -0.7284 
0 0 157.3734 64.1906 -0.4571 -0.8134 
0 0 134.7150 52.2297 -0.2456 -1.0288 
0 1 124.6260 39.2305 -0.2315 -0.4538 
0 1 149.3492 41.1036 -0.2035 -0.5128 
0 1 74.1597 32.1595 0.5716 1.0728 
0 1 79.3255 27.5938 0.7979 3.4033 
0 0 51.5134 18.8562 3.3036 27.2357 
0 0 53.5089 22.8480 3.5822 22.3398 
0 0 77.5093 41.5330 1.7100 4.1177 
0 0 74.1344 25.0415 1.7727 8.6945 
0 0 89.5406 36.3147 1.4969 3.8210 
0 0 57.5385 23.1930 3.1361 19.6474 
0 0 149.2740 57.5473 -0.5365 -0.8755 
0 0 147.5432 56.9078 -0.4909 -0.7150 
0 0 186.7783 42.7928 -0.9398 0.3149 
0 0 119.7049 37.7141 -0.0929 -0.2514 
0 1 171.1017 42.4823 -1.7213 4.1351 
0 1 144.6203 43.8295 -0.8990 0.7964 
0 0 159.3308 36.1039 -0.4725 0.3179 
0 0 133.6385 39.9687 0.4088 -0.6612 
0 0 89.7733 28.6219 0.1650 0.2865 
0 0 118.6321 46.1511 -0.3523 -0.7960 
0 1 132.5963 77.1109 -0.5307 -1.0667 
0 1 152.1302 74.2021 -0.9450 -0.4675 
0 1 79.1446 36.2380 0.5564 -0.3236 
0 1 164.9101 46.4124 -0.4170 -0.6641 
0 1 120.4364 78.6958 -0.2441 -1.3457 
0 1 167.6629 65.0347 -0.8740 -0.5075 
0 1 89.2586 40.1604 1.0739 2.0197 
0 1 95.1516 33.5991 0.3632 -0.2677 
0 0 88.5228 28.0240 1.3642 6.5882 
0 0 79.6124 36.2196 0.6985 1.6711 
0 0 125.0201 39.2199 -0.5011 -0.5055 
0 0 158.5093 50.3065 -0.4189 -0.6224 
0 0 159.8780 46.1402 -1.3793 1.2940 
0 0 87.1088 32.7965 0.5939 -0.0989 
0 0 62.1062 24.6328 0.2987 -0.3523 
0 1 136.0520 54.2160 -0.0387 -1.0314 
0 1 112.1300 43.0914 0.5630 0.2248 
0 0 124.7033 40.6192 -0.0024 -0.3371 
0 0 98.0620 36.7110 0.3350 -0.0692 
0 1 154.8094 36.9722 -0.8415 0.8190 
0 1 138.0857 41.0801 -0.6341 0.0372 
0 1 108.7102 41.2056 -0.2916 -0.4657 
0 1 85.1431 23.3892 0.3554 2.0577 
0 0 87.9215 55.0994 0.5949 -0.5666 
0 0 182.8691 44.0134 -1.6233 2.2052 
0 0 93.6269 58.7535 0.1955 -0.5595 
0 0 168.4842 47.5245 -1.4923 2.4516 
0 1 115.0078 50.6564 -0.4206 0.5242 
0 1 168.1177 49.0734 -1.5079 2.6006 
0 1 140.3618 79.2906 -0.8396 -0.8851 
0 1 146.8896 47.3959 -1.6191 2.3842 
0 0 157.4171 39.6039 -0.6905 0.2649 
0 0 133.9110 50.1810 -0.6695 -0.9405 
0 0 156.4262 32.3415 -1.1024 1.4231 
0 0 136.3353 49.0779 -0.0617 -0.7215 
0 1 62.6001 24.1259 2.5259 15.3191 
0 1 123.0814 32.4497 -0.3287 -0.2095 
0 1 98.4877 66.4714 1.0970 -0.2141 
0 1 128.1920 59.9586 0.3777 -0.6449 
0 1 142.1655 38.7418 -0.3425 -0.2949 
0 1 132.1888 42.2208 0.0601 -0.6589 
0 1 129.5877 44.1914 -0.0877 -0.5415 
0 1 75.7333 39.6572 0.5013 -0.6046 
0 0 99.2453 37.2875 0.2092 0.0936 
0 0 115.7013 43.8020 0.1694 -0.7290 
0 0 116.1697 48.3466 -0.0190 -1.0709 
0 0 87.8857 31.6167 0.5575 2.9826 
0 0 117.3407 35.4088 -0.2873 -0.2022 
0 0 90.3496 42.6580 0.5751 -0.4221 
0 0 95.3376 29.8417 0.2405 -0.1279 
0 0 130.1249 30.4426 0.0031 0.9686 
0 0 116.0686 40.3139 -0.2946 -0.5509 
0 0 85.8835 30.1482 0.5728 1.8089 
0 0 47.5980 18.7076 0.3588 -0.3435 
0 0 90.3677 31.0592 -0.0091 -0.7535 
0 0 119.1098 50.4557 0.1170 -0.8237 
0 0 87.9818 33.4806 -0.0490 -1.0187 
0 1 117.5167 49.2252 0.1927 -0.3052 
0 0 129.4997 48.1959 0.1541 -0.5805 
0 1 166.6367 48.8850 -1.3208 1.7998 
0 1 107.3309 42.3819 0.5260 -0.2185 
0 0 124.2245 61.1626 0.7884 -0.5089 
0 1 147.2893 60.9605 -0.4454 -0.9813 
0 1 156.8444 56.3577 -0.8482 0.2083 
0 0 94.1405 38.9782 0.2856 -0.3636 
0 0 66.4123 31.0825 1.8014 5.9122 
0 0 88.3288 32.3635 0.0382 1.4892 
0 0 69.0311 24.0928 1.6714 8.7046 
0 0 75.3088 37.5475 0.9436 1.6738 
0 0 75.7372 30.7230 1.2313 4.5036 
0 0 71.1396 20.6145 0.8802 3.3667 
0 0 66.7909 29.4032 1.5806 4.3367 
0 1 120.7576 56.3372 0.1034 -1.1643 
0 1 152.1904 54.2711 -0.2975 -0.8459 
0 1 174.0850 49.5532 -1.0618 0.1842 
0 1 146.5288 38.7290 -1.0398 0.7194 
0 1 148.2639 41.4657 -0.3006 -0.4006 
0 1 175.8025 34.4352 -1.2616 2.1983 
0 1 77.0741 27.4119 0.9006 1.5451 
0 1 118.8272 40.5242 -0.1905 -0.6639 
0 1 112.1188 60.4840 0.1285 -1.5818 
0 0 79.2620 22.4117 2.9135 21.3449 
0 0 57.9243 28.0730 1.9401 7.3970 
0 0 119.5918 48.8793 0.1221 -0.6725 
0 0 152.6245 42.6809 -1.6113 2.5590 
0 0 77.2212 27.5156 0.3386 0.2720 
0 0 111.2321 61.0279 -0.4712 -0.9710 
0 1 97.4760 37.2494 0.5283 -0.1023 
0 1 127.6586 47.8512 0.2767 -0.9189 
0 1 95.2952 32.7509 0.0546 -0.2138 
0 1 111.0265 38.5199 -0.4011 0.0954 
0 1 133.0693 41.5373 -0.6755 0.5662 
0 1 128.9907 61.3036 -0.5045 -1.0108 
0 0 115.3630 34.0498 -0.1882 -0.2808 
0 0 110.9782 36.2587 0.2776 -0.3419 
0 1 166.9438 61.0551 -0.7016 -0.7140 
0 1 107.6604 33.1718 -0.1390 0.1116 
0 0 114.7182 36.9579 0.4566 0.0006 
0 0 161.3991 44.6694 -1.0165 0.1142 
0 1 113.6204 34.2740 0.1516 -0.1320 
0 1 140.7243 35.3063 0.1844 0.3701 
0 1 130.3484 46.9400 0.1000 -0.5161 
0 1 102.6202 38.6579 0.2054 -0.4185 
0 1 98.3008 33.9436 0.7368 0.8995 
0 0 146.9695 45.5037 -0.6614 -0.1209 
0 0 139.2393 47.2763 -0.4465 -0.5707 
0 0 135.4096 35.8921 -0.1640 -0.1816 
0 0 157.9871 22.2988 -0.5287 -0.1211 
0 0 78.3141 39.1716 2.2473 6.0485 
0 0 72.0398 46.6258 2.2043 4.8961 
0 0 71.1017 44.1111 2.3545 5.6943 
0 0 57.5395 37.8346 1.7806 3.8276 
0 0 67.9491 44.5920 2.5396 5.9508 
0 0 88.0863 46.1325 1.4914 1.6947 
0 0 56.9557 44.6224 2.5450 6.3830 
0 0 46.7852 44.1825 2.8680 7.9632 
0 0 71.5554 38.1811 2.4182 7.3781 
0 0 70.9702 51.0298 1.4634 1.6259 
0 0 116.7067 30.6145 0.3853 0.0064 
0 0 94.5919 40.2551 0.0523 -0.6706 
0 0 132.8361 50.6077 -0.3904 -0.7460 
0 0 94.6743 30.7319 0.6237 1.2623 
0 1 164.9167 39.3143 -1.0831 1.3563 
0 1 115.7152 42.2386 0.7459 0.4306 
0 1 166.9009 32.8026 -0.9297 1.4161 
0 1 130.0901 41.5958 -0.3220 -0.0107 
0 1 103.3546 29.9178 -0.4472 -0.2303 
0 1 105.7972 43.4254 0.2685 -0.3871 
0 1 116.5702 71.2546 -0.3631 -1.1328 
0 1 125.5415 47.8565 -1.0339 1.0003 
0 1 122.1666 28.1602 0.1366 -0.3889 
0 1 95.7603 54.8671 -0.3289 -0.7505 
0 1 103.1690 59.7975 -0.4856 -0.7700 
0 1 178.2824 65.2597 -1.3404 1.2412 
0 1 146.9006 80.0899 -0.7022 -0.7660 
0 0 57.4064 33.4871 1.8956 6.5161 
0 0 127.0158 46.0137 -0.1971 -0.3306 
0 1 138.4420 52.3034 -0.2971 -0.7326 
0 1 115.5533 47.7910 -0.2331 -0.8437 
0 0 116.5396 60.1439 0.4140 -0.9699 
0 0 91.4293 32.6096 0.4918 1.8678 
0 1 80.3744 39.0877 -0.7122 0.7730 
0 1 132.9973 45.1229 -1.6311 2.0835 
0 0 80.7002 38.0012 0.7749 0.3533 
0 0 102.9189 38.6419 0.6966 0.3809 
0 1 187.7784 44.2518 -1.5641 2.3324 
0 0 129.3400 45.2502 -0.5398 -0.2294 
0 0 111.6319 34.0506 0.3497 -0.0059 
0 0 93.5431 29.4636 0.2347 2.0190 
0 0 173.9575 38.7454 -1.6746 3.1084 
0 0 81.3363 23.0008 1.0195 2.8225 
0 0 68.2627 20.7449 1.8284 10.7156 
0 1 148.8893 64.2783 -0.2849 -1.2032 
0 1 176.4087 42.7794 -0.7705 0.1480 
0 1 118.0647 28.5488 -0.3444 0.0773 
0 1 93.8253 27.9797 0.3034 0.3657 
0 0 122.2691 40.4794 0.0381 -0.6448 
0 0 118.9196 40.7457 0.2011 -0.3185 
0 0 115.3006 35.6022 -0.0406 -0.3186 
0 0 166.5681 37.1509 -0.9132 0.6190 
0 0 110.5614 31.3432 -0.1309 0.0504 
0 0 132.3715 30.3292 0.2442 -0.2521 
0 0 105.4437 36.7034 0.3257 0.2525 
0 0 160.7207 24.8823 -0.2340 1.1016 
0 0 127.9008 36.3873 0.0353 2.0528 
0 0 71.7600 32.2664 1.5633 4.3406 
0 0 102.5625 31.2204 0.7398 1.8837 
0 0 120.5508 37.2566 -0.0158 0.5342 
0 0 127.9175 40.4510 -0.1002 -0.2013 
0 0 108.0038 35.6997 0.5406 0.4120 
0 0 111.2033 39.2213 1.3106 2.9167 
0 0 108.9569 34.6467 -0.0365 -0.3675 
0 0 92.7459 31.8917 0.1940 -0.1531 
0 0 95.7430 53.9269 0.8698 -0.1795 
0 0 142.1369 50.9997 -0.2371 -0.9237 
0 0 101.5183 38.4849 -0.8531 0.9941 
0 0 147.5821 44.0971 -0.9735 1.7531 
0 0 164.1164 77.1561 -0.8111 -0.7089 
0 0 112.4614 32.9081 -0.2489 -0.6265 
0 1 98.5679 36.0665 -0.0826 -0.6102 
0 1 92.3644 31.2324 0.6901 0.8038 
0 0 48.5051 14.9489 1.0217 6.3300 
0 0 117.7978 44.7117 0.5134 -0.1951 
0 1 144.5152 41.9835 -0.1472 -0.2035 
0 1 179.9621 38.7212 -1.6708 3.5450 
0 0 102.1598 48.0475 0.4582 -0.6064 
0 0 94.4727 26.7196 0.1554 0.3356 
0 0 111.5406 42.3167 0.5879 0.1049 
0 0 148.3731 45.7487 -0.8746 0.1185 
0 0 154.5176 37.1040 -0.7215 0.5436 
0 0 95.4340 52.4774 0.8580 -0.1528 
0 0 93.7181 50.2226 0.6967 -0.3413 
0 0 75.4853 35.0793 2.2739 8.8492 
0 0 63.3797 32.6445 2.1945 9.3579 
0 0 75.4344 42.5556 1.6807 3.7154 
0 0 66.3330 31.2219 1.7208 7.7657 
0 0 72.0159 30.8563 2.0512 8.0504 
0 0 91.4707 38.3078 2.4858 7.8116 
0 0 46.8684 37.8732 3.3531 12.2632 
0 0 60.2499 30.3023 3.2595 15.8409 
0 0 73.3013 38.1557 2.1328 6.9432 
0 0 94.6025 34.1002 0.3993 1.3677 
0 0 58.4166 42.0123 3.3143 11.2435 
0 0 87.7287 43.2145 1.5189 3.5394 
0 0 64.1246 24.4792 2.7423 14.9603 
0 0 72.5373 25.1831 1.0331 4.9707 
0 0 108.3831 23.5823 1.6403 10.7197 
0 0 65.8623 29.3453 2.6090 11.5320 
0 0 98.2528 44.4907 0.8193 1.4341 
0 0 63.0063 29.2289 2.7552 13.5121 
0 0 89.0829 33.9840 0.9769 2.9923 
0 0 63.5167 23.9488 2.5170 13.8370 
0 0 81.4314 27.2806 1.6976 7.5424 
0 0 81.7378 46.4621 1.7984 2.8138 
0 0 59.4110 25.0754 1.0662 5.6687 
0 0 98.6743 34.3463 0.9062 1.5213 
0 0 101.7341 72.8762 0.2679 -1.2607 
0 0 113.7346 59.6362 -0.1457 -0.9047 
0 0 7.8106 33.8563 4.9860 24.9411 
0 0 93.0666 59.6227 0.0937 -1.0165 
0 0 8.8352 30.1743 4.9143 26.6052 
0 0 63.2800 53.7764 0.9611 0.7367 
0 1 171.7604 58.5912 -0.8861 -0.4548 
0 1 126.2929 30.5337 -0.4051 0.4846 
0 0 52.3903 36.5118 3.7369 17.5071 
0 0 147.5752 45.1849 -1.0266 0.2753 
0 0 118.5912 36.4210 0.2754 -0.5735 
0 1 111.3945 37.8298 -0.3299 -0.2376 
0 1 70.6994 26.1617 1.4971 5.1937 
0 1 52.7193 20.9982 2.5446 16.8321 
0 1 118.1720 38.0160 0.1481 0.6112 
0 1 133.7679 37.8354 -0.7681 0.1250 
0 1 196.7831 39.1115 -0.7472 -0.3452 
0 1 101.9577 36.7121 0.2946 -0.0202 
0 0 95.0298 41.6786 0.0619 -0.6526 
0 0 61.8984 25.5810 2.5122 13.3468 
0 0 93.0262 36.9250 0.1435 0.0855 
0 0 82.6619 42.6146 0.2555 -0.5702 
0 0 63.1679 27.1424 1.6086 6.4223 
0 0 62.4646 26.4110 1.5909 6.5301 
0 0 172.2823 26.2264 -1.4800 3.6656 
0 0 134.6543 41.0532 -0.7998 0.0042 
0 1 131.4027 73.5185 -0.6194 -1.0601 
0 1 155.7167 52.4650 -0.3430 -0.6042 
0 0 37.3186 26.1093 5.4488 34.9953 
0 0 52.0950 29.1450 4.0819 21.5429 
0 1 113.9311 53.6698 -0.3409 -0.2959 
0 1 131.6331 60.0173 -0.6178 -0.5259 
0 1 140.2988 58.2674 -0.5278 -1.0187 
0 0 86.2994 28.2487 -0.3144 0.4036 
0 0 81.2029 26.9813 0.4064 0.4561 
0 0 110.5758 37.5281 -0.2632 -0.2689 
0 0 92.1460 34.1872 0.8555 0.6437 
0 0 146.6712 43.1721 -0.8305 -0.0997 
0 0 159.8001 48.6031 -0.8132 -0.2624 
0 0 177.5344 51.4546 -1.4381 1.2963 
0 0 152.8634 64.7299 -0.9194 -0.4166 
0 1 177.5195 87.3829 -1.2519 -0.0288 
0 1 189.1466 68.1513 -1.8186 2.4168 
0 0 126.2708 42.7225 -0.3703 -0.4632 
0 0 92.3034 42.2888 0.2428 -0.5195 
0 1 170.9435 40.9404 -0.2740 0.5805 
0 0 89.2539 30.8564 0.6809 0.7107 
0 0 103.7522 35.9079 0.0285 -0.5655 
0 1 89.9636 31.1713 0.4305 0.5432 
0 1 83.6145 30.9200 0.7156 1.7928 
0 1 106.1040 53.9070 -0.5789 -0.4234 
0 1 113.9479 64.4994 -0.3392 -0.7563 
0 1 138.3495 55.4362 -0.3364 -0.7667 
0 1 142.0363 49.6182 -0.5594 -0.3282 
0 1 143.5255 40.3559 -0.6624 -0.0896 
0 1 147.4580 51.4136 -0.7088 -0.4281 
0 1 147.1655 47.9839 -0.3576 -0.7492 
0 1 101.0641 38.1339 0.2581 -0.1223 
0 1 101.1235 41.8756 0.2024 -0.4785 
0 1 80.2585 23.1223 0.2092 -0.2439 
0 1 100.8766 31.1549 0.3842 0.1681 
0 0 107.9768 31.6114 1.1672 2.7595 
0 0 122.3922 37.6088 -0.1212 -0.7793 
0 0 92.0292 33.0657 1.1050 2.5703 
0 0 156.5074 32.1232 -1.3032 2.9242 
0 0 155.6787 47.1901 -0.3720 -0.5663 
0 0 116.4749 56.9167 -0.5178 -0.6599 
0 0 134.5110 31.9887 -0.3097 -0.2336 
0 0 112.3021 27.7786 0.1378 1.7574 
0 0 106.7581 32.7136 0.3623 0.5190 
0 0 153.6064 42.9581 -0.6059 0.1422 
0 0 133.5770 52.9826 -0.2116 -1.0920 
0 0 156.2213 42.7723 -0.6103 0.0781 
0 0 156.0997 53.6230 -0.8465 -0.1364 
0 0 133.3719 48.9888 -0.1833 -0.5738 
0 0 92.8380 30.7252 0.0124 0.1803 
0 0 60.6158 23.8616 3.8934 28.0993 
0 0 136.3361 43.9287 -0.2168 -0.7524 
0 0 132.2834 20.7535 -1.8948 11.8111 
0 0 119.2638 44.0474 0.3094 -0.7820 
0 0 134.1296 50.9419 -0.0335 -0.7643 
0 0 141.9773 62.6995 -0.0564 -1.1572 
0 0 176.0125 60.2121 -0.8475 -0.2272 
0 1 114.9085 48.6279 -0.0450 -0.8698 
0 1 98.4235 32.3376 0.2699 2.0253 
0 1 115.4430 41.1298 0.2503 0.4021 
0 1 102.7835 31.8246 0.4726 1.3194 
0 0 128.4074 45.2059 -0.2532 -0.4478 
0 0 146.4983 50.5314 -0.4224 -0.7971 
0 1 154.1003 57.4379 -0.3542 -1.2729 
0 1 104.2118 42.0190 0.5271 -0.2987 
0 1 96.3116 36.8768 0.3386 -0.2244 
0 0 125.2578 42.6379 0.0889 -0.5551 
0 0 48.3847 17.6833 2.1204 16.9563 
0 0 91.5155 30.3030 1.0725 1.8134 
0 0 111.2662 36.2355 0.2533 -0.0721 
0 1 176.5824 36.5678 -2.0371 4.9960 
0 1 133.5681 35.5842 -0.5430 0.7308 
0 0 162.2389 39.6689 -1.0224 1.0271 
0 0 125.8311 33.7191 -0.6798 0.4320 
0 1 67.1174 22.0276 0.8816 2.9729 
0 1 75.7589 22.1429 0.5809 1.4801 
0 1 193.9043 36.1422 -2.3721 5.9163 
0 1 158.3154 11.1675 0.6494 4.4932 
0 1 160.4267 42.6032 -0.4090 -0.0157 
0 1 157.1192 41.4423 -0.8865 0.4222 
0 0 170.7366 46.8596 -1.2507 0.9786 
0 0 153.4457 54.7229 -0.4792 -0.8691 
0 1 89.8645 29.0069 0.8297 1.1309 
0 0 155.6823 68.4451 -0.9641 -0.1093 
0 0 161.2676 60.7988 -1.3843 1.0370 
0 1 149.5013 24.7984 -0.2568 2.6957 
0 1 106.1144 34.3600 0.5571 0.0271 
0 1 148.1348 46.3412 -0.1718 -0.6617 
0 1 168.1750 41.8225 -0.8054 -0.0779 
0 0 85.3777 32.8965 0.4525 0.4025 
0 0 89.6951 33.3154 0.7651 1.6803 
0 0 58.9053 22.5808 3.0241 16.5991 
0 0 100.5440 31.6454 0.0134 0.3403 
0 0 50.4377 22.7436 2.8343 14.8375 
0 0 93.4084 35.1053 0.6730 0.6381 
0 0 76.9827 28.5604 0.7582 3.0566 
0 0 114.7701 34.1966 -0.1369 0.6138 
0 0 100.0209 58.3743 0.1368 -1.0630 
0 0 115.4043 44.2449 -0.2442 -0.9795 
0 0 122.6775 44.7374 -0.4677 -0.8829 
0 0 74.2830 25.4099 0.0913 -0.5068 
0 0 68.5666 21.3469 0.4623 0.2463 
0 0 119.9494 34.9155 -0.1609 -0.5655 
0 0 118.3856 28.4841 -0.2356 -0.2533 
0 0 121.5271 36.0246 -0.4029 -0.8161 
0 1 113.7620 57.4058 0.4047 -0.8351 
0 1 140.4098 42.8598 -0.2049 -0.5610 
0 1 178.1410 38.3768 -0.7814 0.4976 
0 1 179.9273 37.6623 -0.6025 -0.4343 
0 0 143.7711 57.0956 -1.0926 0.0306 
0 0 141.5418 51.0609 -0.4757 -0.0560 
0 0 133.3122 53.4019 -0.5487 -0.7856 
0 0 113.3620 40.9416 0.0381 -0.6147 
0 0 127.9901 41.4918 0.5915 -0.2225 
0 0 134.2737 52.9077 0.0318 -1.0733 
0 0 161.3483 41.7878 -0.9475 0.5503 
0 0 116.7042 32.7522 -0.4401 -0.1479 
0 0 137.6189 37.2647 -0.2354 -0.3297 
0 0 101.4116 30.5973 0.2839 -0.4837 
0 0 134.7951 38.4787 -0.6457 0.0435 
0 1 124.0181 49.7351 -0.1135 -0.8628 
0 1 126.8478 51.8842 -0.0581 -0.8257 
0 1 115.7883 53.7486 -0.5368 0.2036 
0 0 81.1680 41.3689 1.1207 1.5523 
0 0 90.5446 36.9300 0.3539 -0.1374 
0 0 65.4901 24.5782 2.1476 10.9193 
0 0 124.4061 23.1539 0.2072 0.7001 
0 0 69.3463 30.1585 1.6297 5.6213 
0 0 102.9813 34.7656 0.6206 2.2577 
0 0 75.5933 23.1331 1.6975 8.8409 
0 0 68.9356 48.5367 2.2579 4.8029 
0 0 64.9132 51.0773 1.9718 3.4988 
0 0 55.5604 50.1259 2.9183 7.4382 
0 0 79.9182 46.7554 2.6503 5.9269 
0 0 116.4855 42.0502 0.1755 -0.3915 
0 0 144.3260 48.8690 -0.6210 -0.2784 
0 0 101.5332 38.7829 0.4805 -0.2584 
0 1 85.0367 30.5924 0.8620 0.8340 
0 1 78.2775 32.2089 0.9516 1.0388 
0 1 179.9915 40.5940 -0.9615 0.8637 
0 0 85.2289 33.7542 0.4976 0.9310 
0 1 145.5423 62.5280 -0.7722 -0.6935 
0 1 141.9881 53.4299 -0.5187 -0.8773 
0 0 72.8030 45.6381 0.9421 0.6508 
0 0 91.6777 68.5077 0.2418 -1.2923 
0 0 150.6619 48.4569 -0.6439 -0.1401 
0 0 127.8552 33.5179 -0.6134 0.0242 
0 1 135.7250 52.2262 -0.1316 -0.9147 
0 1 128.6107 41.6266 -0.4919 0.0018 
0 1 99.0416 36.9878 0.2467 -0.1636 
0 1 68.0029 23.8864 0.7931 2.2769 
0 0 186.7718 35.8016 -1.2281 1.0200 
0 0 155.7054 40.7646 -0.9347 0.9041 
0 0 135.1825 49.6609 -0.7917 -0.4975 
0 0 122.7982 41.2046 -0.0915 -0.6293 
0 0 134.5531 82.2335 -0.3408 -1.3861 
0 0 160.5554 59.3251 -0.5899 -0.8784 
0 0 64.2014 35.8597 1.6277 4.1205 
0 0 69.8872 28.7423 2.4292 9.5246 
0 0 87.8076 40.4580 1.7855 4.1664 
0 0 115.0916 31.8037 2.7777 8.7708 
0 0 103.6133 41.2512 0.9735 1.7237 
0 0 55.2677 37.6208 2.7442 8.7409 
0 0 90.5310 23.7597 1.0799 3.8523 
0 0 70.1690 23.5352 1.1932 5.6280 
0 0 173.4620 35.8880 -0.7010 2.0124 
0 0 175.3935 36.6732 -2.1178 5.5864 
0 1 87.5397 44.9693 0.7765 -0.0757 
0 1 130.5296 39.6281 0.1155 -0.8255 
0 1 141.4260 54.7905 -0.4710 -0.7751 
0 1 154.9068 53.4941 -0.8686 -0.3542 
0 0 138.0558 42.2752 0.0347 -0.4556 
0 0 146.0704 37.5992 -1.1087 1.1204 
0 0 112.7259 34.1444 0.1063 -0.3337 
0 0 137.0627 38.6753 -0.5220 -0.0072 
0 0 141.0800 57.0478 -0.2664 -0.9281 
0 0 133.0822 62.0605 -0.0542 -1.1158 
0 0 147.8626 44.9751 -0.7835 0.5484 
0 0 143.4148 36.7917 -0.6381 0.2464 
0 0 130.9781 73.7116 0.4293 -1.4009 
0 0 135.3136 60.2870 0.7481 -0.8120 
0 0 78.8491 52.0650 1.8991 3.4707 
0 0 76.9289 38.4596 2.2740 7.3977 
0 0 79.2754 32.0239 1.7787 7.2539 
0 0 89.4311 40.9878 0.8474 0.9930 
0 0 66.4870 23.3522 2.1796 13.6392 
0 0 95.6885 37.6555 0.5288 1.1323 
0 0 84.7571 36.5810 2.2620 7.6936 
0 0 95.0665 39.3957 0.2726 -0.7632 
0 0 83.0738 26.2499 0.6395 1.4903 
0 1 58.2171 23.7662 1.3506 4.0434 
0 0 112.7736 56.8279 0.1789 -0.9822 
0 0 165.3703 34.3978 -0.6450 0.5858 
0 0 182.6932 28.5348 -1.1277 4.0288 
0 0 127.9625 51.7282 -0.0414 -0.7296 
0 0 186.9627 64.9504 -1.5668 1.6182 
0 0 77.9085 25.3319 2.2216 10.6118 
0 0 90.8080 32.5531 0.4871 0.7808 
0 1 105.5320 48.8842 -0.2156 -0.8398 
0 1 113.2464 45.6440 -0.9228 0.3115 
0 0 80.2487 29.2466 0.4554 0.0523 
0 0 119.7266 44.7462 -0.1061 -0.3881 
0 1 157.0385 30.3950 -0.0419 -0.4559 
0 1 98.8926 31.2269 -0.3236 -0.5526 
0 1 160.5968 45.4051 -0.5756 0.2440 
0 1 161.8586 48.6874 -0.5011 -0.5210 
0 1 113.7187 27.3191 -0.2530 -0.1853 
0 0 116.8819 43.8109 -0.4643 -0.7156 
0 0 82.9919 24.6163 0.3548 1.0370 
0 1 165.4118 63.9272 -0.7678 -0.7627 
0 1 143.1494 37.1885 -0.4848 0.2543 
0 1 60.4860 14.8002 0.5529 1.4370 
0 0 159.9264 17.9562 0.0425 1.8762 
0 1 71.3336 29.5174 1.0415 1.7067 
0 0 88.1145 31.7296 0.8718 1.0245 
0 0 92.0071 33.3496 0.4365 1.5326 
0 0 90.2272 35.5354 0.2053 0.2997 
0 0 100.9875 34.9084 -0.0647 -0.0490 
0 0 88.2632 36.3377 0.5066 0.3017 
0 0 132.3169 47.6306 0.0310 -0.6146 
0 0 105.7502 39.3183 0.3163 0.5239 
0 0 90.8580 34.7505 0.8136 1.6928 
0 0 139.3365 55.8851 -0.6307 -0.6519 
0 0 104.9820 43.6382 0.4899 0.4004 
0 0 88.5069 28.1831 0.2107 0.0366 
0 0 112.9199 38.3178 0.9818 3.2567 
0 0 104.4591 66.6071 -0.3572 -1.2912 
0 0 163.9442 38.6501 -0.6606 -0.2703 
0 0 126.7135 50.5895 -0.0326 -1.0414 
0 0 142.3656 36.0502 -0.1093 0.2083 
0 0 137.3342 34.0650 -0.7129 0.4197 
0 0 87.5702 24.1783 0.5241 2.5582 
0 0 104.9953 33.1443 0.1878 -0.3097 
0 0 43.7969 48.4562 0.9006 -0.0808 
0 0 51.8342 44.3861 2.8097 7.3571 
0 0 64.2598 48.5576 1.9185 3.1942 
0 0 66.7905 45.3282 0.9160 0.8369 
0 0 51.5086 33.0487 3.7515 16.6138 
0 0 58.3526 25.6478 2.9057 14.0527 
0 0 59.6165 32.0867 2.6869 10.9128 
0 0 65.0566 43.1437 1.8245 3.0145 
0 0 57.5765 41.1379 2.4895 5.8332 
0 0 65.6525 49.3692 1.6089 1.7522 
0 0 4.7865 24.9384 6.2862 42.2163 
0 0 10.4762 29.0364 4.0315 19.7351 
0 0 52.9853 43.4128 2.4289 5.6241 
0 0 51.8782 36.2664 0.6723 1.7427 
0 0 96.3584 26.9626 -0.4963 0.4557 
0 0 88.8217 41.7403 0.9656 0.7011 
0 0 65.3901 32.6316 1.6448 4.4825 
0 1 122.0318 68.3733 -0.5521 -1.0310 
0 1 109.2502 60.7897 -0.4544 -1.0945 
0 1 101.4315 30.9955 0.2237 0.3471 
0 1 167.9601 67.1003 -1.2556 0.5743 
0 1 165.1867 45.8656 -1.2870 1.3139 
0 1 61.7134 36.8786 0.8134 -0.3591 
0 1 84.1381 33.1055 0.1484 -0.5481 
0 1 160.1309 45.0477 -0.6636 -0.3019 
0 1 120.2522 48.3047 -0.1379 -0.9467 
0 0 110.0005 34.4529 0.4581 -0.2950 
0 0 110.7043 39.9439 0.7448 0.6939 
0 0 80.7010 20.4092 0.2119 1.5032 
0 0 112.2888 43.7681 -0.0044 -0.4477 
0 0 65.5534 31.3295 2.6206 9.4252 
0 0 100.8652 25.4858 1.2671 2.3455 
0 0 97.1508 42.3621 0.5301 0.3785 
0 0 64.9815 30.3343 1.2603 2.4364 
0 0 116.3871 37.3192 -0.1644 -0.0127 
0 0 96.5227 29.1947 0.4252 0.5524 
0 0 86.3389 34.7020 -1.1897 1.7711 
0 0 115.7411 29.2291 -1.0410 0.9654 
0 0 92.1634 30.9419 0.3288 -0.2245 
0 0 112.4432 60.4589 -0.9394 -0.5980 
0 0 120.1219 45.7332 0.4907 -0.4331 
0 0 75.1124 25.5315 0.6821 0.6506 
0 0 131.3099 47.7636 -0.3608 0.8034 
0 0 111.3160 26.8138 -0.0470 0.3879 
0 0 102.8728 36.3592 0.4504 0.0234 
0 0 109.6909 53.0779 -0.2013 0.0348 
0 0 119.2322 33.8016 -0.6943 0.3305 
0 0 102.6122 34.5344 0.1464 -0.4004 
0 0 86.8442 32.6663 1.9059 4.3312 
0 0 72.4773 35.2216 1.8466 3.7755 
0 0 71.7217 27.9021 1.6970 5.5707 
0 0 68.4864 29.3961 1.1476 2.6444 
0 1 139.2683 41.9152 -1.2582 2.5081 
0 1 99.2073 52.6291 -0.3841 -0.1507 
0 0 118.0261 43.6574 0.0318 -0.4793 
0 0 150.6184 38.5461 -0.5842 0.7151 
0 1 104.1986 45.0064 0.1483 -0.9509 
0 1 89.2926 41.3007 1.4249 4.4232 
0 1 58.1391 56.9675 2.7717 6.7817 
0 1 76.4884 39.6754 0.9254 0.9528 
0 1 155.8072 35.6805 -0.6240 0.1417 
0 1 157.9732 51.7054 -0.7200 -0.2104 
0 1 121.4251 66.1938 -0.7015 -0.9583 
0 1 106.1225 26.9041 -0.3747 0.0553 
0 1 53.3470 28.8918 3.7675 22.1696 
0 1 105.3814 66.6620 0.2957 -1.5300 
0 1 62.6193 42.8908 3.5587 13.1630 
0 1 105.9228 30.9969 0.3106 -0.2407 
0 1 86.9076 29.4363 0.1554 -0.3009 
0 1 125.9211 48.1965 -0.3418 -0.9744 
0 1 171.9339 34.1673 -1.6442 4.0147 
0 1 153.2639 29.2525 -1.1173 2.2585 
0 0 151.5130 52.9863 -0.4755 -0.8982 
0 0 59.0676 32.6660 3.4188 16.9973 
0 1 113.0453 40.6182 0.5268 0.0530 
0 1 109.6240 35.7851 0.9426 0.7770 
0 1 83.6701 66.8633 -0.0170 -1.4029 
0 1 81.9216 59.6340 -0.0411 -1.2114 
0 1 70.7078 26.9691 0.4936 -0.0956 
0 1 108.1686 37.7282 0.3294 -0.2787 
0 0 127.5630 30.1030 -0.2721 0.8192 
0 0 80.3577 31.0325 0.4988 -0.2715 
0 0 128.2290 50.5062 -0.0719 -1.0160 
0 0 109.0617 36.0268 0.1796 -0.5041 
0 0 84.1809 34.9982 0.8393 0.8944 
0 0 112.0750 65.5232 -0.3812 -1.0924 
0 1 96.2763 31.8997 -0.1893 -0.3834 
0 1 117.7673 67.8585 -0.3751 -1.1158 
0 1 91.6910 37.3267 0.6530 0.4152 
0 1 118.6183 21.8004 -0.9762 3.4949 
0 1 73.4431 31.9307 0.2222 -0.6616 
0 1 111.3472 42.3375 0.5409 -0.2792 
0 1 118.7257 34.7826 -0.3492 -0.1074 
0 1 120.0931 43.3553 0.2577 -0.2989 
0 1 98.3486 34.4347 0.4257 -0.0195 
0 1 168.2400 48.1274 -0.6036 0.1176 
0 1 74.2916 42.7322 -0.3828 -0.9462 
0 1 116.0590 23.4813 -0.3782 2.1351 
0 1 158.1837 33.6063 -0.9121 1.6810 
0 1 173.7692 38.0281 -0.8159 0.2786 
0 1 173.9925 46.7020 -0.7809 0.1081 
0 1 148.8618 63.3681 -0.3484 -1.1457 
0 0 146.7423 63.1556 -0.7475 -0.2834 
0 0 164.0075 42.2618 -1.0057 0.6614 
0 1 167.9678 46.2701 -1.2084 0.8736 
0 1 156.2422 51.6506 -0.9083 0.0818 
0 1 107.1390 37.1024 0.5541 -0.2624 
0 1 100.3065 34.4832 0.1258 -0.4659 
0 0 60.8301 29.2333 1.2489 4.3859 
0 0 114.8575 39.4514 -0.3491 -0.4309 
0 1 161.2988 47.4320 -1.8199 3.7163 
0 1 161.3440 32.0085 -0.3483 3.6996 
0 1 156.0239 33.9758 -2.5396 7.5789 
0 1 156.7386 55.1564 -1.8073 2.3058 
0 1 140.6367 37.3583 -1.7166 2.2981 
0 1 71.9972 27.8227 0.8465 0.2544 
0 1 83.3671 24.1063 0.4425 1.8310 
0 1 170.3369 34.5732 -0.5862 0.1698 
0 1 130.6266 64.5929 -0.9105 -0.4942 
0 0 124.2939 81.2929 -0.4594 -1.3139 
0 0 113.8664 32.6947 -0.1520 -0.2279 
0 1 144.7064 70.3832 -0.9417 -0.4972 
0 1 51.8679 16.1529 0.7453 1.1007 
0 1 117.5845 56.2678 0.2582 -0.9514 
0 1 138.2598 74.5041 -0.8029 -0.7641 
0 1 138.0406 56.4149 -0.8609 0.0616 
0 1 145.6663 38.5558 -0.5675 0.1277 
0 1 117.5920 37.8229 -0.0993 -0.8824 
0 1 99.1832 50.6195 -0.1960 -0.8398 
0 1 142.4570 60.1349 -1.1208 0.6096 
0 1 168.8744 42.1216 -1.3119 1.9189 
0 1 171.2942 44.8167 -0.8869 0.1284 
0 1 122.5808 45.1126 -0.0914 -0.2227 
0 0 152.2945 53.3136 -0.2591 -0.7835 
0 0 112.5769 53.6988 -0.1872 -1.1028 
0 1 126.9389 38.0886 0.1121 1.6309 
0 1 143.9878 47.4259 0.3447 -0.9464 
0 1 139.3934 45.6183 -0.4432 -0.3441 
0 1 127.6581 65.1571 -0.6820 -0.7588 
0 0 141.9492 12.6074 -1.0584 34.6753 
0 0 122.1073 39.1654 -0.0496 -0.2294 
