P_00005 1 118.4033525 42.54387082 -0.6783221389 -0.3913396521
P_00005 1 126.8838631 44.84130107 -0.1210279669 -0.464136893
P_00007 0 166.6217612 57.92250077 -1.55479772 1.576621501
P_00007 0 122.9640836 26.14200588 -0.5411228369 0.4296215438
P_00008 0 99.10415131 35.08618714 0.0267423437 -0.4785374886
P_00008 0 77.83502156 25.81008521 0.4930060543 1.644745967
P_00008 0 70.22941715 23.46721374 0.8873216484 5.652897373
P_00008 0 74.24939856 24.43582791 0.6722408241 3.824344442
P_00008 0 66.47854089 23.612003 1.982934452 10.64040027
P_00008 0 62.90940983 27.71110785 1.400300728 4.633775254
P_00008 0 73.57570145 22.25189269 1.363204398 7.528555578
P_00008 0 77.97805448 24.79906647 1.11988248 4.011813343
P_00008 0 68.4188533 21.86306821 1.279110518 7.885222845
P_00008 0 46.85796138 25.94573552 4.869099053 29.67763269
P_00008 0 80.85050826 30.20408566 0.4870216105 -0.095587611
P_00008 0 66.49112646 26.86232927 1.572011031 5.103317675
P_00008 0 131.2820888 18.06754399 1.098765872 6.222667069
P_00008 0 80.53497789 23.94756999 0.8391185 4.101857372
P_00008 0 62.95324794 24.84494405 1.076005298 2.892354465
P_00008 0 70.19950908 32.81753544 1.261927166 2.826785982
P_00010 0 83.65987621 57.6537383 1.643096262 2.009891011
P_00010 0 103.52657 59.98344524 1.058936237 0.2505299335
P_00011 0 164.13149 40.2935074 -0.6421657883 0.0731032507
P_00011 0 127.8161638 45.45412047 -0.1506102423 -0.2726828387
P_00012 1 134.9603185 26.98039784 -0.8840965826 2.304511564
P_00012 1 146.8126789 24.22350389 -0.4465285636 1.146159226
P_00013 0 117.3665601 49.22609949 -0.2056294737 -0.7412301082
P_00014 1 136.2778855 37.88630978 -0.321805802 -0.489618071
P_00014 1 135.574853 44.23385902 -0.2000150262 -0.641948052
P_00016 1 180.1179056 56.72970595 -1.781638257 2.715060629
P_00016 1 148.7076466 44.24049531 -0.3732436826 -0.2789416872
P_00019 0 178.4342848 54.63720952 -1.266265228 0.497168855
P_00019 0 124.7486733 35.21651885 -0.2853555011 0.4949859335
P_00020 1 144.3960333 53.92614615 -1.169390291 0.2413080568
P_00020 1 129.8472284 44.31469703 0.0287965273 -0.7987751019
P_00022 0 153.1280023 38.90030723 -0.0719854574 -0.3670626762
P_00022 0 133.0922124 38.56595053 -0.2246580528 -0.7547438238
P_00024 0 121.2365812 35.61137519 0.0881655136 0.3658296837
P_00024 0 179.8043167 50.33939623 -1.14083006 0.728618895
P_00028 0 113.5268169 42.9613064 0.0434989215 -0.3823763811
P_00029 1 100.0216248 37.05994934 0.711467443 0.9425892834
P_00029 1 133.6613855 43.65436892 0.2954992285 -0.516241131
P_00030 0 87.0629229 75.03080594 1.463589138 0.4711731096
P_00030 0 135.7744324 55.93945681 -1.246180286 0.6563619079
P_00030 0 150.8344364 55.56743968 -1.232650581 0.7470497282
P_00030 0 102.6967225 65.20097053 1.324933831 0.6663548865
P_00030 0 63.42304577 28.66425505 3.701651882 22.48643167
P_00030 0 127.9869714 41.81233514 -1.622694086 2.249456504
P_00031 1 157.2983056 34.97156256 -0.9947912697 1.385233472
P_00034 1 163.5329451 42.46913492 -0.8258743638 0.2318701153
P_00034 1 154.272614 57.08577634 -0.7129795479 -0.7979735507
P_00043 1 93.19381243 27.95706954 0.3719634172 0.3051659773
P_00047 1 104.8544282 41.29164323 0.4488135505 -0.301003742
P_00047 1 96.87122563 33.97936086 0.4932243104 0.4563623405
P_00047 1 113.4184542 33.85910576 0.1754218494 0.0285014287
P_00047 1 85.76713996 27.58153752 0.827508932 2.743197523
P_00047 1 105.9964804 38.83944833 0.4348970069 -0.0777957576
P_00047 1 109.6900076 37.54861332 0.0215973009 -0.2366173783
P_00048 0 54.59511186 28.18481746 3.767548008 20.99844002
P_00048 0 68.89501657 32.160159 1.542431615 4.646603339
P_00048 0 59.5442198 26.44735415 1.74924163 7.406155147
P_00048 0 55.05478015 32.39382125 2.243697951 8.240932554
P_00049 1 167.613554 39.68058733 -1.137326249 2.111144242
P_00049 1 142.7677519 45.12486843 -0.8607763966 -0.3239803345
P_00060 0 135.3521912 47.32780506 -0.2778238678 -0.7923198713
P_00060 0 155.9772874 41.6277147 -0.5634156248 -0.2021090901
P_00062 0 96.91525354 32.03449728 -0.0825695523 -0.3579641833
P_00062 0 114.0305507 27.83547 0.1178626725 0.7266788848
P_00063 1 180.2586138 42.71974361 -1.222178463 1.247235403
P_00063 1 155.1073048 43.61858323 -0.625519457 -0.3538476871
P_00071 0 100.2960976 41.73433833 -0.0174216991 -1.0203245
P_00071 0 120.9155756 34.6603307 0.2703162185 0.4328454171
P_00078 1 85.59511884 31.91738906 0.4126948769 0.0457845349
P_00078 1 91.92614366 35.10337041 0.5641906639 -0.4470383728
P_00083 0 107.7317597 66.66360541 0.4805016212 -1.141516739
P_00084 1 142.0477714 24.56831728 -0.5741985312 1.709016555
P_00084 1 121.0319832 21.31006813 -0.1183236032 2.337472663
P_00085 1 194.7938769 41.37973002 -1.749291858 2.937645397
P_00085 1 178.6998867 36.1679989 -0.8246426711 1.286623613
P_00088 1 111.0954463 29.72924934 -0.5903798208 -0.1689196858
P_00088 1 95.88601881 41.22938618 0.2267340237 -0.8814224353
P_00091 0 32.25308415 6.622630015 1.744900486 31.05395098
P_00091 0 88.53088301 31.33351362 0.4324083548 -0.4925526595
P_00098 0 87.67250948 37.89805457 0.284768848 -0.610966121
P_00098 0 99.56065792 24.24426008 -0.3816765808 1.633200827
P_00098 0 101.0323014 30.22508466 -0.4323444367 0.0204780409
P_00098 0 76.75067215 20.02256661 0.5997951763 3.820309875
P_00098 0 109.3397774 17.10375785 -1.216343278 5.229004275
P_00098 0 62.51966539 54.52391036 2.799497246 6.785425393
P_00101 1 123.6676544 58.23426607 -0.5892576739 -0.6992736429
P_00101 1 104.9453611 75.6855392 -0.0813352611 -1.41118708
P_00105 0 149.599548 47.33120356 -0.4974596724 -0.3632534364
P_00105 0 99.5720987 36.51087963 0.031102624 -0.526996497
P_00106 0 72.04362069 31.32645979 1.060484176 4.22830032
P_00106 0 89.44819585 71.07499538 0.1138194516 -1.536942833
P_00112 0 58.66718932 31.49779527 2.249012366 5.429258325
P_00112 0 82.85454086 35.17759412 1.724648256 4.070042125
P_00112 0 67.27289301 30.11831607 1.632081979 4.148689994
P_00112 0 61.14734095 30.63058859 2.596494142 8.559041833
P_00112 0 77.66985646 32.31260099 0.6334481549 1.554522998
P_00112 0 79.82901162 35.9323551 1.599178981 3.50322459
P_00112 0 99.71945308 57.90917984 0.66340705 -0.5521238459
P_00112 0 81.94039918 48.56132133 1.453931793 1.670387936
P_00112 0 97.59398924 41.20307392 1.613823463 2.990291876
P_00112 0 126.5441966 40.92195579 -0.3476047836 0.2181176869
P_00112 0 122.4112977 50.69790355 0.3340263383 -0.8034403466
P_00112 0 88.53116519 46.9476338 1.598299325 2.586662093
P_00112 0 79.44282013 39.51811945 1.342581152 2.231121524
P_00112 0 61.34895913 31.13750005 2.04709883 6.626091628
P_00112 0 68.1390529 41.9383454 2.126177292 4.710936547
P_00112 0 65.97834133 30.44480919 2.733410777 10.54927478
P_00112 0 97.46709953 42.98971739 0.6617133131 0.9186232281
P_00112 0 130.8050583 37.36905138 -0.271079444 2.686395896
P_00112 0 85.54908734 37.78893614 1.669198291 4.323159192
P_00112 0 110.7883896 37.55877175 0.8259351815 0.9716769057
P_00112 0 67.25900295 29.79218339 1.587284831 3.882483256
P_00112 0 66.3036764 48.11131722 0.7994539312 0.5408975974
P_00112 0 88.23660078 34.71008616 1.496010319 3.738225163
P_00121 1 92.65893292 31.39408032 0.5159803618 0.2637748128
P_00121 1 102.1566067 41.07967175 0.477676564 -0.5095681526
P_00123 0 126.5799267 37.0633069 -0.0471770294 0.1123782397
P_00123 0 123.1340369 41.87707064 -0.2929033764 -0.6873777923
P_00129 0 60.52139839 22.7624686 0.8532464326 1.674523666
P_00129 0 70.06225351 24.15884633 0.2367806136 -0.4513216232
P_00136 1 145.6068082 39.08441462 -0.0929980827 -0.2897072443
P_00136 1 101.6135987 39.19451761 0.3291666143 -0.4514856079
P_00136 1 104.7702875 34.83411602 0.8055161388 3.298839078
P_00151 0 153.7695091 49.98302433 -0.3608387169 -1.012714796
P_00157 1 170.5863652 37.50786755 -1.01595709 2.054047295
P_00157 1 106.5990779 44.10539145 0.6476177293 -0.3043256701
P_00157 1 157.5161768 49.20662614 -0.7605666913 -0.164641836
P_00157 1 161.6501519 52.7318458 -0.4741503182 -0.5902195456
P_00157 1 114.1126665 55.31706542 0.4345762856 -0.7148474342
P_00159 0 86.7643814 29.85480878 0.1511331949 0.0426170478
P_00159 0 81.51711177 30.31558224 0.4109594101 -0.0998316137
P_00161 0 110.185397 48.41386525 -0.0283597624 -1.023254234
P_00162 1 68.84024621 26.48428827 1.155373836 3.031188521
P_00162 1 73.54181942 27.2207256 0.5205353663 0.8404232357
P_00179 0 140.6886595 45.19641572 -0.4457902575 -0.3809439376
P_00179 0 161.5641647 51.2855231 -1.026276639 0.2397882561
P_00181 0 105.3724594 38.81625106 0.9269745475 0.9224113487
P_00181 0 151.7587243 50.65647043 -0.4264130108 -0.8038880903
P_00182 0 119.2274652 41.24997855 -0.0697698582 -0.4390870708
P_00182 0 51.45913987 17.22510722 0.158521321 -0.1430857553
P_00183 0 130.608591 43.65248975 -0.1027091373 -0.6634429522
P_00185 0 106.9355896 39.64565994 0.3671769321 0.4255931517
P_00185 0 115.7969501 42.63455676 0.3586500627 -0.1421262529
P_00188 1 78.56213345 30.44770468 0.5366198251 0.8327768654
P_00189 1 164.0202361 43.36690999 -0.8949741049 0.6581342703
P_00189 1 141.5824092 46.46715424 -0.5748664108 -0.1735172927
P_00196 0 95.7988585 37.71742674 0.2359366306 -0.4456980454
P_00196 0 119.092937 27.27209806 -0.3239346213 0.9015667425
P_00197 0 78.12226292 25.91654241 0.8094048582 0.9935842196
P_00197 0 55.81876677 19.61458515 0.8041747146 1.01758212
P_00201 1 124.6059465 49.01388079 -1.240052979 0.9776034884
P_00208 0 190.5232824 48.44791791 -1.651755099 2.358633983
P_00208 0 106.367921 27.48659937 0.2192037432 0.3059485245
P_00208 0 123.3919773 34.93142319 -0.4761067476 0.0396708545
P_00208 0 145.0110558 37.97019421 -0.3096101099 -0.2273146887
P_00220 0 95.37701274 23.36687821 -0.0760382415 -0.3630879777
P_00220 0 93.53132903 33.14063525 0.2881393697 -0.6141580456
P_00224 0 94.66140154 36.30326969 0.6381263358 0.7790452096
P_00224 0 100.1030522 38.96307492 0.5627664856 -0.0428274468
P_00232 1 82.46736631 67.4811028 1.933534003 2.257129986
P_00232 1 149.3646297 52.22843879 -0.4864618742 -0.6838560942
P_00243 1 198.6502691 41.0135604 -2.945865087 9.906711886
P_00243 1 204.8405388 32.08852818 -2.487704637 9.417518168
P_00245 0 151.2231135 52.79353982 -0.3528029665 -0.3478697845
P_00250 0 103.582691 87.55118568 1.02036273 -0.7243984451
P_00251 1 91.51728487 34.40705063 0.2209956061 -0.5829310609
P_00251 1 91.5639858 33.48048695 0.2165702 -0.6471188046
P_00255 0 156.1128516 33.44549283 -1.226648421 2.781390601
P_00255 0 120.5910398 35.61032915 -0.7086299832 0.2265349518
P_00256 0 120.7357781 33.065687 0.5940559897 0.2734613015
P_00256 0 108.2552408 35.62842548 -0.0982602938 -0.0777154711
P_00260 0 59.52156413 35.97290427 1.783224593 4.490885416
P_00260 0 80.61864463 28.78915596 0.9021346586 3.657252973
P_00263 1 56.26419232 27.72140525 2.549012003 11.10383734
P_00266 1 141.0674406 81.61493359 -0.7358440633 -0.9396862687
P_00266 1 127.2640113 85.36449527 -0.4846653355 -1.467245236
P_00268 1 117.629952 61.80255532 -0.9551113792 -0.4502051798
P_00268 1 136.5139187 44.31136139 -1.643815361 2.519613282
P_00269 0 153.6008361 61.4148658 -0.6393504728 -0.8504835587
P_00269 0 136.3002797 48.51327284 0.0025521715 -0.8451537726
P_00270 0 183.5361104 37.67676892 -0.8581358251 0.3770239888
P_00270 0 138.0045105 57.0843961 -0.2729290666 -0.8253061914
P_00271 1 136.8262895 20.46426053 -1.342693043 6.10743745
P_00271 1 137.266916 28.98443721 -1.75252578 5.343047542
P_00274 0 110.1554496 42.35201767 0.4384786344 0.1145768759
P_00275 1 95.60758072 46.36515042 0.6732514431 -0.3968226
P_00275 1 89.12185703 41.8237285 0.4154741222 0.5716714103
P_00276 0 125.9839341 41.519378 -0.8070195665 0.2928226574
P_00276 0 116.8754864 60.47655818 0.2532560281 -1.042005055
P_00280 1 135.2212624 42.14756304 -0.1469015595 -0.3242136793
P_00280 1 105.112604 32.1091799 -0.1032793639 -0.520416484
P_00282 0 170.9169698 45.37883755 -1.01784121 1.063706451
P_00282 0 153.9772327 41.3313922 -0.4118679171 0.4804559092
P_00284 0 97.62218458 30.56321736 0.3326114562 0.1841677798
P_00284 0 103.1943042 44.21572583 0.2754321144 -0.5251930714
P_00284 0 122.3794631 26.40773352 0.4081698911 -0.1895651133
P_00284 0 101.792135 48.89006396 0.357339998 -0.8884748627
P_00288 1 124.0431743 29.98314714 0.3742453456 0.6941441701
P_00288 1 156.533274 52.99043772 -0.8624067748 -0.0064769326
P_00291 0 123.9443602 45.68563532 -0.5413637779 -0.6543475521
P_00291 0 83.33135626 32.8773409 0.6844530857 0.7336294311
P_00291 0 113.1425308 54.1373799 -0.0464649049 -1.252945258
P_00291 0 119.8691898 34.07563707 -0.3784676674 -0.1427421734
P_00291 0 148.7059174 41.97088218 -1.01262601 0.9714148657
P_00291 0 109.239465 33.93638268 0.0535733571 -0.8225748551
P_00291 0 152.8419515 38.87140083 -0.6755003505 0.5254153239
P_00293 1 89.57549437 30.9956477 -0.0434786087 -0.3158708963
P_00293 1 99.13182984 25.79285665 0.083465169 0.0275538341
P_00297 0 69.5584089 26.98427216 0.603197439 1.253336961
P_00297 0 82.77408906 21.44896375 0.3458640667 0.8275869218
P_00302 0 70.72283594 31.90979861 1.645703586 4.68172185
P_00302 0 50.43710434 21.04192312 4.523926007 29.48702588
P_00302 0 81.88674351 36.16745009 0.9671994453 1.1819595
P_00302 0 67.88859753 21.8596075 2.460431538 13.29770291
P_00302 0 155.276668 35.37147323 -1.335638005 2.076945895
P_00302 0 158.7669845 31.4838449 0.3110325413 -0.6966602904
P_00307 1 65.96868281 30.48657822 0.8512776003 0.5009684855
P_00307 1 84.01581157 30.03300792 0.5152554366 0.3949992743
P_00308 0 147.3791116 48.38997492 -0.3714445086 -0.6175265153
P_00308 0 101.4537942 41.8229195 1.002927551 0.8185315211
P_00311 0 178.137043 36.29062121 -1.609784965 3.349847845
P_00312 0 139.6797633 52.55136784 -0.7889539535 -0.6471115112
P_00316 1 133.8258832 75.95771781 -0.7835235376 -0.8046515752
P_00316 1 72.30917726 24.31581226 0.273961024 0.9888892117
P_00318 0 123.3595933 32.32946834 -0.1828725881 -0.0413417836
P_00321 1 104.1077262 32.93615617 -0.0132911838 0.0582976276
P_00321 1 104.9041435 31.80244131 0.2388050343 0.2441666042
P_00322 0 135.2106696 35.37454353 -1.11147667 1.531608018
P_00322 0 173.8579674 54.62997098 -1.285773194 0.6638019695
P_00326 0 114.7311589 37.47288425 -0.5850567316 -0.5567589454
P_00336 0 149.2651422 30.38681377 -1.054252199 1.927369267
P_00336 0 175.2331766 32.50098726 -0.460818893 1.024429365
P_00337 0 137.4256776 43.7086056 -0.3200823433 -0.7047414772
P_00337 0 130.7620876 40.2306612 -0.3397508524 -0.3609824711
P_00339 1 136.1888609 41.7977208 -0.6496936975 -0.3980464859
P_00339 1 147.235787 46.10826511 -0.7985910115 -0.4352164829
P_00346 0 105.4267568 66.56403937 0.2792479374 -1.409000118
P_00346 0 79.17886643 27.0579708 -0.072933468 -0.7374521245
P_00349 0 106.0582643 32.646565 0.0184611913 -0.4054486603
P_00349 0 102.6449513 40.24724782 0.3590629423 -0.4738015148
P_00355 0 104.3831391 29.26672179 -0.1691108275 0.0527620558
P_00355 0 55.42008261 18.32633522 0.6897851081 0.6778549728
P_00357 0 105.7057982 38.49245437 0.2069121314 -0.5539346894
P_00360 0 118.3158041 39.56516187 -0.2164734426 -0.6981313852
P_00360 0 173.9346747 57.38025815 -1.44971069 1.488045354
P_00364 0 83.3351075 25.52954849 0.6506616845 0.8998100469
P_00364 0 94.39371959 29.2939478 0.052375366 -0.5948142039
P_00373 0 174.2900882 42.71024448 -1.265239941 1.417574224
P_00373 0 146.254442 74.75957515 -0.5088572531 -1.253202923
P_00377 0 161.8978731 35.69201334 -1.477749813 2.410773358
P_00377 0 117.2115884 25.18405513 -0.1594492526 0.170810406
P_00377 0 132.8831578 83.39450645 -0.4916154222 -1.392042535
P_00378 0 157.6565496 49.50858374 -1.216228212 1.233299296
P_00378 0 137.2590397 43.33803445 -0.111745567 -0.7567828198
P_00380 0 114.4769924 40.13466388 -0.1856347219 -0.4821546258
P_00380 0 123.6080607 43.09844452 -0.2524178697 -0.4641711013
P_00385 0 56.60813132 35.06544751 3.300714142 13.58210425
P_00385 0 74.27170927 24.33483905 2.097459586 10.23450446
P_00385 0 96.70942682 43.77340188 -1.127377618 0.0923057455
P_00385 0 86.31908991 23.90176271 -0.1123469998 -0.2616768827
P_00385 0 80.07664679 27.4727772 1.183556254 4.847472023
P_00385 0 107.1854817 40.92306152 -0.2260943443 0.9204260694
P_00385 0 72.06198329 27.30771246 1.741152845 7.29352654
P_00385 0 91.12799456 46.45859949 1.124233838 1.895359092
P_00385 0 92.80524548 26.65129434 0.8042343816 5.639083151
P_00385 0 65.533145 20.38329058 1.159184722 7.820683995
P_00385 0 119.9101872 44.08370149 -0.4138088658 -0.4590150311
P_00385 0 116.8095411 34.75383302 -0.1092658043 2.153175215
P_00392 1 107.6777707 41.20876801 0.4959593021 -0.2174060852
P_00392 1 107.9874621 39.36682487 0.3323547 -0.0666805325
P_00393 0 100.7899527 40.33246806 0.1089689341 -0.5955932602
P_00394 0 92.49683237 34.48184425 3.085433585 12.44584047
P_00394 0 116.4009822 42.64380785 0.4638452602 -0.5255709388
P_00395 0 53.39476751 19.04409082 2.006318311 11.41915974
P_00395 0 49.04008988 16.69066279 5.070326712 53.12510546
P_00395 0 66.05009158 17.45154096 0.5800518618 1.505335786
P_00395 0 91.67265043 25.03443364 0.0714064018 5.026799126
P_00395 0 77.29183425 19.03752716 0.7742417443 3.909470888
P_00395 0 107.5040971 62.43852783 -0.2141545931 -1.133014602
P_00398 0 83.46976398 29.50105434 0.5530392454 0.6584709151
P_00398 0 97.37014136 34.75255428 0.705858213 0.4696510547
P_00400 0 126.0894638 49.60316998 0.0212170274 -0.9741107013
P_00400 0 127.8214467 34.96670542 -0.5547075735 0.3157691707
P_00404 1 109.2661271 33.41977702 -0.4949090722 -0.086616696
P_00410 1 115.7224808 37.22731962 -0.3579730779 -0.4278320996
P_00410 1 120.5407535 38.11602758 0.3439004628 -0.2919297463
P_00418 1 145.3158554 55.7583765 -0.2851951224 -1.103549298
P_00418 1 143.5175879 42.35402567 -0.2390319357 -0.5681378295
P_00418 0 169.035383 48.94436216 -1.348033379 1.038735365
P_00418 0 116.2530804 32.96247341 -0.0125892684 0.8434444054
P_00422 1 170.5774519 36.47232049 -1.297627698 2.535601525
P_00422 1 143.2064472 41.35424176 -0.6993812925 -0.126147805
P_00425 0 77.49712171 44.30329643 1.562412447 2.880931947
P_00425 0 67.32592794 39.02158304 1.925407011 4.672444183
P_00432 0 72.26694329 27.47475113 2.080775583 8.492438084
P_00432 0 78.93302241 27.19461245 1.478208013 5.528187849
P_00432 0 97.097979 18.50032215 3.280287054 22.19449063
P_00432 0 68.30929913 28.89919748 1.557616078 7.367256628
P_00438 1 149.1383152 44.60917264 -0.7028124996 0.0163943821
P_00438 1 167.3491869 60.95213531 -0.9702701074 -0.1103897976
P_00443 1 96.69473307 53.74058644 -0.2031762621 -1.22709563
P_00445 1 104.995808 19.18562196 -0.5025368579 2.404662712
P_00447 0 109.3674729 50.59007576 0.201188677 -0.9830333569
P_00447 0 123.2045315 50.75468257 -0.0951904363 -0.8814906799
P_00448 0 141.855732 48.94508375 -0.3788542197 -0.6192410905
P_00448 0 125.5004559 54.36965425 0.1194331228 -1.333915008
P_00452 0 133.2123028 59.39503948 -1.018443012 -0.0789332593
P_00452 0 134.0176059 43.36303672 -1.381354784 1.708769764
P_00452 0 151.8140049 30.2657195 -1.760156649 3.559598831
P_00452 0 120.1191849 45.66961286 -1.351997508 1.573162117
P_00452 0 132.7159183 57.21761394 -1.119473808 0.0729187044
P_00452 0 130.6687039 30.74161036 -0.8148919343 1.540885734
P_00452 0 98.60500666 35.71698705 -0.4401222182 -0.2467779223
P_00452 0 132.1068586 67.52745593 -0.9141655267 -0.5182003583
P_00455 0 42.83811376 22.94509792 4.455089941 28.6270717
P_00455 0 43.6927194 26.64771042 4.916552401 28.67653266
P_00455 0 60.87844567 22.68393917 3.132892312 19.5354847
P_00455 0 51.23069527 20.63995868 3.726241633 28.49372904
P_00455 0 43.82005424 26.94665109 4.766061924 28.25567857
P_00455 0 57.35287334 24.33304653 2.859552649 14.21688447
P_00455 0 48.77730134 26.73600902 4.347553374 24.03228421
P_00455 0 52.31412499 26.07162439 2.363670683 11.47245835
P_00456 0 110.2149564 35.28503928 -0.33058263 -0.0571613933
P_00456 0 95.95034776 38.9849004 0.2958162541 -0.5834058126
P_00458 0 79.7833385 33.1476437 0.5566178595 0.4989261686
P_00467 0 88.92336472 40.61159786 0.8844379349 2.205885384
P_00467 0 57.762604 36.9104275 2.341825043 7.223154921
P_00467 1 115.9386369 38.78785407 -0.2833633192 -0.2959026464
P_00467 1 115.0113959 39.97418845 -0.3870959481 -0.5669231468
P_00469 0 120.9959181 38.54326493 -0.1136835698 -0.2009300489
P_00469 0 129.723249 34.1517156 0.2661559689 0.4427226981
P_00471 0 112.3064994 39.29545769 -0.0375219281 -0.4624754706
P_00471 0 98.94019394 32.90171721 0.1194324492 1.280931529
P_00471 0 138.5107572 36.21799002 0.0342824248 -0.0296227595
P_00471 0 111.4082939 32.81694396 2.591872673 8.272656525
P_00471 0 127.5839008 41.18459217 0.1700047984 -0.461003055
P_00471 0 106.3710462 31.25061039 0.3343600245 -0.4204572807
P_00473 1 138.2994312 67.17528932 -0.6747263592 -0.3849140216
P_00473 1 143.3505442 48.95736064 -0.4558045818 -0.2052756019
P_00474 1 96.68595364 49.47341785 -0.2589939687 -0.4821883516
P_00474 1 107.5945309 41.32730631 -0.0859232266 -0.5464095338
P_00476 0 118.2653733 45.99819014 -0.0288988706 -0.6326043912
P_00476 0 101.0010428 50.90132755 0.5089959481 -0.8325738378
P_00476 0 75.65282161 29.05889018 1.635139341 5.54093965
P_00476 0 101.7837463 35.6557094 0.4653166944 1.418416077
P_00476 0 93.34553458 35.8258846 0.6116633097 0.397981003
P_00476 0 80.28993517 31.91010148 0.8880359039 1.94933356
P_00476 0 76.47933884 31.64648296 1.298613835 3.050762633
P_00476 0 128.7266972 50.3623015 -0.0755453323 -1.099934271
P_00479 1 79.15794709 23.82317997 0.7234038516 2.195943855
P_00479 1 88.29746935 29.08703692 0.6288707478 0.0828486481
P_00480 0 105.0680002 38.481528 -0.9940085081 1.866890587
P_00480 0 109.2355616 32.04786136 0.2786167577 3.710875762
P_00480 0 96.47658797 50.71952024 -0.6832800722 0.0777219727
P_00480 0 84.23247126 30.74338134 0.8377025292 1.392902183
P_00480 0 69.87018988 18.82710892 1.234334181 5.307451502
P_00480 0 117.3468405 33.71514203 0.5228079919 0.9708789186
P_00484 1 161.888253 35.11496788 -1.147165588 1.597878998
P_00484 1 184.229709 28.71031557 -1.482351095 4.868058544
P_00486 0 103.2204701 44.01647174 -1.271003258 0.7756293141
P_00486 0 146.7550745 25.71576631 -1.166112366 4.468898145
P_00491 0 119.0081295 44.85460083 0.3268664179 -0.4403508898
P_00502 1 160.1495037 38.40845675 -1.306230274 2.144052796
P_00502 1 88.6059233 34.22128646 0.1587258568 -0.5236666267
P_00503 0 148.6735987 37.82931205 -0.490144622 0.2118397092
P_00503 0 126.3817098 41.14334755 0.100729008 -0.7419209431
P_00505 0 52.89562996 32.77570953 3.67304813 15.54123579
P_00505 0 66.41387966 26.26955968 1.284690147 5.943321087
P_00505 0 50.12345679 27.46240456 2.604353679 12.04342505
P_00505 0 50.62469115 28.35541027 3.284707168 15.14648895
P_00505 0 113.5130352 45.67892128 -0.3536445321 -0.7268711948
P_00505 0 55.18142204 29.02556365 3.243589922 13.66410909
P_00505 0 69.1427882 23.03917605 1.758274832 9.814304982
P_00506 0 60.52081327 35.24025022 2.630913754 9.153109834
P_00506 0 75.54925499 35.68524425 1.409969464 3.334054209
P_00508 0 182.4934586 47.4355833 -1.55624162 1.987535291
P_00508 0 133.8918289 42.48253795 0.0042189267 -0.4439605243
P_00510 0 110.2625398 29.54877587 -0.4887050992 1.065382993
P_00510 0 47.73021325 18.0371454 0.8127693233 1.559754151
P_00510 0 106.8629733 44.93273722 0.1859536853 -0.8199442576
P_00510 0 85.55942227 26.34707073 0.3606198806 1.130068338
P_00510 0 103.9444833 48.0470092 0.3862334925 -1.017655831
P_00510 0 110.2994437 49.98203251 0.5358366127 -0.7857465102
P_00510 0 66.5928464 20.68887137 0.3676910953 1.66019276
P_00510 0 122.8801011 35.64659909 0.511514086 -0.5030583657
P_00510 0 85.47776167 28.65746923 0.9913219331 3.068824257
P_00510 0 94.40663635 33.99147912 0.466526661 1.041360356
P_00510 0 91.96121591 46.85950894 -0.5004668386 -0.4153365442
P_00510 0 42.80334645 12.70768804 0.9784218327 11.69417828
P_00519 0 80.88032117 42.0442979 2.094911257 5.603393097
P_00519 0 91.78519889 37.93907753 1.448530822 4.341661117
P_00520 0 126.4688522 42.9276433 -0.9007318553 -0.1025496253
P_00520 0 131.0151375 38.62937664 -0.1997085363 -0.4859694675
P_00522 0 146.74736 46.35596807 -0.6121323725 -0.0570413299
P_00522 0 104.1127695 51.88926619 0.521229466 -0.7371403984
P_00523 1 125.6116308 25.88841615 -0.2411216377 1.897568235
P_00523 1 108.4281086 39.52189367 0.0369055413 -0.7894724501
P_00527 1 69.38986101 42.13000982 -0.0666717025 -0.5796055815
P_00529 0 78.30914454 51.23447256 2.402750117 5.607252559
P_00529 0 89.11746032 31.1392142 0.5455848323 2.111203106
P_00529 0 108.027337 34.8557559 0.1682887362 -0.3267071268
P_00529 0 97.17333431 38.36093942 0.4109631243 -0.3190302655
P_00529 0 99.9412134 33.37268539 0.0751950126 0.042293562
P_00530 1 63.02216601 29.40035833 0.8541777931 1.665053051
P_00530 1 62.60792478 25.23512545 1.611047741 7.653420876
P_00531 0 111.7102667 37.60874304 0.3521166301 -0.5267838726
P_00531 0 94.58753719 31.94990617 0.453532374 0.1306621834
P_00534 1 152.6579737 40.65995156 -0.3005235646 0.2256094945
P_00534 1 133.9851239 52.96599326 0.0556359265 -1.165829192
P_00538 0 97.53175104 31.44401443 0.3377194261 2.404472183
P_00538 0 140.9549907 44.54872635 -0.2901566394 -0.3474243373
P_00538 0 114.1996073 32.75772367 -0.0240576832 1.088571193
P_00538 0 94.98932591 50.02555004 0.1097959389 -0.7697614089
P_00539 1 105.2570349 32.99162547 0.0720377113 0.0482182192
P_00539 1 148.9229236 39.54799205 -0.0478809712 -0.7411391208
P_00539 1 130.3032344 33.49869292 -0.2136503029 -0.0149845247
P_00539 1 155.1474368 50.19358862 -0.60045667 -0.3894810857
P_00539 1 157.3389334 36.62140208 -0.7820303791 0.7966522572
P_00539 1 140.9421556 48.86634766 -0.3473936378 -0.8609879129
P_00546 1 117.2685858 41.59090487 0.004273167 -0.6533095456
P_00548 0 111.5803508 30.7096758 0.0013265797 0.3701551739
P_00548 0 90.28756817 40.01510769 1.661111535 5.091964518
P_00548 0 146.4613146 68.76671121 -0.944686112 -0.5963256854
P_00548 0 87.43269332 29.95861531 0.5694986019 1.837942277
P_00548 0 121.3575489 35.58457808 -0.0665304862 -0.3638811502
P_00548 0 145.1520253 74.80915226 -0.6891084328 -1.088781157
P_00551 1 139.6774481 34.2410856 -1.441292782 2.460365111
P_00551 1 125.3006508 27.7824288 -0.596196399 1.79312326
P_00552 1 144.7550619 55.32527889 -0.4772434605 -0.8457272165
P_00555 0 86.05173424 32.18134885 2.337468178 7.945598989
P_00555 0 64.36482038 41.59246185 2.873648086 8.726124788
P_00555 0 81.45907994 49.44764044 1.830639494 3.295030301
P_00555 0 87.32618232 33.04675581 2.503101641 8.767481833
P_00556 0 160.1673417 22.05271068 -1.73809447 5.778213398
P_00556 0 113.6416967 29.12661068 -0.352691372 0.0303426132
P_00557 0 106.0832917 26.21258109 0.381760404 1.340278499
P_00557 0 61.85024103 23.97438706 1.092793177 2.999931911
P_00557 0 74.43919871 31.69000213 0.7432921845 0.3709349189
P_00557 0 72.09669779 31.80739079 0.6452974852 0.3448595576
P_00557 0 58.86061944 25.12142469 0.5315798786 -0.3091141915
P_00557 0 78.1206902 23.3617176 0.6876572893 4.233100699
P_00557 0 61.58544335 22.77339162 0.7403633672 2.454933422
P_00557 0 80.74207547 32.65702427 0.566769967 -0.0273823045
P_00557 0 92.67767722 30.93011306 0.4024204585 1.287431849
P_00558 0 132.588932 41.77378808 -0.2725880085 -0.7713600459
P_00558 0 139.4970459 37.37496401 -0.0172285851 0.0826815295
P_00558 0 101.1256216 29.40425115 2.822985565 10.75273297
P_00559 1 92.99654566 30.69633355 0.5086445113 0.7817596626
P_00559 1 64.27418252 20.72021893 0.8438484546 4.666363002
P_00559 1 66.80445776 20.93551858 0.1553600299 0.3461444274
P_00559 1 60.61924917 23.14696847 0.9503723477 3.039619323
P_00563 1 68.92475329 24.93199254 0.8299033409 2.925867296
P_00571 0 129.614315 45.08036739 -0.0700550384 -0.8667375119
P_00571 0 95.04324241 25.73320668 0.0278115538 -0.0180276444
P_00573 1 134.5178886 53.41011503 -0.784044895 0.7966065547
P_00573 1 142.5983743 41.08326669 -0.4847994359 0.6383783894
P_00574 1 39.27297715 19.56241581 5.144731622 45.8336586
P_00574 1 101.1353369 31.42651329 0.380894034 -0.3719155584
P_00578 0 115.6243403 36.60865304 0.0792477793 -0.3435611822
P_00578 0 135.3226117 35.28537314 -0.7222454266 0.5658684921
P_00582 1 86.21422658 40.73085806 0.5405444657 0.2039389936
P_00583 0 143.0320966 43.05009725 -0.2961861386 -0.2545709868
P_00583 0 138.3029234 47.14167261 -0.5281016636 -0.3325283864
P_00584 1 99.19073451 35.27123944 0.7917896344 0.9986671551
P_00585 0 88.00955048 28.46384555 0.8795455995 1.949176112
P_00585 0 119.57953 31.76435403 0.2782164799 -0.3028669847
P_00591 1 106.8114948 69.71907549 -0.4117597731 -1.194062337
P_00591 1 146.1657948 45.58104728 -0.5391963796 0.5608930492
P_00591 1 141.3369845 38.06020006 0.6336665346 -0.8349281119
P_00591 1 92.79395115 51.29690349 -0.6662384822 -0.7882707559
P_00593 0 160.3157821 35.06473422 -1.096312602 1.894130903
P_00593 0 130.209351 35.30749329 -0.6197107485 0.4322230119
P_00594 1 56.85408213 59.97733906 0.7984566019 -0.3119648738
P_00594 1 68.68855193 75.55282702 0.6692623622 -0.9942663384
P_00595 1 101.3592786 43.24203525 0.0982342927 -0.9958138698
P_00595 1 97.64268291 45.43373428 -0.0623771399 -0.9624929624
P_00597 0 157.422485 39.34247874 -0.8468183864 0.4578679468
P_00597 0 114.1066131 34.22757336 -0.4348718442 -0.275892142
P_00600 0 130.0058844 44.26145238 0.1715802499 -0.772191329
P_00600 1 163.6304104 42.10688373 -1.046578625 0.6213170493
P_00600 0 84.75113022 29.73406683 0.0622783553 -0.2335304506
P_00600 1 131.5195358 46.31104605 -0.0595249036 -0.4644812242
P_00601 1 188.1415695 31.22397625 -1.896180113 5.260750731
P_00601 1 186.6666056 43.81577792 -1.748429033 2.408331731
P_00606 1 161.0520738 48.52460958 -1.310806649 1.015610902
P_00606 1 119.7207476 40.29304999 -0.1469062107 -0.5970343438
P_00609 1 146.4879068 47.31637564 -0.1429167879 -0.667625985
P_00609 1 125.2523029 42.12739964 -0.1057055833 -0.4275311236
P_00613 0 75.2727214 27.92900349 1.519931052 5.332084534
P_00613 0 98.29239099 28.97603066 0.6503240127 1.555144783
P_00621 0 123.5153079 31.35189681 -0.1051945773 -1.093384539
P_00621 0 78.82647453 28.36809726 0.4806552067 -0.0678551976
P_00624 0 153.2521644 55.5748848 -0.7156052735 0.1860885652
P_00624 0 114.6739058 29.9537411 0.3753836351 1.627462334
P_00624 0 134.3008348 41.17818811 -0.5873227707 -0.192423573
P_00624 0 120.972659 41.99146903 -0.0803050695 -0.5798659212
P_00625 0 87.03154363 45.92150695 2.154013927 6.005539765
P_00627 0 125.841416 43.47521773 0.0594694217 -0.2072068491
P_00631 1 152.6889337 31.48138648 -1.46809686 2.453815046
P_00631 1 100.1565875 34.18313855 0.3360731611 0.0022072397
P_00633 0 127.5007685 23.94835849 -1.087458726 2.413315744
P_00635 0 161.433008 65.22171807 -0.924108196 -0.4022491153
P_00635 0 124.7200438 31.66218525 -0.5003460743 0.0014289638
P_00635 0 80.82959483 34.7467448 1.824391684 5.361923359
P_00635 0 126.7887509 48.35304023 -0.1121290866 -0.9500657472
P_00635 0 102.238967 19.47196223 1.411837747 5.340849969
P_00635 0 141.2245286 53.25057199 -0.8143088097 -0.6135415003
P_00638 1 112.4269673 35.12732338 -0.4642237193 0.0419162689
P_00638 1 123.2322698 37.35022982 -0.943503523 2.361347584
P_00639 1 86.66494552 40.92570249 0.3598990889 -0.6505375792
P_00639 1 116.1066027 45.76613366 -0.4701600375 -0.9591528118
P_00642 0 34.66897222 41.34623438 4.444140051 19.89895023
P_00642 0 53.5033367 31.58092023 3.268089621 14.70776447
P_00642 0 47.41590423 16.14536606 0.3944626045 1.466232231
P_00642 0 85.75005897 25.37499536 0.0106711754 0.2224536653
P_00645 0 156.2304087 53.88488936 -0.2225634491 -1.065371432
P_00647 0 162.665813 58.24069003 -1.319885185 1.096113767
P_00647 0 178.9428031 35.71096611 -1.427320331 1.714202082
P_00652 1 128.9876683 35.29555296 -0.1836253169 -0.4258066039
P_00652 1 152.816116 46.60394299 -0.4985782099 -0.7710992515
P_00654 1 112.1295639 38.61829843 0.3641246655 -0.0373526565
P_00654 1 127.6984652 56.17198172 -0.4013219222 -1.142768327
P_00655 0 76.79394837 16.18600463 0.5328148532 0.5746751417
P_00655 0 73.40010333 27.1358386 0.7816357848 0.43696975
P_00658 1 121.6353995 24.11083007 -2.414252099 8.149160856
P_00658 1 103.0904536 69.4276574 -0.2053787424 -1.344199641
P_00664 1 152.4426711 28.53876306 -0.7447115787 2.424831734
P_00664 1 166.2559202 70.061259 -1.391274546 0.5161751542
P_00666 0 82.29490096 41.41015065 0.8521950644 -0.0159859182
P_00666 0 79.29496009 25.37673496 0.3660682255 0.2375654708
P_00666 0 99.26178188 38.92745949 0.0599390413 -1.16303081
P_00666 0 94.10342629 31.3333603 0.3301017191 0.1302218786
P_00666 0 123.3138637 51.91335417 0.2489793569 -1.228251351
P_00666 0 101.0334838 40.17932215 0.1321986028 -0.4107245748
P_00667 1 137.6902132 51.62126293 -0.1340831943 -1.227005713
P_00667 1 151.6687472 53.1488672 -0.4021880674 -0.6736981702
P_00669 0 74.79372965 26.03149624 0.7472694668 2.313712653
P_00669 0 83.5394134 34.44294717 0.3165620981 -0.3362149793
P_00673 0 116.1130758 56.17216657 -0.2718273496 -1.389238663
P_00673 0 71.13969361 22.30119345 1.537561483 7.581589158
P_00674 0 46.80431729 28.46107087 3.975212978 22.11386003
P_00674 0 56.73800806 37.44906401 2.091874777 6.40367419
P_00680 0 135.7276615 71.80068975 -0.8143309813 -0.8587498318
P_00680 0 124.6164947 65.98869994 -0.8681075682 -0.6424009312
P_00680 0 157.3885693 76.56986039 -1.045279976 -0.3035247479
P_00680 0 179.6127307 48.56625554 -1.682118415 2.940241773
P_00682 0 94.22084997 30.53059697 0.6144142699 0.4759152559
P_00682 0 117.0768789 40.00986161 -0.3760174508 -0.3098034631
P_00683 1 119.1395326 58.97855945 -0.8068697523 -0.4297100889
P_00683 1 182.3893155 57.60988665 -1.835148045 2.870052812
P_00684 1 126.1988967 50.91617487 0.0717380753 -1.111550679
P_00684 1 99.44936576 30.36992106 -0.4348255964 -0.336540062
P_00685 1 113.8841752 39.53211986 0.1508809234 -0.8811679923
P_00685 1 130.5480971 45.55492669 -0.1991138256 -0.5587620512
P_00693 1 88.12401225 54.05233907 0.0512192721 -1.13133683
P_00693 1 113.3164025 67.97156231 -0.2051256639 -1.007087706
P_00701 0 106.6053671 53.01644457 0.1978628853 -1.173051442
P_00701 0 135.8234077 48.59257299 -0.5929869983 -0.355550463
P_00704 0 92.03168657 34.31521798 -0.4701652602 -0.3317493051
P_00704 0 104.5377168 35.93982953 0.4275095166 -0.2323607655
P_00705 0 136.6063487 61.97657707 -0.869120655 -0.2953156084
P_00705 0 130.2980999 65.21588758 -0.2800716761 -1.025747254
P_00705 0 137.6312454 44.5148994 -0.2299728699 -0.9613220974
P_00705 0 154.5535526 36.21118214 -0.4827000978 0.9646076622
P_00709 0 151.2192403 61.90625885 -0.3632926926 -0.9252496143
P_00709 0 102.3422198 41.32802615 0.7540361102 0.2285286703
P_00710 1 127.8007874 42.99601371 -0.1746541418 -0.9189005056
P_00710 1 140.8552077 35.05693169 -0.6373099831 0.7334042209
P_00712 0 119.7110123 76.66267359 -0.6326787183 -1.287490131
P_00712 0 132.7767964 66.93450117 -1.212588259 -0.1847777249
P_00713 0 51.88549119 23.99062932 2.167213247 10.45907695
P_00725 0 114.655215 41.77891009 -0.2027737131 -0.3755021117
P_00725 0 106.4302036 38.46114819 -0.1279800421 -0.7196888506
P_00729 1 116.3703768 34.09700801 0.1363829679 -0.4254044899
P_00729 1 139.994366 41.54733651 -0.5285230743 -0.408750377
P_00734 1 87.23821979 38.00791763 0.3077612048 0.11896487
P_00734 1 162.5781971 40.23932802 -0.636259152 0.6627383043
P_00735 1 76.05646907 25.80554323 0.7044168816 1.326918143
P_00735 1 106.9114085 40.87828289 0.0474041992 -0.6860807272
P_00736 1 119.2546087 39.52887233 0.2436963773 0.0235303654
P_00736 1 129.4877412 37.68977564 0.0849050287 -0.1481524436
P_00743 0 144.8375475 48.03667937 -0.5500761359 -0.3223887411
P_00743 0 154.1587176 32.52152956 -1.105153094 2.248345294
P_00744 0 66.7744856 35.25747498 1.395918427 2.77900741
P_00744 0 101.1812672 38.55868056 0.4844776634 0.447082376
P_00750 0 106.1901275 46.73500903 0.5405451329 0.2538119302
P_00750 0 109.8973505 50.20338496 0.5086314467 -0.2668938588
P_00750 0 77.94463536 26.55283064 1.303807081 6.453522401
P_00750 0 77.65569273 37.67523935 1.8011293 4.375038355
P_00750 0 75.19092144 33.57040271 1.511048999 4.853822081
P_00750 0 105.0905318 31.85670865 0.1933852738 0.3180834285
P_00751 0 112.1356311 35.3377026 0.382297247 -0.0786477054
P_00757 0 120.3388134 41.29833845 -0.4066328526 -0.5421383699
P_00759 1 108.3478978 32.2163954 0.4519321911 0.3981733557
P_00759 1 116.1455284 48.86214522 0.2200465004 -0.6157611148
P_00759 1 80.77696143 24.98016541 0.2822763828 2.198865746
P_00759 1 150.7066194 36.61354458 -0.8462927255 0.9526737405
P_00761 0 152.7024351 41.25907987 -2.206377117 4.459998105
P_00761 0 134.1880195 40.48068646 0.0957245245 -0.5657637228
P_00767 0 114.5267615 29.90201973 0.6779304668 0.1740379047
P_00767 0 61.48129631 30.79128636 2.323367186 11.90400123
P_00767 0 94.58273542 30.51733842 0.3823239433 0.4417968177
P_00767 0 107.1754499 50.23025712 0.3744564572 -0.6690392617
P_00768 0 100.9513443 31.5229408 0.0605920945 1.730023879
P_00768 0 141.7083074 36.22422278 -0.8173033318 0.6720242446
P_00771 0 92.75717129 40.86255605 0.385001869 -0.3618835349
P_00771 0 144.1932287 51.61956754 -0.5434332051 -0.5563202952
P_00772 1 155.2728233 59.78672081 -0.4824521848 -0.682815882
P_00772 1 155.4627187 42.20638719 -1.194130903 1.156598363
P_00778 1 151.775152 50.09736048 -0.2971690388 -0.5764694515
P_00778 1 113.5112334 50.09504044 0.1322636488 -1.056435066
P_00780 0 110.5277429 54.16669741 -1.112165795 -0.1899058435
P_00780 0 125.5716664 41.40403246 -0.8419057822 0.3944569112
P_00780 0 111.7933603 40.2739405 -1.313744573 1.448828638
P_00780 0 83.94874364 25.54399402 0.9586262753 3.543262491
P_00780 0 94.22919258 50.42640305 -0.7346032899 -0.5470050868
P_00780 0 118.6556832 19.20632577 0.6141580094 1.605421039
P_00780 0 56.09692404 17.69473092 0.6652205281 1.843552222
P_00780 0 58.44241707 21.66133511 2.745720503 11.65183376
P_00780 0 120.7099357 38.23214244 0.1459526327 -0.3581232789
P_00780 0 86.07063982 25.00061914 0.7056803441 1.485739283
P_00780 0 52.65773524 21.64844629 2.472594881 11.30901421
P_00780 0 90.05544951 30.40069097 0.6569680408 0.1390932327
P_00780 0 99.62861506 31.55979988 0.4832949033 0.2177310213
P_00780 0 50.53356538 24.44919414 2.471481786 10.12526129
P_00784 1 159.3581726 38.03733693 -0.0976009355 0.3176702011
P_00784 1 170.1687575 33.64199205 0.0447914184 0.810026549
P_00787 1 116.1332345 47.90367735 -0.0349760411 -1.004799938
P_00787 1 112.618551 39.89485746 -0.4792776916 -0.1637377663
P_00792 0 95.00122874 31.12464285 0.1384602796 -0.6343147491
P_00792 0 130.1183037 43.91936756 0.0068185108 -0.6783089328
P_00793 0 95.38272417 56.87940946 0.5346954882 -1.067234183
P_00793 0 110.0214166 40.51299267 0.2493046276 -0.6861957174
P_00799 0 59.86933702 24.25398034 4.210755433 31.21589777
P_00799 0 89.81846827 25.01946046 0.5295815144 0.5151888285
P_00799 0 131.4551412 58.22967494 0.6797917348 0.2930515314
P_00799 0 78.57443998 72.9485188 1.699078777 1.133714338
P_00806 0 131.8337345 32.04505252 -0.5643141078 0.6968477062
P_00806 0 149.6379852 46.87960032 -0.4970313793 -0.3265601219
P_00808 0 59.63207414 22.93166137 0.5655186079 2.114754803
P_00809 1 169.460847 78.72968163 -0.977593243 -0.462914514
P_00809 1 99.30155319 76.91673159 0.0233073332 -1.557984034
P_00812 0 87.33630894 18.90314989 0.1156561037 10.80639402
P_00812 0 88.33787766 49.52777297 0.0768226515 -0.346222785
P_00814 0 79.01964738 42.66625002 -0.4899064137 -0.5416006711
P_00814 0 111.4745517 44.73927843 -0.6391723454 -0.0178197782
P_00814 0 68.51610254 51.98182469 0.193307247 -0.9853608385
P_00814 0 94.24126334 45.49714347 -0.312154971 -0.2644899896
P_00819 0 103.7594743 25.47883527 0.4094369548 0.5881598621
P_00819 0 137.9596979 58.19273182 -0.5373046478 -0.7429653179
P_00824 0 104.3568407 37.81486401 0.2954149242 -0.771773519
P_00824 0 125.607471 50.17155625 0.0008038276 -1.038045919
P_00825 0 106.4080642 44.88143913 0.0184015261 -0.5020960215
P_00832 1 192.764058 35.98376869 -2.425431706 6.758523381
P_00832 1 199.4742862 45.83875773 -1.840058104 2.732686823
P_00833 0 138.5721989 43.97758896 -1.156307422 0.7006926409
P_00833 0 84.46983986 27.77485643 0.3285027465 0.4230984978
P_00834 0 101.5130807 38.38404673 0.2871486356 -0.3793730418
P_00834 0 118.8222402 44.79310256 -0.3388499838 -1.209450098
P_00835 1 101.3617667 39.31660024 0.5249310966 0.0943337446
P_00835 1 130.5114117 43.34241376 -0.0291064114 0.1738395922
P_00840 0 123.107483 47.75965205 -0.371083028 -0.7440873713
P_00840 0 117.6432295 40.1643795 -0.2458095399 -0.2340511322
P_00842 0 83.78094238 18.16139125 0.8864324187 3.759643077
P_00842 0 78.32688275 24.67358177 0.4057108968 0.5193155439
P_00846 1 160.4009176 44.50078774 -0.7477135682 0.0010628353
P_00846 1 117.1613994 43.85992973 0.0834937152 -0.6624166189
P_00847 0 119.261664 44.64902324 0.1706440942 -0.4932648975
P_00847 0 145.1313405 35.21734844 -0.4586152291 0.3774822398
P_00852 1 134.0297194 39.38169565 -1.016780912 0.4947072003
P_00852 1 113.6523687 34.06912412 -0.2535133571 0.0019646514
P_00854 0 123.2016612 51.93346109 -0.0798682865 -1.06507831
P_00854 0 125.3323165 45.836137 0.1634051508 -0.3404900274
P_00855 1 66.43656086 31.60716319 2.210034071 9.915883508
P_00856 1 134.645106 43.14767673 -0.2319194616 -0.96785157
P_00858 0 119.9419204 40.80127102 -1.181869985 1.621306432
P_00858 0 96.73394258 28.16880581 0.2050452976 1.283664312
P_00858 0 168.0377074 29.05563864 -1.022498104 2.078937525
P_00858 0 81.03398489 36.37732538 2.838013058 11.51693931
P_00858 0 146.7454685 41.78413607 -0.8082512034 0.4577891614
P_00858 0 71.26993368 38.40064237 2.240966126 8.415688771
P_00861 1 134.770629 23.38468625 0.5575756079 0.2654072026
P_00861 1 135.8334251 45.23419336 -0.7853378443 -0.1778669064
P_00862 1 109.915011 29.20459734 -0.1093188011 0.231188021
P_00862 1 156.1430991 34.22926693 -0.1016162311 -0.2131807369
P_00864 1 136.5736229 29.36332473 0.0291672605 -0.5367283632
P_00864 1 141.4802378 33.63111544 -0.1669732674 0.1215066017
P_00866 0 87.74055584 27.04178415 0.290396258 0.2635805015
P_00866 0 100.0634814 31.00380596 -0.0183435277 0.0249453373
P_00868 0 80.05619228 30.29560585 0.7881232013 1.84186828
P_00868 0 120.845346 35.66176225 -0.4437855731 1.038578808
P_00877 0 146.3989426 42.77793993 -0.2061079236 -0.44182231
P_00877 0 90.98671089 23.37691901 0.7596590279 2.266613591
P_00877 0 74.37278568 23.25921739 1.303842447 3.907224075
P_00877 0 121.6092942 56.40653516 -0.1052041985 -0.6342682501
P_00878 0 141.4844964 42.97407309 -0.3092491827 -0.3270900754
P_00878 0 98.46085634 38.90177811 -0.101459765 -0.6784016724
P_00880 1 124.8336928 41.93061688 -0.1634005232 -0.4770267182
P_00882 0 97.88179877 34.50446144 0.2398726312 -0.3874316626
P_00882 0 105.8558314 42.97125537 0.5284490561 -0.1636049258
P_00883 1 107.5761373 77.22593081 -0.1919255724 -1.484637098
P_00883 1 83.27857795 62.58252709 0.1953174663 -1.051303475
P_00890 1 92.49980603 43.55208604 0.6496588322 -0.1788122315
P_00895 0 102.6097797 36.12773749 1.157940533 2.913985262
P_00895 0 102.0428178 40.13697296 1.041058591 1.873172579
P_00897 0 144.5837086 41.56709724 -0.4485085971 0.7252756744
P_00897 0 138.6084168 67.5080131 -0.1997879018 -1.032947672
P_00899 0 115.0454672 39.59717096 0.0563290544 0.0630117032
P_00899 0 137.7240011 34.91207336 -0.7419284479 1.631173486
P_00909 0 117.1013007 41.37428282 0.0642041309 -0.8478990816
P_00912 0 80.85333333 28.97492935 0.4800681681 0.4565542678
P_00912 0 79.17721493 39.01826219 0.1900680702 -0.7790564178
P_00916 1 122.0928588 41.40516119 0.0275590159 -0.6807931447
P_00923 0 108.78073 34.97815763 0.1895528007 -0.7523467447
P_00923 0 77.31768515 27.20980003 0.1078984424 -0.370472306
P_00924 0 72.817009 23.45280772 0.6444911655 2.777060787
P_00924 0 65.67627476 22.73464887 1.934103923 10.62434872
P_00924 0 88.63975955 37.13645846 0.8467297445 0.684406723
P_00924 0 77.34015389 24.55477926 0.662857867 1.999589664
P_00924 0 86.57428871 23.69353177 0.4396248576 0.3840619041
P_00924 0 105.7307622 34.23829248 0.4581248018 0.5065077736
P_00924 0 120.9292874 43.84639921 -0.0366541112 -0.8487937216
P_00924 0 73.86459926 21.07671725 0.4314873909 0.5912520719
P_00925 1 110.7695167 41.94258678 -0.6370368492 -0.6660371689
P_00925 1 129.7545826 64.58469034 -0.0737829723 -0.9969472475
P_00926 0 151.7378066 35.57068606 -0.8260591364 0.8929425095
P_00926 0 113.3566161 34.48421442 0.4985815788 0.1229534768
P_00930 1 76.75604805 33.48789735 0.751073609 0.1733027435
P_00930 1 130.1953323 40.4106729 -0.1483236849 -0.40334612
P_00933 1 145.1975909 47.54572352 -0.7991627942 -0.2338972701
P_00933 1 149.7110224 37.3109865 -0.4586625937 0.1873042424
P_00937 1 96.44167479 53.19571892 -0.127460307 -0.841723586
P_00937 1 140.6637475 52.70773966 -0.8176883575 -0.3520900734
P_00937 1 168.5872035 36.16642098 -2.287433761 5.56210403
P_00937 0 132.2584298 54.56994349 -0.4153969618 -0.8194293139
P_00937 1 60.15583089 43.19429138 0.3183664769 -0.6934595926
P_00937 0 153.3485254 50.64557224 -1.185111107 0.4820473306
P_00944 0 104.5589424 38.14060888 0.5550104052 -0.0473677368
P_00944 0 137.4271236 42.94455181 -0.3871661232 -0.5645533834
P_00945 1 91.98790804 33.41758601 0.1719929418 -0.4431509296
P_00945 1 125.9705998 34.55911322 -0.4950073043 -0.0543297391
P_00953 0 103.7774289 38.23406953 0.5091320348 -0.2796612909
P_00953 0 143.7390023 35.39681603 -0.6014449574 0.1748137048
P_00954 1 193.8798693 41.07233593 -0.9267154806 1.078548482
P_00954 1 175.0200897 40.84552259 -1.005437051 0.6319060756
P_00955 0 97.20540439 30.93281215 0.3297917612 -0.0298514314
P_00955 0 107.4217331 21.64227093 0.9294222221 3.468198797
P_00956 0 74.51918855 27.34949858 0.7926299214 0.345421777
P_00960 0 95.09284546 42.29465043 0.6613428303 -0.1291247848
P_00960 0 89.69961189 31.00746011 0.6812331393 0.5021245564
P_00965 0 56.73672945 21.50238904 1.871746127 9.199921926
P_00965 0 65.87250894 20.04678217 1.182764437 4.646734114
P_00967 1 95.70197276 36.76676618 0.5532259175 -0.0304791607
P_00967 1 157.2416499 36.36638592 -1.214601776 2.296683039
P_00969 1 89.08838834 29.6947414 0.77725848 2.783633917
P_00969 1 111.3880129 37.93710599 0.1783015588 -0.6391559303
P_00969 1 111.0450896 42.98103848 0.4181992912 -0.2636055057
P_00969 1 131.4632026 32.8255558 0.0691934284 -0.2335811282
P_00971 1 143.6890182 53.17058562 0.0057008636 -0.8689756063
P_00973 0 105.9563788 45.0278184 0.7198936011 -0.0318986113
P_00973 0 176.1893098 34.34504533 -1.738442717 3.544411747
P_00977 0 141.5157908 51.71848252 -0.0707333705 -0.553326342
P_00978 1 168.562997 42.0232998 -1.258715755 1.3185691
P_00978 1 167.3340519 47.29357751 -0.8422094685 0.0996213574
P_00981 1 164.8802234 70.10097157 -1.172597643 0.2152271147
P_00981 1 155.3808643 39.3451542 -1.806891823 3.710108401
P_00983 1 96.00622752 31.00983136 0.1564867944 -0.0054008927
P_00989 1 140.4033412 36.76340434 -0.3003800197 0.0522631084
P_00989 1 129.3606522 32.04396694 0.2833822059 0.182846937
P_00989 1 140.5346357 36.01436551 -0.1885228861 -0.0591061593
P_00991 0 79.76603913 32.75748741 1.905621115 5.128019872
P_00991 0 80.20693983 36.38947387 1.851950891 4.521247114
P_00992 0 128.7043677 55.52020043 -0.6300041805 -0.8194549945
P_00992 0 79.85848322 40.85245009 1.067505478 1.450310621
P_00992 1 119.3198051 48.89430665 -0.623408918 -0.6640903986
P_00992 1 121.3938314 54.5383746 -0.4541623524 -1.025272138
P_00993 1 111.1403369 46.49879663 -0.2438836555 -1.099454405
P_00993 1 122.2065527 40.45237909 0.0617478193 -0.3121614233
P_00998 1 113.5068469 55.21835424 0.153504665 -1.174834688
P_01002 1 116.5019171 64.73129006 -0.5837589472 -0.7935138937
P_01002 1 113.2227312 60.74998358 -0.6830979762 -0.5531074746
P_01003 0 48.39924169 19.90578878 3.903198213 31.37089798
P_01003 0 51.79982627 20.60846383 4.040599685 30.16741694
P_01010 0 115.146351 34.49354059 0.1647923841 0.8532558415
P_01015 1 83.43938347 25.22449962 0.302261309 0.0376165771
P_01015 1 51.53734402 20.79427173 0.3452462344 -0.4959310766
P_01016 0 99.27007173 76.3920176 0.2179703703 -1.226137512
P_01019 0 139.5228414 54.45015194 -0.1409654781 -0.9967596402
P_01019 0 129.3694926 35.6462368 -0.048472472 0.1888122438
P_01029 0 74.18295857 23.57811176 0.9263827757 3.349138386
P_01029 0 60.43227974 24.48773737 0.1870487987 -0.2826805276
P_01029 0 96.87975516 31.13583374 -0.1726003806 -0.0706903056
P_01029 0 95.78051921 46.67771885 0.3559564398 -1.308263032
P_01029 0 74.73916391 23.07335772 0.7782457855 2.992371091
P_01029 0 105.467196 39.73782019 0.3339416914 -0.4776341992
P_01029 0 99.14584522 31.86738509 0.3060467304 -0.0237013719
P_01029 0 116.1390256 33.79191595 -0.112616044 0.1779717048
P_01033 0 132.480735 35.19044829 -0.0936420284 0.143098581
P_01033 0 113.1113516 45.00257291 0.4292009979 -0.6355210853
P_01034 0 65.00550886 23.30649995 1.110742788 3.948460489
P_01034 0 66.96164478 19.45384062 1.006338207 3.28159663
P_01034 0 99.18560287 43.43429326 0.4871300468 -0.5702164391
P_01034 0 84.34521863 31.40372896 0.473449033 0.4783327453
P_01034 0 72.6833703 25.59614329 0.5665209988 1.597124415
P_01037 0 80.20709066 25.12815088 -0.3872637765 0.5582870365
P_01037 0 139.4915099 43.70583092 -0.1085461621 -0.1130270146
P_01040 0 130.126437 44.08285288 -0.1142161962 -0.0767611888
P_01040 0 148.1030662 41.78041525 -0.2056932881 -0.4655877848
P_01041 1 100.4477953 33.00695233 -0.1076827052 2.698571049
P_01041 1 111.2831343 44.31912039 0.1276946799 -1.308219001
P_01043 1 60.94583807 24.75234295 0.6108296682 -0.2135734973
P_01043 1 85.23297882 24.59573966 0.4546553383 0.181462087
P_01045 1 72.81482402 21.05006832 2.585834111 23.38327975
P_01045 1 131.4286803 60.15844574 -0.2217247648 -1.230282435
P_01046 0 131.2569076 38.71874864 -0.0258971362 -0.3290305791
P_01046 0 132.3795061 36.28375734 -0.2189653594 0.0014560068
P_01049 0 81.92966374 42.26870118 1.223923304 1.961237353
P_01049 0 73.05009303 41.05994931 1.955039785 4.668314939
P_01053 0 105.4963685 32.18209987 0.5595137427 0.4139704367
P_01053 0 97.72416956 41.78001033 0.3493972896 -0.8795919597
P_01056 0 167.6787296 38.99782063 -1.015003293 0.8464104951
P_01056 0 145.9195032 48.42180715 -0.1652404706 -0.6944569386
P_01059 1 127.7825988 51.31239562 -1.192723905 0.6511641838
P_01059 1 165.227623 50.50474202 -1.276546622 1.307874827
P_01060 1 108.5075183 45.09037364 0.2517654557 -0.7959340042
P_01060 1 95.8807258 37.88075808 0.1834908747 -0.5421360321
P_01063 0 129.194954 47.83943256 0.2283339366 -0.7948764446
P_01064 1 119.1881471 40.62296667 -0.233919133 -0.4194076419
P_01065 1 145.0861326 72.25023267 -0.8832761234 -0.4685472614
P_01065 1 167.626021 58.71482562 -0.7400189542 -0.7392901981
P_01066 0 101.9155778 38.0322889 0.3768050447 -0.1798836711
P_01066 0 88.16495539 20.76823841 0.3020073092 0.8323873533
P_01069 0 62.40316206 29.70799155 2.213643718 8.371453089
P_01069 0 71.25050332 29.61827993 1.617493347 6.352681055
P_01069 0 114.5647838 53.76117675 0.1233638864 -0.9044865873
P_01069 0 75.64686245 53.2376922 0.5368236456 -0.5610542283
P_01072 1 140.9357753 39.90895259 -0.3778639502 -0.4321516988
P_01072 1 121.3024443 47.72764875 0.1033126119 -0.922165247
P_01073 0 126.4338312 34.35825826 -0.5021453961 0.528753257
P_01073 0 146.063655 28.38588223 -0.7499965729 1.278662293
P_01084 1 149.055224 55.05811005 -0.473345961 -0.8526100591
P_01084 1 138.3398244 46.49433132 -0.2330659328 -0.5718350208
P_01084 1 135.2875609 45.40399881 -0.0470397374 -0.4179234387
P_01087 1 81.61018076 30.53513548 0.7032499438 0.5350567169
P_01091 1 153.4922645 58.36629142 -0.3556919005 -1.249095124
P_01094 0 141.4114803 64.73127796 -0.5418591166 -1.048924624
P_01094 0 165.0225854 51.31784149 -0.7021221042 -0.2890760737
P_01095 0 126.4114635 34.33679473 -0.1361406951 0.3060480821
P_01095 0 144.7804114 55.92983079 -0.5967554318 0.0793345341
P_01099 0 96.43164444 32.07983197 0.6124141705 0.9305802008
P_01099 0 60.7443401 29.37565628 3.452976927 20.30844481
P_01099 0 152.6197546 49.68847837 -1.565720544 2.121678777
P_01099 0 157.4333133 29.68673804 -1.221880514 2.857029111
P_01099 0 69.91738736 26.48510184 1.302499881 8.880387878
P_01099 0 89.4487104 31.00051385 0.272111228 0.1321803703
P_01099 0 115.7419042 47.30976877 -0.7017759285 0.2038017117
P_01099 0 84.6948532 49.01638937 0.8816750587 -0.19953372
P_01099 0 111.5366297 43.43821987 0.0893326066 -0.5767339997
P_01099 0 79.15234885 33.02683656 1.300070008 2.52329157
P_01099 0 110.1854125 29.98262822 -1.260956376 5.16904377
P_01099 0 44.97921944 29.65317034 5.105522066 32.22068274
P_01099 0 119.928128 64.9245561 -0.7206203937 -0.5103087296
P_01099 0 63.08874003 31.09778228 1.824125335 7.345130901
P_01099 0 97.27720519 25.47440065 1.419610687 7.865819296
P_01099 0 64.39322094 43.00353323 -0.3553690772 -1.091206838
P_01100 1 134.3407857 52.33742122 0.1852345099 -1.087108603
P_01100 1 124.4010174 46.48442273 -0.1104047325 -0.5190405658
P_01102 0 120.8449852 28.90668779 1.23562415 3.387455681
P_01102 0 92.10592875 37.96775739 1.387910493 2.452616669
P_01107 0 93.39095566 27.95815971 0.3835903662 1.288361611
P_01108 1 115.4412127 85.34353981 -0.4188122159 -1.594395785
P_01108 1 144.5679751 61.80292449 -1.273896999 0.467323287
P_01111 0 129.2061993 46.2532401 -0.3304548183 -0.5690866668
P_01111 0 140.716555 57.2852275 -0.266104256 -0.7043006313
P_01116 1 90.04808727 21.14832715 0.2237936601 0.7747987757
P_01116 1 97.03882236 31.70837282 0.432735059 0.1173584919
P_01121 0 75.07600476 27.58639272 0.4263155806 1.491093655
P_01122 1 129.4444699 46.22242777 -0.0933923994 -1.028294486
P_01126 1 78.9441736 33.87378355 0.357991333 -0.509072871
P_01126 1 83.58269231 45.65199036 0.7883624258 0.0399640688
P_01127 1 147.9630281 39.54329304 -0.7265748763 -0.2896066919
P_01127 1 83.98260393 25.57732478 -0.3578242836 -0.3534825757
P_01128 1 97.75835675 32.0567438 -0.1067320806 -0.204929443
P_01128 1 95.61946112 32.93654383 0.22860817 -0.2078806889
P_01129 1 107.2286956 35.75315385 0.2050817151 -0.1639660184
P_01129 1 90.41391329 36.10747463 0.6101746174 0.1100417557
P_01135 1 100.7375948 31.48776155 0.0172113811 -0.0387738947
P_01135 1 161.9800556 26.29388763 -0.5651196666 0.4142217836
P_01136 1 123.476566 52.61968341 0.0835844858 -1.324385749
P_01136 1 202.8018176 35.02504768 -0.5808822544 -1.0276918
P_01137 0 122.5462185 36.98722142 -0.8143508915 0.3731117682
P_01137 0 91.028872 30.26571437 0.6171772934 1.384318789
P_01139 0 98.2862514 27.86479223 -0.0577413943 -0.1056700267
P_01139 0 132.5423175 32.98045615 -0.8220408196 0.623311104
P_01143 1 160.1914589 39.73728055 -0.8099174445 0.4142275432
P_01156 1 140.0082286 44.75710013 -1.120656088 1.050064651
P_01156 1 136.4763575 58.77356011 -0.7580678505 -0.1865804444
P_01156 0 104.3032587 36.96289188 0.3697240844 -0.304837474
P_01156 0 89.6994621 42.19217585 1.025320411 0.7518970179
P_01159 0 179.7870982 40.15952113 -1.485860146 2.540502035
P_01159 0 164.6116736 62.89031367 -1.237608781 0.5812437774
P_01160 0 128.9094075 50.62089345 -0.1864242246 -1.095249848
P_01160 0 164.9293649 63.98974537 -0.6162861612 -0.9928735637
P_01160 0 136.9409409 45.32838133 -0.3603414312 -0.728439197
P_01160 0 157.3733464 64.19058718 -0.4571327643 -0.8134061393
P_01160 0 134.7150088 52.22972045 -0.2455847815 -1.028840438
P_01161 1 124.6259701 39.2305029 -0.2315220255 -0.4537983403
P_01161 1 149.3492032 41.10359284 -0.203461713 -0.5127543588
P_01166 1 74.1596961 32.1594814 0.5715668288 1.072793969
P_01166 1 79.32547109 27.5937586 0.7978964883 3.403286182
P_01169 0 51.51335811 18.85620383 3.303643267 27.23566499
P_01169 0 53.50885814 22.84801733 3.582178747 22.33974999
P_01169 0 77.50929563 41.53302607 1.709952963 4.117728572
P_01169 0 74.13439274 25.04149099 1.772721499 8.694535553
P_01169 0 89.54061732 36.31473938 1.496929359 3.821000043
P_01169 0 57.53847304 23.19303709 3.136095849 19.64737009
P_01170 0 149.2739557 57.54728674 -0.5365149071 -0.8754962024
P_01170 0 147.5431909 56.90775702 -0.4909306627 -0.7150456464
P_01172 0 186.7783308 42.79284428 -0.9397829893 0.3149186875
P_01172 0 119.7048792 37.71410411 -0.0928617954 -0.2513856596
P_01180 1 171.1016983 42.48226462 -1.72126198 4.13509723
P_01180 1 144.6202973 43.8294517 -0.8989758679 0.7964253996
P_01184 0 159.3308113 36.10390818 -0.4725268497 0.3178677198
P_01184 0 133.6385244 39.96872603 0.4087628837 -0.6612258036
P_01186 0 89.77326567 28.6218545 0.1649953824 0.2864945774
P_01186 0 118.6320893 46.15112736 -0.3522545576 -0.7960410047
P_01188 1 132.5962922 77.11093127 -0.5306965533 -1.066650607
P_01188 1 152.1302301 74.20211816 -0.9449893561 -0.4674936352
P_01193 1 79.14456797 36.23800289 0.5563801633 -0.3235554686
P_01196 1 164.9101474 46.41241115 -0.4169876362 -0.6641119657
P_01197 1 120.4363651 78.69578561 -0.244062567 -1.345724809
P_01197 1 167.662953 65.03469244 -0.8740482557 -0.507461878
P_01198 1 89.25859047 40.16042749 1.073946948 2.0196904
P_01198 1 95.15159093 33.59911699 0.3632231864 -0.2676624881
P_01200 0 88.52278157 28.0240427 1.36420251 6.588221688
P_01200 0 79.61237237 36.21960861 0.6984819113 1.671069983
P_01200 0 125.0200724 39.21991325 -0.5010984026 -0.5055236517
P_01205 0 158.5093252 50.30652201 -0.4188962274 -0.6223869128
P_01205 0 159.8779714 46.14016946 -1.379314099 1.294038014
P_01219 0 87.10878687 32.79654517 0.593901443 -0.0988813878
P_01219 0 62.1062167 24.63277038 0.2987272092 -0.3522896591
P_01220 1 136.0519712 54.21599054 -0.0387485919 -1.031371684
P_01220 1 112.130033 43.09135226 0.5629545774 0.2247548512
P_01227 0 124.7032604 40.6192034 -0.0024262783 -0.3370616079
P_01227 0 98.06200466 36.71098366 0.3350469141 -0.069243649
P_01229 1 154.8093802 36.97217719 -0.8414807196 0.8190303369
P_01229 1 138.085705 41.08013556 -0.6340627348 0.0372048649
P_01234 1 108.7101819 41.2056083 -0.2916189513 -0.465682938
P_01234 1 85.14312639 23.38919159 0.3554163137 2.057720005
P_01240 0 87.92150771 55.09941411 0.5949267409 -0.5665868605
P_01246 0 182.8691301 44.01343407 -1.623307238 2.205238505
P_01249 0 93.6269336 58.75346966 0.195492159 -0.5595168995
P_01249 0 168.4842088 47.52445552 -1.492308204 2.451589973
P_01250 1 115.0077663 50.65640378 -0.420630579 0.5241680618
P_01250 1 168.1176602 49.07340947 -1.50790245 2.600642448
P_01252 1 140.3617829 79.29064814 -0.839601129 -0.8850539683
P_01252 1 146.8896316 47.3959412 -1.619144557 2.384196349
P_01255 0 157.4171443 39.603919 -0.6905344517 0.2649270467
P_01255 0 133.911048 50.18099338 -0.6694620791 -0.9405441715
P_01256 0 156.4261859 32.34145576 -1.102355351 1.423083162
P_01256 0 136.3353383 49.07792773 -0.0617043528 -0.7215407983
P_01259 1 62.60008776 24.12594802 2.525883932 15.31908309
P_01259 1 123.081433 32.44969314 -0.328655421 -0.2095119241
P_01262 1 98.48770895 66.47135631 1.096980928 -0.2140675452
P_01262 1 128.1920419 59.95857854 0.3776970402 -0.644937998
P_01262 1 142.1654762 38.74182413 -0.3425473318 -0.2948788122
P_01262 1 132.1887625 42.2208433 0.0601064168 -0.6589432799
P_01262 1 129.5877214 44.19141521 -0.0877415898 -0.5415187086
P_01264 1 75.73333787 39.6572443 0.5013396313 -0.6045605192
P_01274 0 99.24526697 37.28746255 0.2092170334 0.0935658732
P_01274 0 115.7012867 43.80199434 0.1693799961 -0.7290175278
P_01274 0 116.1697175 48.34662603 -0.0189959886 -1.070852899
P_01274 0 87.88568363 31.61668804 0.5574925259 2.982589075
P_01274 0 117.3406652 35.40883688 -0.2872926251 -0.2022095372
P_01274 0 90.34959872 42.65798956 0.5750923522 -0.4220568206
P_01275 0 95.33759222 29.84169421 0.2405303429 -0.1279400812
P_01275 0 130.1249144 30.44262803 0.0030626151 0.968631085
P_01276 0 116.0685634 40.31386149 -0.2945842729 -0.5509457709
P_01276 0 85.8835308 30.14821251 0.5727527467 1.808903033
P_01276 0 47.59798556 18.70761419 0.358796858 -0.3434772476
P_01276 0 90.36773093 31.05922809 -0.0091272963 -0.7534611211
P_01276 0 119.1098356 50.45572338 0.1170148589 -0.823652129
P_01276 0 87.98178994 33.48057833 -0.0489613713 -1.018696808
P_01284 1 117.5166667 49.22515931 0.19265825 -0.3051537336
P_01284 0 129.4996739 48.19586733 0.154058948 -0.5805283754
P_01286 1 166.636687 48.8849791 -1.320791245 1.799794121
P_01286 1 107.3309242 42.38194843 0.5259548516 -0.2185317046
P_01288 0 124.2244701 61.16256425 0.7884242101 -0.5089366812
P_01291 1 147.2892845 60.96049773 -0.4453563025 -0.9813419023
P_01291 1 156.8443735 56.35766705 -0.8482179129 0.2083491929
P_01292 0 94.14051985 38.97823764 0.2855760002 -0.3636331874
P_01292 0 66.4123481 31.08249529 1.801417365 5.912209058
P_01292 0 88.32879399 32.36348384 0.0382161182 1.489245019
P_01292 0 69.03111111 24.0927527 1.671440263 8.704566195
P_01292 0 75.30878429 37.5475185 0.9436108364 1.673768994
P_01292 0 75.73721915 30.72304265 1.231287829 4.503649551
P_01293 0 71.13957858 20.61448065 0.8802206656 3.366711824
P_01293 0 66.79089955 29.40320832 1.580621304 4.336702349
P_01296 1 120.7576126 56.33715816 0.1033587396 -1.164339787
P_01296 1 152.1903625 54.27114217 -0.2974658403 -0.8459003066
P_01297 1 174.0850089 49.55325037 -1.061779614 0.1842134156
P_01297 1 146.5288251 38.72899031 -1.039827255 0.7193843918
P_01300 1 148.2638581 41.4657169 -0.3005786283 -0.4006144234
P_01300 1 175.8025263 34.43524216 -1.261594413 2.1982521
P_01300 1 77.07412953 27.41188435 0.9006273825 1.545099907
P_01300 1 118.8271866 40.52423182 -0.1904903727 -0.6638525051
P_01300 1 112.1187558 60.48397561 0.1285072445 -1.581757469
P_01306 0 79.2619991 22.41166835 2.913500172 21.34486816
P_01306 0 57.92432323 28.07301569 1.940140247 7.397035282
P_01306 0 119.5918011 48.87925754 0.1221099876 -0.6725085413
P_01306 0 152.6244654 42.68089711 -1.611290223 2.558959385
P_01306 0 77.22121011 27.515582 0.338642606 0.2719939804
P_01306 0 111.2321499 61.027915 -0.4712142066 -0.9710441347
P_01307 1 97.47594864 37.2493566 0.5283474399 -0.1023495211
P_01307 1 127.6585848 47.85117703 0.2766954871 -0.9189126982
P_01309 1 95.29517543 32.75087706 0.0546085538 -0.2137539588
P_01309 1 111.0265085 38.51986608 -0.4010723393 0.0954211532
P_01313 1 133.0692843 41.53726868 -0.6755427843 0.5661663502
P_01313 1 128.9907012 61.30362441 -0.5045331214 -1.010776723
P_01314 0 115.3629967 34.04982703 -0.1882228613 -0.2807527708
P_01314 0 110.9781545 36.25872951 0.2776006717 -0.3419268078
P_01315 1 166.9437755 61.05510295 -0.7016102476 -0.7140151213
P_01315 1 107.6603725 33.17183516 -0.1389543742 0.1116229097
P_01319 0 114.7181952 36.95791566 0.456626853 0.0005894999
P_01319 0 161.3990617 44.66942345 -1.016464983 0.1142330229
P_01321 1 113.6204439 34.27398764 0.1515690069 -0.1319907107
P_01321 1 140.7243144 35.30630952 0.1844292938 0.3700868143
P_01321 1 130.3484271 46.93998215 0.1000027356 -0.5161219765
P_01321 1 102.6202283 38.65791712 0.2053726256 -0.4185115005
P_01321 1 98.30076878 33.94361286 0.7367849907 0.8995422263
P_01334 0 146.9694876 45.50374532 -0.6614268558 -0.1208644313
P_01334 0 139.2392544 47.27632684 -0.4465069871 -0.570733235
P_01334 0 135.409558 35.89207628 -0.1639657343 -0.1815962713
P_01334 0 157.9871063 22.29882148 -0.5287437049 -0.1210954814
P_01336 0 78.31413023 39.17156416 2.247346311 6.048518081
P_01336 0 72.03978052 46.62578813 2.204281104 4.89614896
P_01336 0 71.10166133 44.11109035 2.354527936 5.694283997
P_01336 0 57.53946456 37.83465001 1.780630016 3.827611919
P_01336 0 67.9490913 44.59201464 2.539612122 5.950776969
P_01336 0 88.08630034 46.13251643 1.491420872 1.694673371
P_01336 0 56.95572175 44.62237306 2.545026075 6.383039567
P_01336 0 46.78517428 44.18253304 2.867967367 7.963180386
P_01336 0 71.55542378 38.18113831 2.418150692 7.378085979
P_01336 0 70.97017003 51.02979796 1.463417824 1.625896196
P_01337 0 116.7067139 30.61451886 0.3852959802 0.0063676743
P_01337 0 94.59193488 40.25509029 0.0522978565 -0.6706137026
P_01338 0 132.8361275 50.60772734 -0.3904128223 -0.7460414912
P_01338 0 94.67433628 30.73185428 0.6237203268 1.262326367
P_01339 1 164.9166699 39.31427347 -1.083130846 1.356349685
P_01339 1 115.7152221 42.23859789 0.7458510032 0.4306497384
P_01342 1 166.9008638 32.80260217 -0.9297204544 1.416137355
P_01342 1 130.0901086 41.59576367 -0.3219871862 -0.0106834113
P_01345 1 103.3546436 29.91783469 -0.4471602586 -0.2302870976
P_01346 1 105.7971694 43.42536071 0.268454444 -0.3871031868
P_01346 1 116.5702371 71.25464527 -0.3631488665 -1.13276071
P_01358 1 125.5415424 47.85650044 -1.033943785 1.000320923
P_01358 1 122.1666097 28.16024922 0.1365569051 -0.3888593259
P_01359 1 95.76032126 54.86714963 -0.3288535224 -0.7505339467
P_01359 1 103.1690056 59.79752939 -0.4855523646 -0.7700027518
P_01361 1 178.2824459 65.25974334 -1.340436305 1.241208342
P_01361 1 146.9005706 80.08992399 -0.7021778507 -0.7659914088
P_01362 0 57.40643774 33.48709183 1.895603496 6.516110467
P_01362 0 127.0157752 46.01367479 -0.1970621075 -0.3306441361
P_01365 1 138.4420409 52.30341109 -0.2970501977 -0.7325813183
P_01365 1 115.5532854 47.79095704 -0.2330699099 -0.8436758682
P_01366 0 116.5396187 60.14394253 0.4140097352 -0.969880687
P_01369 0 91.4292661 32.60963425 0.4918041238 1.867838883
P_01370 1 80.37435642 39.08774303 -0.7122440823 0.7729843733
P_01370 1 132.9972657 45.12288042 -1.631099491 2.083467309
P_01375 0 80.70016278 38.00119363 0.7748980079 0.353328738
P_01375 0 102.9188735 38.64193681 0.6965690083 0.3809335382
P_01384 1 187.7783617 44.25176051 -1.564101259 2.332423928
P_01385 0 129.340015 45.25015241 -0.5398190479 -0.2294001716
P_01385 0 111.6318716 34.05059838 0.3497199373 -0.0059170587
P_01387 0 93.54310127 29.46357422 0.2347212142 2.019004083
P_01387 0 173.9575179 38.7454433 -1.674646559 3.108391708
P_01392 0 81.33625751 23.00084332 1.019472032 2.822467302
P_01392 0 68.26273783 20.74487685 1.828420434 10.71556198
P_01397 1 148.8893236 64.27834147 -0.2849253673 -1.203153432
P_01397 1 176.4087265 42.77943684 -0.7704929106 0.1479686611
P_01400 1 118.0646552 28.54875472 -0.3444119493 0.0772534136
P_01400 1 93.82527776 27.97970479 0.3034233185 0.3657198019
P_01401 0 122.2691493 40.47938687 0.0381069797 -0.6447525656
P_01401 0 118.9196396 40.74567476 0.2011436219 -0.3184656241
P_01406 0 115.3005837 35.60219539 -0.0405548602 -0.318644793
P_01406 0 166.5680775 37.15093587 -0.9132284429 0.6189994957
P_01408 0 110.5614242 31.34320208 -0.1309149117 0.0503687907
P_01408 0 132.3714885 30.32920516 0.2442270019 -0.2521137888
P_01408 0 105.4437461 36.70336905 0.3257358416 0.2524866531
P_01408 0 160.7206627 24.88225307 -0.2340350037 1.101607287
P_01408 0 127.9007785 36.38734132 0.0353068451 2.052840118
P_01408 0 71.76004294 32.26636899 1.563305715 4.340575792
P_01408 0 102.5625408 31.22036279 0.7397768702 1.883711839
P_01408 0 120.5508035 37.25657909 -0.01583598 0.5341757593
P_01408 0 127.9175275 40.4509904 -0.1002372941 -0.2013190719
P_01408 0 108.0037904 35.69972173 0.5405657687 0.4119934417
P_01408 0 111.2032646 39.22128603 1.310627644 2.916742172
P_01409 0 108.956854 34.64671381 -0.0364663079 -0.3674666298
P_01409 0 92.74594045 31.89173661 0.1940108944 -0.1531037409
P_01409 0 95.74296909 53.92685744 0.8697561208 -0.1795455506
P_01409 0 142.1369263 50.99968793 -0.23705259 -0.9237459976
P_01409 0 101.5182737 38.48492683 -0.8531099353 0.9940981956
P_01409 0 147.5821384 44.09713303 -0.9734952132 1.753123387
P_01410 0 164.1164417 77.15610634 -0.8110983562 -0.7088748339
P_01410 0 112.4614209 32.90807943 -0.2488766467 -0.626517969
P_01420 1 98.56792087 36.06650098 -0.0825932045 -0.6102134727
P_01420 1 92.36439945 31.23244859 0.6901049217 0.8037871622
P_01422 0 48.50511429 14.94894999 1.021689103 6.329970379
P_01422 0 117.7978384 44.71168335 0.5133766424 -0.195142031
P_01424 1 144.5151742 41.98351806 -0.1471832656 -0.2035386995
P_01424 1 179.9621127 38.72115192 -1.670826591 3.54499714
P_01435 0 102.1597598 48.04753069 0.4581954139 -0.6064196119
P_01435 0 94.47269199 26.71956885 0.1553678432 0.3355949419
P_01435 0 111.540586 42.31667827 0.5879097065 0.1049074618
P_01435 0 148.3730805 45.74873122 -0.8745783623 0.1185141052
P_01435 0 154.5175756 37.10398478 -0.721475604 0.5435922457
P_01436 0 95.43402749 52.47740514 0.858026561 -0.1528020618
P_01436 0 93.71805391 50.22264239 0.6966708952 -0.3413149683
P_01437 0 75.48528812 35.07926764 2.27389833 8.849248018
P_01437 0 63.37965331 32.64451934 2.194484689 9.357891466
P_01437 0 75.43439709 42.55561403 1.680671497 3.715424163
P_01437 0 66.33297867 31.22187235 1.720765716 7.765729506
P_01437 0 72.01587724 30.85630979 2.051164937 8.050408294
P_01437 0 91.47068958 38.30782491 2.48577747 7.811566114
P_01437 0 46.868365 37.87320272 3.353139704 12.2632378
P_01437 0 60.24991425 30.30227401 3.259472677 15.84091469
P_01437 0 73.30129469 38.15571166 2.132823514 6.943161908
P_01437 0 94.60247052 34.10023181 0.3992939174 1.367708907
P_01437 0 58.41664778 42.01232019 3.314318003 11.24346753
P_01437 0 87.72868217 43.21446844 1.518852184 3.539405687
P_01437 0 64.12456653 24.47924967 2.742255941 14.96025126
P_01437 0 72.53730361 25.18306531 1.033124994 4.970672687
P_01437 0 108.3830876 23.58234295 1.640348437 10.71973717
P_01437 0 65.86231297 29.3453033 2.609044838 11.53197261
P_01437 0 98.25275726 44.49071298 0.8193323276 1.434079392
P_01437 0 63.00628262 29.22887579 2.75524697 13.51214949
P_01437 0 89.08293888 33.984034 0.976921967 2.9922606
P_01437 0 63.51672849 23.94878085 2.51701263 13.83696153
P_01437 0 81.43142322 27.2805626 1.697627836 7.542370358
P_01437 0 81.73784942 46.46213777 1.798416534 2.813833371
P_01437 0 59.41100698 25.07537918 1.066160627 5.668748361
P_01437 0 98.67429914 34.34632543 0.9062430879 1.521298989
P_01440 0 101.7340576 72.87616626 0.2678933117 -1.260665383
P_01440 0 113.734572 59.63624255 -0.145700949 -0.9046705973
P_01440 0 7.810588306 33.85633087 4.98598863 24.94112436
P_01440 0 93.0666156 59.6226606 0.0937416293 -1.016512008
P_01440 0 8.835187516 30.17430602 4.914278956 26.60516846
P_01440 0 63.28000181 53.77643874 0.9611060769 0.7366746409
P_01443 1 171.7604036 58.59123084 -0.8860979883 -0.4547745935
P_01443 1 126.2928514 30.53372514 -0.40513504 0.4846415185
P_01446 0 52.39028724 36.51180547 3.736946153 17.50714304
P_01451 0 147.5751881 45.18494206 -1.026609932 0.2753147431
P_01451 0 118.5912029 36.42099738 0.2753737107 -0.5734500334
P_01454 1 111.3944729 37.82978547 -0.3299119265 -0.237646048
P_01455 1 70.69936655 26.16171081 1.497071696 5.193660795
P_01455 1 52.71928085 20.99822982 2.544603727 16.83214134
P_01456 1 118.1719944 38.01599473 0.1480828347 0.6111840078
P_01456 1 133.7678479 37.835395 -0.7680718071 0.1250026385
P_01456 1 196.7830995 39.11152855 -0.7472006351 -0.3451923804
P_01456 1 101.9577008 36.71210247 0.2946373766 -0.0201851521
P_01457 0 95.02979051 41.67862415 0.0618907824 -0.652581326
P_01457 0 61.89837997 25.5810286 2.512158078 13.34679092
P_01457 0 93.02622772 36.92501626 0.1434592218 0.0855376076
P_01457 0 82.66192383 42.614624 0.2554555441 -0.5701590364
P_01457 0 63.16794569 27.14235405 1.608572637 6.42233759
P_01457 0 62.46463554 26.41102561 1.590896827 6.530080896
P_01458 0 172.2823558 26.22644271 -1.479960439 3.665619499
P_01458 0 134.6543467 41.05316131 -0.7998341789 0.0042130029
P_01459 1 131.4027362 73.5185248 -0.6193517391 -1.060082757
P_01459 1 155.7166692 52.46499577 -0.3430344047 -0.6041562775
P_01462 0 37.31856631 26.10934615 5.448751962 34.995307
P_01462 0 52.0949882 29.14496934 4.081935544 21.54284961
P_01467 1 113.9311393 53.66979381 -0.3408755885 -0.295919173
P_01467 1 131.6330877 60.01725878 -0.6177653759 -0.525904013
P_01472 1 140.2988097 58.2673512 -0.5277737302 -1.018658437
P_01478 0 86.29939512 28.24871483 -0.3143935816 0.4035913927
P_01478 0 81.2028634 26.98130647 0.4064348955 0.456103602
P_01487 0 110.5758417 37.52806725 -0.2631557542 -0.268923676
P_01488 0 92.14595137 34.187185 0.8555012469 0.6436764564
P_01488 0 146.6711964 43.17212018 -0.8304883142 -0.0996674155
P_01497 0 159.8001286 48.6031079 -0.813166112 -0.2623927463
P_01497 0 177.5343842 51.45455178 -1.438117718 1.296304851
P_01497 0 152.8634196 64.7299164 -0.9194313839 -0.416644515
P_01505 1 177.5195259 87.38291133 -1.251923937 -0.0287765584
P_01505 1 189.1465887 68.15133198 -1.818551988 2.416847649
P_01513 0 126.2707798 42.72254382 -0.3703142414 -0.4631928498
P_01513 0 92.30343827 42.28877735 0.2427981025 -0.5194999098
P_01517 1 170.9435494 40.94039548 -0.2739932354 0.5805266996
P_01522 0 89.25386855 30.85640581 0.680930247 0.7106546758
P_01522 0 103.7522108 35.90786473 0.0285247429 -0.5654724387
P_01524 1 89.96363158 31.17127767 0.4305049837 0.5432065819
P_01524 1 83.61451891 30.92002122 0.7156223493 1.79280268
P_01526 1 106.1039656 53.90695644 -0.5789300662 -0.4234455352
P_01526 1 113.9479458 64.49941781 -0.339185931 -0.7562803371
P_01537 1 138.3495505 55.43624021 -0.3363941962 -0.766724336
P_01545 1 142.0363397 49.61815309 -0.5594496863 -0.3282338276
P_01545 1 143.5254549 40.35589225 -0.6623636473 -0.0895581093
P_01548 1 147.4580113 51.41363229 -0.708837899 -0.4281355214
P_01548 1 147.1655173 47.98394781 -0.3576166266 -0.7491724445
P_01549 1 101.0640915 38.13388318 0.2580556276 -0.1222735327
P_01549 1 101.1234589 41.87560324 0.2023977288 -0.4785145552
P_01561 1 80.25850914 23.12227852 0.2092056582 -0.2439016141
P_01561 1 100.8766293 31.15493143 0.3841801834 0.1680623818
P_01563 0 107.9768156 31.61138051 1.167176487 2.759473077
P_01563 0 122.392224 37.60875812 -0.1211870506 -0.7793360164
P_01563 0 92.02923298 33.06572926 1.1050166 2.570332787
P_01563 0 156.5074432 32.12324203 -1.303177763 2.924193908
P_01563 0 155.6786624 47.19008169 -0.3720079461 -0.5663207612
P_01563 0 116.4748616 56.91669367 -0.5178186954 -0.6598688952
P_01563 0 134.5109799 31.98871308 -0.3096712423 -0.2335840511
P_01563 0 112.3020782 27.77855288 0.1377830218 1.757394243
P_01563 0 106.7581121 32.7136282 0.3623042678 0.5190024524
P_01563 0 153.6063662 42.95814863 -0.6059120253 0.1421753099
P_01563 0 133.5769899 52.98263049 -0.2115725334 -1.09201095
P_01566 0 156.2213366 42.77225992 -0.6103366494 0.0781154215
P_01566 0 156.099703 53.62296702 -0.8464992729 -0.1363667496
P_01567 0 133.3719404 48.98883653 -0.1833354316 -0.5738329218
P_01567 0 92.83797072 30.72519947 0.0123995838 0.180342014
P_01569 0 60.61580716 23.8616482 3.893405342 28.09934466
P_01569 0 136.3360612 43.92873302 -0.2167964749 -0.7524092364
P_01569 0 132.2834481 20.75347132 -1.894798008 11.81105844
P_01570 0 119.2638125 44.0473795 0.3094166202 -0.7820473065
P_01570 0 134.1295851 50.94188927 -0.0335066691 -0.7643079834
P_01571 0 141.9772722 62.69948145 -0.0563748178 -1.157238472
P_01571 0 176.0124564 60.2121336 -0.847462685 -0.2271803713
P_01573 1 114.9084938 48.62791396 -0.0449831496 -0.8697895706
P_01573 1 98.42351558 32.33763352 0.2699412034 2.025258407
P_01573 1 115.4430444 41.12983448 0.2502684915 0.4021296244
P_01573 1 102.7835391 31.82465057 0.4725609055 1.319413998
P_01574 0 128.4074302 45.20589933 -0.2531927996 -0.4478432985
P_01574 0 146.4983082 50.53144631 -0.4223737586 -0.797133908
P_01575 1 154.1002926 57.43791678 -0.3541601718 -1.272905892
P_01576 1 104.2117815 42.01895011 0.5270966319 -0.2986525764
P_01576 1 96.31163093 36.87682395 0.3385977514 -0.2243989421
P_01577 0 125.2577709 42.63790428 0.0888739513 -0.5551113126
P_01577 0 48.38466077 17.68325305 2.120445632 16.95633444
P_01579 0 91.51550594 30.30302404 1.072490745 1.813355214
P_01579 0 111.266168 36.23551567 0.2532595867 -0.072073723
P_01582 1 176.5823813 36.56778239 -2.037146116 4.996023325
P_01582 1 133.5681049 35.58415511 -0.5430266236 0.7308393641
P_01582 0 162.238924 39.66888564 -1.022400404 1.027075122
P_01582 0 125.8310819 33.71909784 -0.6798258212 0.4320090814
P_01585 1 67.11742294 22.02760396 0.8816366406 2.972870069
P_01585 1 75.75893045 22.14289755 0.5809324952 1.480084969
P_01596 1 193.9043055 36.14218305 -2.372116323 5.91631467
P_01596 1 158.3153754 11.16750699 0.6493864848 4.493194422
P_01605 1 160.426736 42.60323601 -0.4089552607 -0.0156706667
P_01605 1 157.1192528 41.44232511 -0.8864607163 0.4222169929
P_01609 0 170.7366109 46.85959376 -1.250707429 0.9785936278
P_01609 0 153.4457381 54.72286236 -0.4791671619 -0.8691485318
P_01610 1 89.86446403 29.00691382 0.8297152649 1.130852629
P_01616 0 155.6823019 68.44512011 -0.9641436352 -0.10932661
P_01616 0 161.2676191 60.7988214 -1.384348332 1.036986718
P_01625 1 149.501279 24.79840399 -0.2568065551 2.695707001
P_01625 1 106.1143679 34.35999555 0.557054652 0.0270931388
P_01626 1 148.134766 46.34122745 -0.1717655709 -0.6616597189
P_01626 1 168.1750453 41.82246199 -0.8054487334 -0.0779423083
P_01628 0 85.37766935 32.8965041 0.4525063971 0.4024843659
P_01628 0 89.69512239 33.31544338 0.7651402803 1.680327352
P_01628 0 58.90532049 22.58076069 3.024096879 16.59906027
P_01628 0 100.5439641 31.64542227 0.0133900637 0.3402734603
P_01628 0 50.43772987 22.74358519 2.834309782 14.83753469
P_01628 0 93.40839578 35.10526758 0.6730012468 0.6380842143
P_01628 0 76.98269993 28.56035361 0.7582136116 3.056603424
P_01628 0 114.7700882 34.19664587 -0.1369244823 0.6137542522
P_01628 0 100.0208493 58.37428166 0.1367981471 -1.062961135
P_01628 0 115.4042754 44.24485642 -0.244181496 -0.9795276243
P_01629 0 122.6775149 44.73738574 -0.4677318866 -0.8828550762
P_01629 0 74.28301423 25.40985842 0.0913283955 -0.5068028873
P_01639 0 68.5665816 21.34685044 0.462290851 0.2462758192
P_01639 0 119.9493557 34.91547281 -0.1608943742 -0.5655499763
P_01647 0 118.385595 28.4840674 -0.2356009661 -0.2532587349
P_01647 0 121.5271115 36.0246084 -0.4029410042 -0.8161042777
P_01655 1 113.7619747 57.40582988 0.4047026198 -0.8351137436
P_01655 1 140.4098265 42.85983614 -0.2048609236 -0.5609650481
P_01659 1 178.1409558 38.37684705 -0.7813640435 0.4976268891
P_01659 1 179.9273343 37.66227109 -0.6024938909 -0.4342863767
P_01660 0 143.7710498 57.09560107 -1.092592281 0.0306366458
P_01660 0 141.5417576 51.06092579 -0.4756928527 -0.0560250861
P_01664 0 133.3122016 53.40185827 -0.5487405651 -0.7856113542
P_01664 0 113.3620321 40.94164256 0.0380825158 -0.6147391292
P_01664 0 127.9900925 41.49184686 0.5914704057 -0.2224685424
P_01664 0 134.2736651 52.90773398 0.0318215072 -1.073296584
P_01664 0 161.3483119 41.7877847 -0.9475067957 0.5502526409
P_01664 0 116.7041936 32.75222803 -0.4400877655 -0.1478624059
P_01676 0 137.6188775 37.26472772 -0.2353575446 -0.3296746651
P_01678 0 101.4116367 30.59727474 0.2839370034 -0.4836586598
P_01678 0 134.7950857 38.47869936 -0.645687274 0.0434980483
P_01679 1 124.0181178 49.73510994 -0.1134842461 -0.8628327817
P_01679 1 126.8478263 51.88416508 -0.058128142 -0.8257100106
P_01683 1 115.7882894 53.74855045 -0.5368148122 0.2035885812
P_01688 0 81.16802096 41.368941 1.120709521 1.55234864
P_01691 0 90.54462169 36.93000358 0.3538905837 -0.1374079807
P_01691 0 65.49011478 24.57824122 2.147646183 10.91925094
P_01691 0 124.4060506 23.15390151 0.2072281258 0.7001351224
P_01691 0 69.34632322 30.15854258 1.62969762 5.621308796
P_01691 0 102.9812895 34.7655885 0.6205546923 2.257670028
P_01691 0 75.59330296 23.13309601 1.697536572 8.840880493
P_01700 0 68.93557088 48.53666415 2.257901742 4.802921864
P_01700 0 64.9131701 51.07729419 1.971810567 3.498825255
P_01700 0 55.56037403 50.1258863 2.918265184 7.43820326
P_01700 0 79.91821621 46.7554239 2.650269229 5.926897441
P_01703 0 116.4854854 42.0502457 0.1755448447 -0.3915365338
P_01705 0 144.3260477 48.86904619 -0.62102042 -0.2783556557
P_01705 0 101.5332124 38.78293101 0.4805130046 -0.2583904215
P_01709 1 85.03666164 30.59235777 0.8619648653 0.8340087331
P_01709 1 78.27749018 32.2088823 0.9516358347 1.03879854
P_01718 1 179.9914951 40.59397944 -0.9614578904 0.8636596848
P_01721 0 85.22893482 33.75422555 0.497572693 0.9309708451
P_01723 1 145.5423069 62.5280161 -0.7722426896 -0.6934619738
P_01723 1 141.9880538 53.42985046 -0.5186653403 -0.8772516919
P_01724 0 72.80302376 45.63814604 0.9421398692 0.6507717804
P_01724 0 91.67767861 68.50772339 0.2417985596 -1.292298603
P_01725 0 150.6619384 48.45686452 -0.6438618785 -0.1401084172
P_01725 0 127.8552429 33.51794979 -0.6133963391 0.024225187
P_01729 1 135.7249851 52.22618533 -0.1316345115 -0.914681578
P_01729 1 128.6106781 41.62656043 -0.4918780444 0.0017864162
P_01730 1 99.04162969 36.987789 0.2466893492 -0.1636013767
P_01730 1 68.00292535 23.88639028 0.793069988 2.276946062
P_01732 0 186.7718126 35.80164736 -1.228052568 1.0200128
P_01732 0 155.7054214 40.76457773 -0.9346637674 0.904119717
P_01736 0 135.1824683 49.6608496 -0.7916851926 -0.4975401858
P_01736 0 122.7981631 41.20463203 -0.0915471122 -0.6292884755
P_01736 0 134.5531447 82.23348618 -0.3407644758 -1.38607399
P_01736 0 160.5554273 59.32508689 -0.5898948608 -0.8783772056
P_01740 0 64.20139112 35.85969762 1.627747476 4.120465283
P_01740 0 69.88723563 28.74227447 2.429224167 9.524631354
P_01740 0 87.80759875 40.45798605 1.78554497 4.166439566
P_01740 0 115.0915998 31.8036732 2.777679738 8.770775157
P_01740 0 103.6132784 41.25117773 0.9734709933 1.723681928
P_01740 0 55.26774669 37.62085116 2.744182442 8.740934821
P_01741 0 90.53102653 23.75970185 1.079916219 3.852302622
P_01741 0 70.16901561 23.53521082 1.1931741 5.627991223
P_01748 0 173.4620198 35.88801702 -0.7010453288 2.012384085
P_01748 0 175.3934823 36.67316446 -2.117846069 5.586384718
P_01750 1 87.53969677 44.96935004 0.7764839672 -0.0756669861
P_01750 1 130.5296072 39.62814809 0.1155336878 -0.8254742852
P_01756 1 141.4259903 54.79052454 -0.4709620635 -0.7751361597
P_01756 1 154.906766 53.49414278 -0.8685519063 -0.3541578058
P_01759 0 138.0558452 42.27517325 0.0347340029 -0.4555742386
P_01759 0 146.0704381 37.59921704 -1.108673877 1.12044659
P_01760 0 112.7258626 34.14442278 0.1063150965 -0.3337318599
P_01760 0 137.0626783 38.67528782 -0.5220364936 -0.0072433257
P_01766 0 141.0799803 57.04777121 -0.2664294143 -0.928138174
P_01766 0 133.0822065 62.06047603 -0.0541597931 -1.115783618
P_01767 0 147.8625619 44.97509167 -0.7834514622 0.5484144126
P_01767 0 143.4147974 36.79168798 -0.6381100462 0.2464368849
P_01769 0 130.9781022 73.71156322 0.429315793 -1.400935945
P_01769 0 135.3136242 60.28695596 0.7480843872 -0.8120119369
P_01769 0 78.84907754 52.06497237 1.899053761 3.470653537
P_01769 0 76.92892312 38.45963216 2.274018072 7.397694139
P_01769 0 79.27540501 32.02385895 1.778654678 7.253912621
P_01769 0 89.43106247 40.98775036 0.847369235 0.9929964279
P_01769 0 66.48697851 23.3521775 2.179597622 13.63919168
P_01769 0 95.68847802 37.65547793 0.5287775479 1.132287148
P_01769 0 84.75713338 36.58095842 2.261988737 7.693568309
P_01769 0 95.06653786 39.39566147 0.2726393202 -0.7631924969
P_01769 0 83.07380373 26.24987352 0.6394772037 1.490276413
P_01770 1 58.21709643 23.76623484 1.35055096 4.043419447
P_01777 0 112.7735783 56.82793024 0.1788928971 -0.9822133232
P_01777 0 165.3703311 34.39781257 -0.6450450531 0.5858180622
P_01777 0 182.6932104 28.53481909 -1.1277155 4.028821919
P_01777 0 127.9624766 51.72818564 -0.0414104065 -0.7295589309
P_01783 0 186.9626661 64.95040471 -1.566805095 1.618215316
P_01784 0 77.90851669 25.3319404 2.221572722 10.61183969
P_01784 0 90.80797143 32.55312834 0.4871488098 0.7808337295
P_01786 1 105.5319849 48.88415917 -0.2155696252 -0.8397587848
P_01786 1 113.2464214 45.64399151 -0.9227633648 0.3114550619
P_01791 0 80.24871906 29.24664749 0.4554173982 0.0522527332
P_01791 0 119.7265617 44.7461704 -0.1061007015 -0.3880530343
P_01792 1 157.0385124 30.39497066 -0.0418814536 -0.4559152646
P_01792 1 98.89256117 31.22687216 -0.3235689507 -0.5526429086
P_01793 1 160.5968155 45.40512963 -0.5756206922 0.2439810502
P_01793 1 161.8585618 48.68740193 -0.5011370794 -0.5209864894
P_01809 1 113.7187425 27.31907087 -0.2529672405 -0.1853327061
P_01810 0 116.8819225 43.81085591 -0.4643111556 -0.7156302844
P_01810 0 82.99193557 24.61632009 0.3547655105 1.036981334
P_01818 1 165.4117787 63.92722868 -0.767830466 -0.7627435795
P_01818 1 143.1494315 37.18852835 -0.484810084 0.2542657777
P_01819 1 60.48602245 14.8001858 0.5529222516 1.436990257
P_01819 0 159.9263852 17.95621165 0.0425477365 1.876247845
P_01819 1 71.33363896 29.51742365 1.041511718 1.706721276
P_01819 0 88.11449012 31.72958515 0.8718398147 1.02446233
P_01823 0 92.00706922 33.3495783 0.4365077575 1.532585587
P_01823 0 90.22716302 35.53543303 0.2052858852 0.2996874388
P_01823 0 100.987487 34.90839646 -0.0647355732 -0.0489790856
P_01823 0 88.26322589 36.33772141 0.5066007538 0.3016530492
P_01823 0 132.3169376 47.63064084 0.0309576851 -0.6146012528
P_01823 0 105.7502399 39.31827516 0.3163442458 0.5239122794
P_01823 0 90.85804215 34.75047801 0.8136100378 1.692758675
P_01823 0 139.3364556 55.8850749 -0.6307011249 -0.651915436
P_01830 0 104.9820145 43.63822187 0.4899107577 0.4003888643
P_01830 0 88.50689254 28.18309678 0.2106715877 0.036644404
P_01830 0 112.9199267 38.31783735 0.9817915635 3.256741264
P_01830 0 104.4590839 66.60709209 -0.3572491482 -1.291167627
P_01830 0 163.944147 38.6501442 -0.6606426903 -0.2702505965
P_01830 0 126.7134637 50.58949648 -0.0326172597 -1.041399388
P_01830 0 142.3656072 36.05018642 -0.109286421 0.2083137825
P_01830 0 137.3341937 34.06501287 -0.7129003134 0.4196578703
P_01832 0 87.5702205 24.17826231 0.5240845729 2.558210199
P_01832 0 104.9952966 33.14427454 0.1877884324 -0.3096930768
P_01838 0 43.79693487 48.45619655 0.9005985221 -0.0807829078
P_01838 0 51.83415356 44.38609932 2.809737523 7.357090684
P_01838 0 64.25981782 48.55764196 1.91849342 3.194240086
P_01838 0 66.79048383 45.32824862 0.9160321393 0.8369179565
P_01838 0 51.50857143 33.04867249 3.751454049 16.61375912
P_01838 0 58.35261028 25.64778689 2.905709188 14.052679
P_01838 0 59.61653747 32.08674549 2.686922781 10.91281139
P_01838 0 65.05662883 43.14367283 1.824476876 3.014544206
P_01838 0 57.5765354 41.13794583 2.489463362 5.833209014
P_01838 0 65.65251189 49.3691902 1.608909914 1.752214512
P_01838 0 4.786508935 24.93835289 6.286161249 42.21629989
P_01838 0 10.47617003 29.03638835 4.031485215 19.7350732
P_01838 0 52.98525074 43.41283821 2.428949417 5.62408536
P_01838 0 51.8782187 36.26639243 0.6723013143 1.742732128
P_01838 0 96.35839213 26.96262193 -0.4962849512 0.4556697955
P_01838 0 88.82172986 41.74029519 0.9656154547 0.7010800853
P_01838 0 65.39008339 32.6315973 1.644844463 4.482457204
P_01839 1 122.0317864 68.3733187 -0.552068471 -1.030980588
P_01839 1 109.2501688 60.78974292 -0.4543559094 -1.094482947
P_01840 1 101.4314761 30.9954697 0.2236522944 0.3471348415
P_01846 1 167.9601346 67.10026186 -1.255634857 0.5742823441
P_01846 1 165.1866606 45.86562118 -1.287024719 1.313923188
P_01847 1 61.71344737 36.87861137 0.8134424637 -0.3591239883
P_01847 1 84.13810617 33.10551758 0.1484441936 -0.5480569513
P_01856 1 160.130856 45.04771891 -0.6635899892 -0.3019011321
P_01856 1 120.2522169 48.30474736 -0.137865081 -0.9467143044
P_01858 0 110.0005296 34.45294918 0.4580612444 -0.2949757599
P_01858 0 110.7042714 39.9438508 0.7447528244 0.6939333125
P_01864 0 80.70098067 20.40919067 0.2119298034 1.503187909
P_01864 0 112.2888221 43.76814208 -0.0044106097 -0.4477298069
P_01864 0 65.55343639 31.32949418 2.620562237 9.425181838
P_01864 0 100.8651846 25.48577395 1.26707972 2.345541185
P_01864 0 97.15079089 42.36213583 0.5301101646 0.3784765273
P_01864 0 64.98148504 30.33433257 1.26025849 2.436378842
P_01864 0 116.3871129 37.31918476 -0.1644225689 -0.0127021487
P_01864 0 96.52264909 29.19468966 0.4251896471 0.5523844335
P_01864 0 86.3389435 34.7019781 -1.189743536 1.771056321
P_01864 0 115.7410526 29.22905875 -1.041014315 0.9654021887
P_01864 0 92.16336996 30.94191129 0.3288440061 -0.2244616082
P_01864 0 112.4431546 60.45889361 -0.9393878387 -0.5980179569
P_01864 0 120.121907 45.73320823 0.4907098241 -0.4331053838
P_01875 0 75.11243817 25.53149191 0.6820946296 0.6506472759
P_01875 0 131.3099347 47.76360372 -0.360818286 0.8033788084
P_01875 0 111.3159653 26.81380171 -0.0470062049 0.387892788
P_01875 0 102.8727899 36.3592016 0.450354171 0.0233889328
P_01875 0 109.6909487 53.07793905 -0.2013239085 0.0347571462
P_01884 0 119.232152 33.80160986 -0.6942964944 0.3304771969
P_01884 0 102.6121869 34.53441217 0.1464036709 -0.4004137559
P_01885 0 86.84418549 32.66630669 1.90594181 4.331192148
P_01885 0 72.47734813 35.22162641 1.846619599 3.775542855
P_01885 0 71.7217234 27.90214673 1.697021586 5.570720137
P_01885 0 68.48643312 29.39606873 1.147624499 2.644432926
P_02105 1 139.2682778 41.91515718 -1.258176923 2.508060484
P_02105 1 99.20725299 52.62913316 -0.3841028006 -0.1507113313
P_02115 0 118.0260888 43.65744945 0.0317507595 -0.4792817692
P_02115 0 150.6183661 38.54613011 -0.5841548062 0.7150623354
P_02133 1 104.1986391 45.00643786 0.1483143465 -0.9509004126
P_02133 1 89.29265003 41.30065439 1.424862713 4.423175284
P_02154 1 58.13913982 56.9675076 2.771696909 6.781725696
P_02154 1 76.48837606 39.6753901 0.9254489604 0.9527743543
P_02190 1 155.8072302 35.68049055 -0.62401998 0.1416800844
P_02190 1 157.9731662 51.70540571 -0.7200356958 -0.2103763552
P_02195 1 121.4251095 66.19379937 -0.7015035315 -0.9582512038
P_02195 1 106.1225023 26.90413616 -0.3747332769 0.0553391589
P_02218 1 53.34700835 28.89181456 3.767489335 22.16955896
P_02218 1 105.3814432 66.66202209 0.2956621176 -1.529989099
P_02220 1 62.61928475 42.89082254 3.558739762 13.16302219
P_02220 1 105.9227815 30.9968752 0.3106201817 -0.240713516
P_02226 1 86.90761049 29.43629744 0.155359449 -0.3008968177
P_02226 1 125.9210543 48.19654347 -0.3418227604 -0.9744211658
P_02232 1 171.9339047 34.16732819 -1.644183784 4.014714023
P_02232 1 153.2639425 29.25246747 -1.117332027 2.258548413
P_02234 0 151.5129949 52.98632815 -0.4754651146 -0.8981804437
P_02234 0 59.06756151 32.66596782 3.418823595 16.99729213
P_02259 1 113.0452571 40.61819397 0.5268111319 0.0530035511
P_02259 1 109.6239954 35.78511039 0.9426313183 0.7770156805
P_02270 1 83.67013438 66.86333508 -0.0170178312 -1.402874344
P_02270 1 81.92160737 59.63401064 -0.041050361 -1.211437313
P_02285 1 70.70779378 26.96910291 0.4936359831 -0.0955946328
P_02285 1 108.1685805 37.72824678 0.329410465 -0.2787034128
P_02313 0 127.5629777 30.10303376 -0.2720828308 0.8192483166
P_02313 0 80.3576678 31.03249206 0.4987612681 -0.2714890641
P_02316 0 128.2290564 50.50623419 -0.0719438571 -1.016034994
P_02316 0 109.0616995 36.02676356 0.1795864143 -0.5041477777
P_02318 0 84.18090599 34.99817031 0.8392502302 0.8944417874
P_02318 0 112.0749542 65.52323773 -0.3811765999 -1.092408681
P_02323 1 96.27627204 31.89972784 -0.1892798717 -0.3834361675
P_02323 1 117.7672522 67.85847577 -0.3750604258 -1.115800156
P_02348 1 91.69103736 37.32674491 0.6530228747 0.4151727029
P_02348 1 118.6182801 21.80041948 -0.9762234674 3.494876471
P_02368 1 73.44307574 31.93065436 0.2222209782 -0.6615951302
P_02368 1 111.3472326 42.33747835 0.5409444373 -0.2791769684
P_02380 1 118.7257238 34.78261151 -0.3491825005 -0.1073511832
P_02380 1 120.093144 43.35534694 0.2577290849 -0.2989077434
P_02393 1 98.3486046 34.43474742 0.4256712554 -0.0194968213
P_02393 1 168.239962 48.12741264 -0.6036101332 0.1176248546
P_02400 1 74.29164775 42.73217675 -0.382766941 -0.9462460902
P_02400 1 116.0590341 23.48131894 -0.3782045318 2.135135166
P_02402 1 158.1837064 33.60631741 -0.9121276062 1.680989109
P_02402 1 173.7692097 38.02808513 -0.8159456333 0.2786444895
P_02405 1 173.9924744 46.70202438 -0.7809437085 0.1081096825
P_02405 1 148.8618005 63.36810047 -0.3484369514 -1.145742715
P_02409 0 146.7422723 63.15561927 -0.7474743786 -0.2833828699
P_02409 0 164.0074612 42.26178788 -1.005689074 0.6613962141
P_02419 1 167.9677842 46.27008998 -1.208402355 0.8735672503
P_02419 1 156.2422354 51.65060646 -0.9082837971 0.081778724
P_02424 1 107.1390168 37.10240519 0.5541350569 -0.2623519014
P_02424 1 100.3065071 34.48324214 0.1257861146 -0.4659400278
P_02434 0 60.8300524 29.23329328 1.248945734 4.38592669
P_02434 0 114.8574578 39.45135543 -0.349107473 -0.4308766796
P_02437 1 161.2988289 47.43195777 -1.819867333 3.716278539
P_02437 1 161.344025 32.00848279 -0.3483366853 3.699589904
P_02442 1 156.0238663 33.97579262 -2.539567043 7.578892915
P_02442 1 156.7385699 55.15640186 -1.807263591 2.30580596
P_02456 1 140.6367336 37.35829231 -1.716645026 2.298138524
P_02459 1 71.99720769 27.82269919 0.8465237638 0.2544149144
P_02459 1 83.36706673 24.10628005 0.4424587954 1.831019045
P_02460 1 170.3368937 34.57319243 -0.5861700596 0.1697564183
P_02460 1 130.6266082 64.59292089 -0.9105485896 -0.4941827582
P_02468 0 124.2938921 81.29285291 -0.4594443319 -1.313869937
P_02468 0 113.8663829 32.69472605 -0.1519869122 -0.2278958358
P_02475 1 144.7064345 70.38320319 -0.9417372916 -0.4972477903
P_02475 1 51.86786482 16.15293467 0.7452782062 1.100698627
P_02489 1 117.5844852 56.26779916 0.2581549573 -0.9514494695
P_02489 1 138.2598417 74.50409457 -0.8029137754 -0.7641468506
P_02508 1 138.0406024 56.41485363 -0.8608834044 0.0616110862
P_02508 1 145.6663238 38.55580277 -0.5674852937 0.1277312603
P_02518 1 117.5920522 37.82293733 -0.0993028623 -0.8824421084
P_02518 1 99.18320088 50.61953702 -0.1959552791 -0.8398037894
P_02522 1 142.4569485 60.13488705 -1.120805585 0.6095879056
P_02522 1 168.8743901 42.1216374 -1.311947301 1.918923906
P_02559 1 171.2941963 44.81674124 -0.8869124382 0.1283588134
P_02559 1 122.5808124 45.11262064 -0.0914453053 -0.2226800866
P_02563 0 152.2944622 53.31360794 -0.2590835956 -0.7834518981
P_02563 0 112.576926 53.69877741 -0.1872335311 -1.102819704
P_02566 1 126.9388796 38.08860335 0.1121361008 1.630859298
P_02566 1 143.9878291 47.42591596 0.3447467744 -0.9464460447
P_02572 1 139.3934386 45.61825235 -0.4431952303 -0.3441348
P_02572 1 127.6581301 65.1571127 -0.6819701504 -0.7587934663
P_02584 0 141.9491953 12.60737545 -1.058439582 34.67527105
P_02584 0 122.1073395 39.16539899 -0.0495967404 -0.2294337942
