Precisão média por imagem
0.352
0.357
0.420
0.508
0.545
0.592
0.627
0.650
0.673
0.690
0.702
0.710
0.720
0.734
0.735
0.740
0.733
0.736
0.740
0.743
0.743
0.737
0.726
0.722
0.715
0.709
0.706
0.700
0.694
0.692
0.688
0.680
0.681
0.677
0.671
0.666
0.665
0.667
0.661
0.661
0.656
0.653
0.653
0.651
0.647
0.646
0.652
0.652
0.650
0.650
0.648
0.644
0.641
0.637
0.634
0.629
0.626
0.624
0.629
0.633
0.637
0.642
0.641
0.640
0.639
0.636
0.637
0.638
0.637
0.636
0.636
0.638
0.635
0.632
0.631
0.629
0.627
0.627
0.626
0.624
0.621
0.625
0.627
0.628
0.629
0.629
0.632
0.633
0.635
0.634
0.633
0.631
0.632
0.634
0.634
0.637
0.639
0.641
0.644
0.645
0.647
0.647
0.648
0.649
0.649
0.649
0.650
0.651
0.654
0.656
0.658
0.658
0.658
0.660
0.659
0.661
0.663
0.664
0.662
0.660
0.661
0.661
0.662
0.663
0.662
0.661
0.659
0.658
0.657
0.656
0.656
0.655
0.654
0.655
0.656
0.655
0.653
0.651
0.650
0.649
0.649
0.648
0.648
0.649
0.649
0.649
0.649
0.647
0.647
0.646
0.646
0.647
0.648
0.649
0.648
0.646
0.646
0.647
0.646
0.647
0.647
0.647
0.647
0.646
0.645
0.645
0.645
0.644
0.644
0.642
0.641
0.640
0.641
0.641
0.641
0.643
0.644
0.642
0.642
0.641
0.640
0.640
0.639
0.639
0.637
0.637
0.636
0.636
0.636
0.634
0.633
0.634
0.633
0.632
0.632
0.631
0.630
0.630
0.630
0.631
0.631
0.630
0.629
0.629
0.630
0.630
0.630
0.630
0.630
0.629
0.628
0.627
0.628
0.629
0.630
0.631
0.632
0.633
0.632
0.632
0.630
0.629
0.629
0.629
0.628
0.628
0.627
0.626
0.627
0.626
0.625
0.625
0.624
0.625
0.624
0.623
0.623
0.623
0.623
0.622
0.622
0.623
0.623
0.623
0.623
0.624
0.624
0.624
0.623
0.624
0.624
0.623
0.623
0.622
0.623
0.622
0.622
0.621
0.621
0.622
0.623
0.624
0.624
0.625
0.625
0.625
0.626
0.627
0.627
0.628
0.628
0.629
0.628
0.628
0.628
0.629
0.629
0.630
0.631
0.631
0.632
0.632
0.632
0.633
0.633
0.633
0.633
0.632
0.632
0.631
0.631
0.630
0.630
0.630
0.630
0.630
0.631
0.631
0.632
0.633
0.634
0.634
0.634
0.634
0.633
0.633
0.633
0.632
0.632
0.632
0.632
0.632
0.631
0.631
0.631
0.631
0.631
0.631
0.632
0.633
0.634
0.635
0.635
0.636
0.637
0.638
0.638
0.638
0.639
0.639
0.640
0.639
0.639
0.639
0.639
0.639
0.639
0.639
0.639
0.639
0.639
0.639
0.639
0.638
0.638
0.638
0.638
0.638
0.638
0.638
0.639
0.639
0.639
0.639
0.638
0.638
0.638
0.638
0.639
0.639
0.639
0.639
0.639
0.639
0.639
0.639
0.639
0.638
0.638
0.638
0.639
0.639
0.640
0.641
0.641
0.641
0.642
0.643
0.643
0.643
0.643
0.643
0.643
0.643
0.643
0.643
0.643
0.644
0.644
0.644
0.644
0.645
0.645
0.646
0.646
0.646
0.646
0.646
0.646
0.645
0.645
0.644
0.645
0.645
0.645
0.645
0.645
0.644
0.644
0.644
0.644
0.643
0.643
0.643
0.643
0.643
0.643
0.643
0.643
0.642
0.642
0.642
0.641
0.641
0.641
0.641
0.641
0.641
0.642
0.641
0.641
0.641
0.640
0.641
0.642
0.642
0.642
0.642
0.642
0.642
0.643
0.643
0.643
0.644
0.644
0.644
0.645
0.645
0.645
0.645
0.645
0.644
0.644
0.643
0.642
0.642
0.642
0.642
0.642
0.642
0.641
0.641
0.641
0.641
0.640
0.640
0.640
0.639
0.640
0.640
0.640
0.639
0.639
0.639
0.638
0.638
0.638
0.637
0.637
0.637
0.636
0.636
0.636
0.636
0.637
0.636
0.636
0.636
0.636
0.636
0.635
0.635
0.635
0.636
0.636
0.636
0.636
0.636
0.636
0.636
0.636
0.636
0.636
0.636
0.636
0.636
0.636
0.636
0.636
0.636
0.636
0.636
0.635
0.635
0.635
0.635
0.636
0.636
0.636
0.636
0.636
0.635
0.635
0.635
0.634
0.634
0.635
0.635
0.634
0.634
0.634
0.634
0.634
0.635
0.635
0.635
0.635
0.635
0.634
0.634
0.635
0.635
0.635
0.635
0.636
0.636
0.636
0.636
0.635
0.635
0.635
0.635
0.635
0.635
0.635
0.634
0.634
0.634
0.633
0.633
0.633
0.633
0.633
0.633
0.633
0.633
0.633
0.633
0.632
0.632
0.632
0.632
0.632
0.632
0.632
0.632
0.632
0.632
0.632
0.631
0.631
0.631
0.630
0.630
0.630
0.630
0.629
0.630
0.630
0.630
0.630
0.630
0.630
0.631
0.631
0.631
0.631
0.631
0.630
0.630
0.630
0.630
0.630
0.630
0.630
0.630
0.630
0.630
0.630
0.630
0.630
0.630
0.630
0.630
0.630
0.630
0.630
0.630
0.630
0.630
0.630
0.630
0.631
0.631
0.631
0.632
0.632
0.632
0.632
0.632
0.632
0.632
0.632
0.632
0.632
0.632
0.632
0.632
0.632
0.632
0.632
0.632
0.632
0.632
0.632
0.632
0.633
0.633
0.633
0.633
0.633
0.633
0.633
0.633
0.633
0.633
0.633
0.633
0.633
0.633
0.633
0.633
0.633
0.633
0.633
0.633
0.633
0.633
0.633
0.633
0.633
0.633
0.633
0.633
0.633
0.632
0.632
0.632
0.632
0.632
0.632
0.632
0.632
0.632
0.632
0.632
0.632
0.632
0.632
0.631
0.631
0.632
0.632
0.632
0.632
0.632
0.632
0.632
0.632
0.632
0.632
0.632
0.632
0.632
0.632
0.631
0.631
0.631
0.631
0.631
0.631
0.631
0.631
0.631
0.631
0.631
0.631
0.631
0.631
0.631
0.632
0.632
0.632
0.632
0.632
0.632
0.633
0.632
0.632
0.632
0.632
0.632
0.632
0.632
0.631
0.631
0.631
0.631
0.631
0.631
0.630
0.630
0.630
0.630
0.630
0.630
0.630
0.630
0.630
0.630
0.630
0.630
0.630
0.630
0.631
0.631
0.631
0.630
0.630
0.630
0.630
0.630
0.629
0.629
0.629
0.629
0.629
0.629
0.629
0.629
0.629
0.628
0.628
0.628
0.628
0.629
0.629
0.629
0.629
0.628
0.628
0.628
0.628
0.628
0.628
0.628
0.628
0.629
0.628
0.628
0.628
0.628
0.628
0.628
0.628
0.628
0.628
0.629
0.629
0.629
0.629
0.629
0.629
0.629
0.629
0.629
0.629
0.630
0.630
0.630
0.630
0.630
0.629
0.629
0.629
0.629
0.628
0.628
0.628
0.628
0.628
0.629
0.629
0.629
0.628
0.628
0.628
0.628
0.628
0.628
0.628
0.628
0.627
0.627
0.627
0.628
0.628
0.628
0.628
0.628
0.628
0.628
0.628
0.628
0.628
0.628
0.628
0.627
0.627
0.627
0.627
0.627
0.627
0.627
0.627
0.627
0.627
0.627
0.627
0.627
0.628
0.628
0.628
0.628
0.628
0.628
0.628
0.629
0.629
0.629
0.628
0.629
0.629
0.629
0.629
0.629
0.629
0.629
0.628
0.628
0.628
0.628
0.628
0.628
0.627
0.627
0.627
0.627
0.627
0.626
0.626
0.626
0.626
0.626
0.626
0.626
0.626
0.626
0.626
0.626
0.626
0.626
0.626
0.626
0.626
0.626
0.626
0.625
0.625
0.625
0.625
0.625
0.625
0.624
0.625
0.625
0.625
0.626
0.626
0.626
0.626
0.626
0.626
0.626
0.626
0.626
0.625
0.625
0.626
0.626
0.626
0.625
0.625
0.625
0.625
0.625
0.625
0.625
0.625
0.625
0.625
0.625
0.625
0.625
0.625
0.625
0.625
0.625
0.625
0.625
0.625
0.625
0.624
0.624
0.624
0.624
0.624
0.624
0.624
0.624
0.624
0.624
0.624
0.623
0.623
0.623
0.623
0.623
0.623
0.623
0.622
0.622
0.622
0.622
0.622
0.622
0.622
0.622
0.622
0.622
0.623
0.623
0.623
0.623
0.623
0.623
0.623
0.623
0.623
0.623
0.623
0.623
0.623
0.623
0.623
0.623
0.623
0.623
0.624
0.624
0.624
0.624
0.624
0.624
0.624
0.624
0.624
0.624
0.624
0.623
0.623
0.624
0.624
0.624
0.624
0.624
0.624
0.624
0.623
0.623
0.623
0.623
0.623
0.623
0.623
0.623
0.623
0.623
0.623
0.623
0.622
0.622
0.622
0.622
0.622
0.622
0.622
0.622
0.622
0.622
0.622
0.623
0.623
0.623
0.623
0.624
0.624
0.624
0.624
0.624
0.624
0.624
0.624
0.624
0.624
0.624
0.624
0.624
0.624
0.624
0.623
0.623
0.623
0.623
0.623
0.623
0.623
0.623
0.623
0.623
0.623
0.623
0.623
0.623
0.623
0.623
0.623
0.623
0.623
0.623
0.623
0.623
0.623
0.623
0.623
0.623
0.623
0.623
0.623
0.623
0.623
0.623
0.623
0.623
0.623
0.623
0.623
0.623
0.623
0.623
0.623
0.623
0.623
0.623
0.623
0.623
0.623
0.623
0.623
0.623
0.623
0.623
0.623
0.623
0.623
0.623
0.623
0.623
0.623
0.623
0.623
0.623
0.623
0.624
0.624
0.624
0.624
0.624
0.625
0.625
0.625
0.625
0.626
0.626
0.626
0.626
0.626
0.626
0.627
0.627
0.627
0.627
0.627
0.628
0.628
0.628
0.628
0.628
0.628
0.628
0.628
0.628
0.628
0.628
0.629
0.628
0.628
0.628
0.628
0.628
0.628
0.628
0.628
0.627
0.627
0.628
0.628
0.628
0.628
0.628
0.628
0.628
0.628
0.628
0.628
0.629
0.628
0.628
0.628
0.628
0.629
0.629
0.629
0.628
0.628
0.628
0.628
0.628
0.628
0.628
0.628
0.628
0.628
0.628
0.628
0.628
0.628
0.628
0.628
0.627
0.627
0.627
0.627
0.627
0.627
0.627
0.627
0.627
0.627
0.627
0.627
0.627
0.627
0.627
0.627
0.627
0.626
0.626
0.626
0.626
0.626
0.626
0.627
0.626
0.626
0.627
0.626
0.626
0.626
0.626
0.626
0.626
0.626
0.626
0.626
0.626
0.625
0.625
0.625
0.626
0.626
0.626
0.626
0.626
0.625
0.625
0.625
0.625
0.625
0.625
0.625
0.625
0.625
0.625
0.624
0.624
0.624
0.624
0.624
0.624
0.624
0.624
0.624
0.624
0.624
0.625
0.625
0.625
0.625
0.625
0.625
0.625
0.625
0.625
0.625
0.625
0.626
0.625
0.625
0.625
0.625
0.625
0.625
0.625
0.625
0.625
0.625
0.625
0.625
0.625
0.625
0.625
0.625
0.625
0.625
0.625
0.625
0.625
0.625
0.625
0.625
0.626
0.626
0.626
0.626
0.626
0.626
0.626
0.626
0.626
0.626
0.626
0.626
0.626
0.626
0.626
0.626
0.626
0.626
0.626
0.626
0.626
0.626
0.625
0.625
0.625
0.625
0.625
0.625
0.625
0.625
0.626
0.626
0.626
0.626
0.626
0.626
0.626
0.626
0.626
0.626
0.626
0.626
0.625
0.625
0.625
0.625
0.625
0.625
0.625
0.625
0.625
0.625
0.625
0.625
0.625
0.626
0.626
0.626
0.626
0.626
0.626
0.626
0.626
0.626
0.626
0.626
0.625
0.626
0.626
0.626
0.626
0.626
0.626
0.626
0.625
0.625
0.625
0.625
0.625
0.625
0.625
0.625
0.625
0.625
0.625
0.625
0.625
0.625
0.625
0.625
0.625
0.625
0.625
0.625
0.625
0.625
0.625
0.625
0.625
0.625
0.625
0.625
0.625
0.625
0.625
0.626
0.626
0.626
0.626
0.626
0.627
0.627
0.627
0.627
0.627
0.628
0.628
0.628
0.628
0.628
0.628
0.628
0.628
0.628
0.628
0.628
0.628
0.628
0.628
0.627
0.628
0.628
0.628
0.628
0.628
0.628
0.628
0.628
0.628
0.628
0.628
0.628
0.628
0.628
0.628
0.628
0.628
0.629
0.629
0.629
0.629
0.629
0.629
0.629
0.629
0.629
0.629
0.629
0.629
0.629
0.629
0.629
0.628
0.628
0.628
0.628
0.628
0.628
0.628
0.628
0.628
0.627
0.627
0.627
0.627
0.627
0.627
0.627
0.627
0.627
0.627
0.627
0.627
0.626
0.627
0.627
0.627
0.627
0.627
0.627
0.627
0.626
0.626
0.626
0.626
0.626
0.626
0.626
0.626
0.626
0.625
0.625
0.625
0.625
0.625
0.625
0.625
0.625
0.625
0.625
0.625
0.625
0.625
0.625
0.625
0.625
0.625
0.625
0.625
0.624
0.624
0.624
0.624
0.624
0.624
0.624
0.624
0.624
0.624
0.624
0.624
0.624
0.623
0.623
0.623
0.623
0.623
0.623
0.623
0.623
0.623
0.623
0.623
0.623
0.623