Precisão média por imagem
0.622
0.544
0.539
0.527
0.512
0.502
0.501
0.515
0.552
0.581
0.561
0.547
0.541
0.534
0.531
0.528
0.522
0.520
0.518
0.520
0.519
0.536
0.536
0.535
0.535
0.535
0.534
0.532
0.533
0.528
0.529
0.526
0.524
0.521
0.519
0.517
0.516
0.516
0.515
0.513
0.510
0.507
0.515
0.515
0.518
0.515
0.520
0.519
0.517
0.516
0.514
0.519
0.517
0.516
0.514
0.513
0.518
0.517
0.524
0.522
0.522
0.520
0.520
0.519
0.518
0.519
0.518
0.516
0.515
0.514
0.513
0.512
0.510
0.510
0.509
0.510
0.510
0.510
0.511
0.511
0.511
0.510
0.509
0.508
0.507
0.506
0.505
0.504
0.503
0.509
0.508
0.514
0.513
0.514
0.513
0.512
0.517
0.516
0.518
0.517
0.520
0.519
0.519
0.519
0.520
0.522
0.521
0.520
0.519
0.518
0.518
0.517
0.516
0.516
0.516
0.515
0.516
0.514
0.513
0.513
0.512
0.513
0.512
0.512
0.515
0.516
0.519
0.521
0.520
0.520
0.519
0.519
0.521
0.524
0.525
0.527
0.527
0.527
0.527
0.528
0.528
0.527
0.526
0.525
0.524
0.524
0.523
0.523
0.523
0.522
0.522
0.522
0.522
0.521
0.521
0.523
0.522
0.522
0.522
0.520
0.520
0.521
0.521
0.524
0.527
0.526
0.529
0.528
0.528
0.529
0.529
0.528
0.528
0.527
0.527
0.530
0.529
0.530
0.530
0.529
0.529
0.529
0.528
0.529
0.529
0.528
0.528
0.529
0.528
0.528
0.529
0.528
0.528
0.528
0.528
0.527
0.527
0.527
0.526
0.525
0.525
0.525
0.525
0.524
0.524
0.524
0.523
0.523
0.522
0.523
0.523
0.525
0.526
0.529
0.530
0.531
0.531
0.532
0.534
0.536
0.538
0.539
0.541
0.543
0.545
0.544
0.544
0.543
0.542
0.542
0.541
0.541
0.541
0.540
0.540
0.539
0.539
0.539
0.539
0.539
0.538
0.538
0.537
0.537
0.536
0.536
0.536
0.536
0.535
0.535
0.535
0.535
0.535
0.535
0.535
0.535
0.534
0.535
0.534
0.534
0.534
0.533
0.533
0.534
0.535
0.537
0.538
0.539
0.540
0.541
0.541
0.541
0.541
0.541
0.540
0.540
0.540
0.541
0.541
0.541
0.541
0.541
0.541
0.541
0.541
0.541
0.542
0.542
0.542
0.542
0.542
0.542
0.542
0.543
0.543
0.543
0.543
0.544
0.544
0.545
0.545
0.545
0.544
0.545
0.545
0.545
0.546
0.546
0.546
0.546
0.546
0.545
0.545
0.545
0.545
0.544
0.544
0.543
0.544
0.543
0.543
0.543
0.542
0.543
0.542
0.543
0.543
0.543
0.543
0.543
0.544
0.545
0.545
0.545
0.545
0.545
0.545
0.545
0.546
0.546
0.547
0.547
0.548
0.549
0.549
0.548
0.548
0.548
0.548
0.548
0.548
0.548
0.548
0.548
0.547
0.547
0.547
0.547
0.546
0.546
0.546
0.546
0.546
0.546
0.546
0.545
0.546
0.546
0.546
0.545
0.545
0.545
0.546
0.545
0.545
0.545
0.545
0.545
0.545
0.545
0.546
0.547
0.548
0.549
0.548
0.548
0.548
0.547
0.547
0.548
0.548
0.548
0.548
0.547
0.548
0.547
0.548
0.547
0.547
0.547
0.547
0.546
0.546
0.546
0.546
0.547
0.547
0.547
0.548
0.548