Precisão média por imagem
0.499
0.447
0.562
0.570
0.625
0.661
0.697
0.717
0.733
0.747
0.763
0.776
0.780
0.782
0.778
0.772
0.778
0.786
0.782
0.785
0.787
0.787
0.789
0.792
0.785
0.779
0.775
0.764
0.754
0.749
0.741
0.734
0.730
0.726
0.720
0.714
0.712
0.715
0.710
0.715
0.708
0.702
0.704
0.700
0.696
0.700
0.696
0.691
0.689
0.683
0.681
0.677
0.671
0.666
0.661
0.656
0.652
0.646
0.649
0.652
0.653
0.658
0.654
0.650
0.652
0.650
0.651
0.654
0.652
0.648
0.649
0.650
0.647
0.644
0.645
0.643
0.640
0.639
0.638
0.637
0.633
0.632
0.634
0.633
0.635
0.635
0.635
0.636
0.637
0.636
0.635
0.635
0.635
0.638
0.641
0.644
0.645
0.648
0.651
0.652
0.653
0.656
0.657
0.658
0.660
0.663
0.665
0.668
0.670
0.671
0.673
0.674
0.673
0.673
0.675
0.677
0.677
0.678
0.676
0.673
0.675
0.676
0.676
0.677
0.675
0.673
0.671
0.670
0.668
0.665
0.665
0.664
0.662
0.663
0.664
0.662
0.660
0.659
0.660
0.660
0.661
0.662
0.662
0.661
0.662
0.663
0.664
0.662
0.660
0.660
0.661
0.662
0.662
0.662
0.661
0.660
0.660
0.661
0.661
0.660
0.660
0.660
0.661
0.660
0.658
0.657
0.657
0.657
0.658
0.656
0.655
0.656
0.655
0.657
0.658
0.659
0.659
0.658
0.657
0.656
0.656
0.656
0.656
0.658
0.657
0.656
0.656
0.656
0.657
0.655
0.654
0.655
0.654
0.654
0.653
0.653
0.654
0.654
0.655
0.656
0.656
0.655
0.654
0.654
0.654
0.654
0.655
0.655
0.654
0.655
0.655
0.654
0.654
0.655
0.656
0.656
0.657
0.657
0.657
0.657
0.656
0.655
0.654
0.655
0.654
0.655
0.655
0.654
0.655
0.654
0.652
0.652
0.652
0.651
0.652
0.653
0.653
0.654
0.653
0.652
0.653
0.652
0.653
0.653
0.653
0.652
0.652
0.652
0.652
0.652
0.653
0.652
0.652
0.651
0.652
0.652
0.651
0.652
0.652
0.652
0.653
0.653
0.653
0.652
0.652
0.652
0.652
0.653
0.654
0.654
0.655
0.655
0.654
0.653
0.652
0.652
0.652
0.653
0.653
0.653
0.653
0.653
0.653
0.654
0.655
0.655
0.656
0.655
0.654
0.653
0.653
0.652
0.653
0.654
0.653
0.652
0.652
0.653
0.654
0.654
0.655
0.656
0.656
0.655
0.655
0.655
0.654
0.654
0.654
0.655
0.654
0.654
0.653
0.653
0.653
0.652
0.652
0.652
0.652
0.653
0.653
0.654
0.655
0.656
0.657
0.658
0.658
0.658
0.658
0.659
0.659
0.658
0.658
0.658
0.658
0.659
0.660
0.660
0.660
0.660
0.660
0.660
0.659
0.659
0.659
0.659
0.660
0.661
0.661
0.662
0.662
0.663
0.664
0.663
0.662
0.662
0.662
0.661
0.661
0.661
0.661
0.660
0.660
0.660
0.659
0.660
0.660
0.659
0.659
0.660
0.660
0.661
0.661
0.662
0.663
0.663
0.664
0.664
0.665
0.664
0.664
0.665
0.665
0.665
0.666
0.666
0.666
0.667
0.666
0.667
0.667
0.667
0.667
0.667
0.668
0.667
0.667
0.667
0.667
0.666
0.666
0.666
0.666
0.667
0.667
0.668
0.668
0.668
0.667
0.667
0.668
0.667
0.667
0.667
0.667
0.668
0.668
0.668
0.667
0.667
0.667
0.666
0.666
0.666
0.666
0.665
0.665
0.665
0.665
0.665
0.665
0.665
0.664
0.665
0.665
0.665
0.666
0.666
0.665
0.666
0.666
0.666
0.666
0.666
0.666
0.667
0.667
0.667
0.667
0.668
0.667
0.667
0.666
0.666
0.665
0.664
0.664
0.664
0.664
0.664
0.663
0.663
0.663
0.664
0.663
0.663
0.664
0.664
0.664
0.664
0.664
0.664
0.664
0.663
0.663
0.663
0.662
0.662
0.661
0.661
0.661
0.661
0.661
0.661
0.661
0.660
0.660
0.660
0.660
0.659
0.659
0.659
0.659
0.659
0.660
0.659
0.659
0.659
0.659
0.659
0.659
0.659
0.659
0.658
0.658
0.658
0.659
0.659
0.659
0.659
0.660
0.659
0.659
0.659
0.659
0.659
0.659
0.659
0.659
0.659
0.659
0.659
0.659
0.658
0.658
0.658
0.658
0.658
0.657
0.657
0.657
0.657
0.657
0.657
0.658
0.658
0.658
0.658
0.658
0.657
0.657
0.657
0.657
0.658
0.658
0.658
0.658
0.658
0.657
0.657
0.657
0.657
0.657
0.657
0.656
0.656
0.656
0.655
0.655
0.655
0.655
0.655
0.656
0.656
0.657
0.657
0.657
0.658
0.657
0.658
0.657
0.657
0.656
0.656
0.656
0.657
0.657
0.657
0.656
0.656
0.656
0.655
0.655
0.654
0.654
0.654
0.654
0.655
0.655
0.656
0.656
0.656
0.657
0.657
0.657
0.658
0.658
0.657
0.657
0.657
0.656
0.656
0.656
0.656
0.656
0.656
0.656
0.656
0.657
0.657
0.657
0.657
0.657
0.656
0.656
0.655
0.655
0.655
0.655
0.655
0.655
0.656
0.656
0.656
0.656
0.656
0.656
0.656
0.656
0.656
0.656
0.656
0.655
0.655
0.655
0.655
0.655
0.655
0.655
0.656
0.656
0.656
0.656
0.656
0.656
0.656
0.656
0.656
0.655
0.655
0.655
0.654
0.655
0.655
0.655
0.655
0.655
0.655
0.655
0.655
0.655
0.655
0.656
0.655
0.655
0.655
0.655
0.655
0.656
0.655
0.655
0.655
0.655
0.655
0.655
0.655
0.656
0.655
0.655
0.655
0.655
0.656
0.655
0.656
0.655
0.655
0.655
0.654
0.654
0.654
0.654
0.654
0.654
0.654
0.654
0.654
0.654
0.654
0.654
0.654
0.655
0.654
0.654
0.654
0.654
0.654
0.654
0.654
0.654
0.655
0.655
0.655
0.655
0.656
0.656
0.656
0.656
0.656
0.656
0.656
0.656
0.657
0.657
0.657
0.657
0.657
0.657
0.656
0.656
0.656
0.656
0.656
0.655
0.655
0.655
0.654
0.654
0.654
0.654
0.654
0.654
0.654
0.654
0.654
0.653
0.653
0.653
0.653
0.653
0.653
0.654
0.654
0.654
0.654
0.654
0.654
0.654
0.654
0.654
0.653
0.653
0.653
0.653
0.652
0.652
0.653
0.652
0.652
0.652
0.652
0.652
0.651
0.651
0.651
0.651
0.651
0.651
0.651
0.651
0.651
0.651
0.651
0.650
0.650
0.650
0.650
0.650
0.650
0.650
0.650
0.650
0.650
0.650
0.650
0.650
0.651
0.651
0.651
0.652
0.652
0.652
0.652
0.652
0.652
0.652
0.653
0.653
0.653
0.653
0.653
0.654
0.654
0.653
0.653
0.653
0.653
0.653
0.653
0.653
0.653
0.653
0.653
0.654
0.654
0.654
0.653
0.653
0.653
0.653
0.653
0.653
0.653
0.653
0.652
0.653
0.653
0.653
0.653
0.654
0.654
0.654
0.654
0.654
0.654
0.654
0.654
0.653
0.653
0.653
0.653
0.653
0.653
0.653
0.653
0.653
0.653
0.653
0.653
0.653
0.653
0.653
0.653
0.653
0.653
0.653
0.653
0.653
0.653
0.653
0.653
0.653
0.653
0.653
0.653
0.653
0.653
0.653
0.653
0.653
0.653
0.653
0.653
0.653
0.652
0.652
0.652
0.652
0.652
0.651
0.651
0.651
0.651
0.651
0.651
0.651
0.651
0.651
0.651
0.651
0.651
0.650
0.651
0.651
0.650
0.650
0.650
0.650
0.650
0.650
0.650
0.649
0.649
0.649
0.649
0.649
0.649
0.649
0.650
0.650
0.650
0.650
0.650
0.650
0.649
0.649
0.649
0.649
0.649
0.649
0.650
0.649
0.649
0.649
0.649
0.649
0.649
0.649
0.648
0.649
0.649
0.649
0.649
0.649
0.649
0.649
0.649
0.648
0.649
0.649
0.649
0.648
0.648
0.648
0.648
0.648
0.647
0.647
0.647
0.647
0.647
0.647
0.647
0.647
0.647
0.647
0.647
0.647
0.646
0.646
0.646
0.646
0.645
0.645
0.645
0.645
0.645
0.645
0.645
0.646
0.646
0.646
0.646
0.646
0.646
0.646
0.646
0.646
0.645
0.646
0.646
0.646
0.646
0.645
0.645
0.646
0.646
0.646
0.646
0.646
0.646
0.646
0.647
0.647
0.646
0.646
0.646
0.646
0.646
0.646
0.645
0.645
0.645
0.645
0.645
0.645
0.646
0.646
0.645
0.645
0.645
0.645
0.645
0.645
0.645
0.645
0.645
0.644
0.644
0.644
0.644
0.644
0.644
0.643
0.643
0.643
0.643
0.644
0.643
0.643
0.643
0.643
0.644
0.644
0.644
0.644
0.644
0.645
0.645
0.645
0.645
0.645
0.646
0.645
0.645
0.645
0.645
0.645
0.645
0.644
0.644
0.644
0.644
0.644
0.644
0.644
0.644
0.644
0.644
0.644
0.644
0.645
0.644
0.644
0.645
0.645
0.645
0.645
0.645
0.645
0.645
0.645
0.645
0.645
0.645
0.645
0.644
0.645
0.645
0.645
0.645
0.645
0.645
0.645
0.645
0.645
0.645
0.645
0.645
0.646
0.646
0.646
0.646
0.646
0.646
0.646
0.646
0.646
0.646
0.646
0.646
0.646
0.646
0.646
0.646
0.646
0.646
0.646
0.646
0.647
0.647
0.647
0.647
0.647
0.647
0.647
0.648
0.648
0.648
0.648
0.648
0.648
0.649
0.649
0.649
0.649
0.650
0.650
0.650
0.650
0.651
0.651
0.651
0.651
0.651
0.652
0.652
0.652
0.652
0.652
0.652
0.652
0.653
0.652
0.652
0.652
0.652
0.652
0.652
0.652
0.652
0.652
0.652
0.651
0.651
0.651
0.652
0.652
0.652
0.652
0.652
0.653
0.653
0.653
0.653
0.653
0.653
0.653
0.653
0.653
0.653
0.653
0.653
0.653
0.653
0.653
0.653
0.652
0.652
0.652
0.652
0.652
0.652
0.652
0.652
0.652
0.652
0.652
0.652
0.652
0.652
0.652
0.652
0.651
0.651
0.651
0.651
0.651
0.651
0.651
0.651
0.652
0.652
0.652
0.652
0.653
0.653
0.653
0.653
0.653
0.653
0.653
0.653
0.653
0.653
0.653
0.653
0.653
0.653
0.654
0.653
0.653
0.653
0.653
0.653
0.653
0.652
0.652
0.652
0.652
0.652
0.652
0.653
0.653
0.653
0.652
0.652
0.652
0.652
0.652
0.652
0.652
0.652
0.652
0.652
0.652
0.652
0.651
0.651
0.651
0.651
0.651
0.651
0.651
0.651
0.652
0.652
0.652
0.652
0.652
0.653
0.653
0.653
0.653
0.653
0.653
0.653
0.653
0.653
0.652
0.652
0.652
0.652
0.652
0.652
0.652
0.652
0.652
0.652
0.652
0.652
0.652
0.652
0.652
0.652
0.652
0.652
0.652
0.652
0.653
0.653
0.653
0.653
0.653
0.653
0.654
0.654
0.654
0.654
0.654
0.654
0.654
0.654
0.654
0.654
0.653
0.653
0.653
0.654
0.653
0.653
0.653
0.653
0.653
0.653
0.653
0.653
0.653
0.653
0.653
0.653
0.653
0.653
0.653
0.653
0.653
0.653
0.653
0.653
0.653
0.653
0.653
0.653
0.653
0.653
0.653
0.653
0.654
0.654
0.653
0.654
0.654
0.654
0.654
0.654
0.654
0.654
0.654
0.655
0.655
0.655
0.655
0.655
0.655
0.655
0.655
0.655
0.655
0.655
0.655
0.655
0.655
0.655
0.655
0.655
0.655
0.655
0.655
0.655
0.655
0.654
0.655
0.654
0.654
0.654
0.654
0.654
0.654
0.654
0.654
0.654
0.655
0.655
0.655
0.655
0.655
0.655
0.655
0.655
0.656
0.656
0.656
0.656
0.656
0.656
0.656
0.656
0.656
0.656
0.657
0.657
0.657
0.657
0.657
0.657
0.657
0.658
0.658
0.658
0.658
0.658
0.658
0.658
0.658
0.658
0.658
0.658
0.658
0.658
0.658
0.657
0.657
0.657
0.657
0.657
0.657
0.658
0.657
0.658
0.658
0.658
0.658
0.658
0.657
0.657
0.657
0.657
0.657
0.657
0.657
0.657
0.657
0.657
0.657
0.657
0.658
0.658
0.658
0.658
0.658
0.658
0.658
0.658
0.658
0.658
0.657
0.657
0.657
0.657
0.657
0.657
0.657
0.657
0.657
0.657
0.656
0.656
0.656
0.656
0.656
0.656
0.656
0.656
0.656
0.656
0.656
0.655
0.655
0.655
0.655
0.656
0.655
0.655
0.655
0.655
0.655
0.655
0.655
0.655
0.655
0.654
0.654
0.654
0.654
0.654
0.654
0.654
0.654
0.654
0.654
0.654
0.654
0.654
0.654
0.654
0.654
0.654
0.654
0.654
0.654
0.654
0.653
0.653
0.653
0.653
0.653
0.653
0.653
0.653
0.653
0.653
0.653
0.653
0.652
0.652
0.652
0.652
0.652
0.652
0.652
0.652
0.652
0.652
0.652
0.652
0.652
0.652