Precisão média por imagem
0.504
0.504
0.497
0.483
0.479
0.473
0.474
0.470
0.463
0.469
0.473
0.474
0.470
0.471
0.475
0.477
0.477
0.477
0.479
0.480
0.488
0.487
0.492
0.497
0.494
0.492
0.494
0.494
0.489
0.492
0.492
0.493
0.498
0.498
0.499
0.498
0.501
0.499
0.497
0.498
0.498
0.497
0.498
0.498
0.497
0.497
0.496
0.494
0.495
0.496
0.497
0.496
0.496
0.498
0.497
0.496
0.498
0.496
0.499
0.501
0.499
0.499
0.500
0.500
0.499
0.498
0.497
0.498
0.498
0.499
0.499
0.499
0.498
0.496
0.498
0.499
0.498
0.497
0.497
0.496
0.495
0.494
0.494
0.493
0.493
0.492
0.491
0.491
0.490
0.489
0.488
0.488
0.487
0.486
0.485
0.485
0.485
0.486
0.486
0.485
0.485
0.485
0.484
0.482
0.481
0.482
0.481
0.480
0.480
0.480
0.480
0.480
0.480
0.480
0.482
0.482
0.481
0.483
0.483
0.483
0.483
0.483
0.483
0.483
0.482
0.482
0.484
0.485
0.486
0.488
0.489
0.488
0.488
0.489
0.489
0.488
0.488
0.489
0.489
0.489
0.489
0.490
0.489
0.489
0.490
0.490
0.491
0.490
0.489
0.489
0.489
0.489
0.489
0.489
0.488
0.488
0.488
0.488
0.487
0.489
0.488
0.488
0.487
0.487
0.487
0.488
0.488
0.488
0.488
0.488
0.488
0.488
0.489
0.489
0.488
0.488
0.487
0.487
0.487
0.487
0.488
0.488
0.488
0.488
0.489
0.490
0.491
0.491
0.491
0.491
0.491
0.491
0.492
0.492
0.492
0.492
0.492
0.491
0.491
0.491
0.491
0.490
0.491
0.490
0.490
0.490
0.490
0.490
0.489
0.489
0.489
0.490
0.491
0.491
0.492
0.492
0.492
0.492
0.491
0.492
0.492
0.492
0.491
0.491
0.491
0.491
0.490
0.490
0.490
0.490
0.490
0.490
0.490
0.490
0.490
0.489
0.489
0.489
0.489
0.489
0.489
0.489
0.490
0.489
0.490
0.490
0.491
0.491
0.490
0.490
0.491
0.490
0.490
0.490
0.490
0.489
0.490
0.490
0.490
0.489
0.489
0.489
0.489
0.489
0.489
0.489
0.489
0.489
0.489
0.488
0.489
0.489
0.490
0.490
0.490
0.491
0.490
0.490
0.490
0.491
0.491
0.491
0.492
0.492
0.492
0.491
0.491
0.491
0.492
0.492
0.492
0.491
0.491
0.491
0.491
0.491
0.491
0.490
0.490
0.490
0.491
0.491
0.490
0.490
0.490
0.490
0.490
0.490
0.490
0.489
0.489
0.490
0.490
0.490
0.490
0.490
0.490
0.489
0.490
0.489
0.489
0.489
0.489
0.489
0.489
0.489
0.489
0.489
0.489
0.489
0.488
0.488
0.488
0.488
0.488
0.488
0.488
0.488
0.489
0.489
0.489
0.489
0.489
0.489
0.489
0.489
0.489
0.489
0.488
0.488
0.488
0.488
0.488
0.488
0.488
0.488
0.488
0.488
0.488
0.488
0.487
0.487
0.487
0.487
0.487
0.487
0.486
0.486
0.486
0.486
0.486
0.486
0.486
0.486
0.485
0.485
0.485
0.485
0.485
0.485
0.485
0.486
0.486
0.486
0.486
0.486
0.486
0.485
0.485
0.485
0.485
0.485
0.485
0.485
0.485
0.485
0.485
0.485
0.485
0.485
0.485
0.486
0.486
0.486
0.486
0.485
0.486
0.486
0.486
0.486
0.486
0.487
0.487
0.487
0.487
0.487
0.487
0.487
0.487
0.487
0.487
0.487
0.486
0.487
0.487
0.487
0.487
0.487
0.487
0.487
0.487
0.487
0.487
0.487
0.487
0.486
0.486
0.486
0.486
0.486
0.486
0.486
0.486
0.486
0.486
0.486
0.486
0.487
0.487
0.487
0.487
0.487
0.487
0.487
0.487
0.487
0.487
0.487
0.487
0.487
0.486
0.486
0.486
0.486
0.486
0.486
0.486
0.486
0.486
0.486
0.486
0.486
0.486
0.486
0.485
0.486
0.486
0.486
0.486
0.486
0.486
0.486
0.486
0.486
0.486
0.487
0.487
0.487
0.487
0.487
0.486
0.486
0.486
0.486
0.486
0.486
0.486
0.486
0.486
0.486
0.486
0.486
0.486
0.487
0.487
0.487
0.487
0.487
0.487
0.487
0.487
0.487
0.487
0.487
0.486
0.487
0.487
0.487
0.487
0.487
0.487
0.487
0.487
0.487
0.487
0.487
0.487
0.487
0.487
0.487
0.487
0.487
0.487
0.487
0.487
0.487
0.487
0.487
0.487
0.487
0.487
0.487
0.487
0.487
0.487
0.487
0.487
0.488
0.488
0.488
0.488
0.488
0.488
0.488
0.488
0.488
0.488
0.488
0.488
0.487
0.488
0.487
0.487
0.487
0.488
0.488
0.488
0.488
0.488
0.488
0.487
0.487
0.487
0.487
0.487
0.487
0.487
0.487
0.487
0.487
0.487
0.487
0.487
0.487
0.487
0.487
0.487
0.487
0.487
0.487
0.487
0.487
0.487
0.486
0.487
0.487
0.487
0.487
0.487
0.487
0.487
0.487
0.487
0.487
0.487
0.487
0.487
0.486
0.487
0.487
0.487
0.487
0.487
0.487
0.487
0.487
0.487
0.487
0.487
0.487
0.487
0.488
0.488
0.488
0.488
0.488
0.488
0.488
0.488
0.488
0.488
0.488
0.488
0.488
0.488
0.488
0.488
0.488
0.488
0.488
0.488
0.488
0.489
0.489
0.489
0.488
0.488
0.488
0.488
0.488
0.488
0.488
0.488
0.488
0.488
0.488
0.488
0.488
0.488
0.488
0.488
0.487
0.487
0.487
0.487
0.487
0.487
0.487
0.487
0.487
0.487
0.487
0.487
0.487
0.487
0.487
0.487
0.487
0.487
0.487
0.486
0.486
0.486
0.487
0.486
0.486
0.486
0.486
0.486
0.486
0.486
0.486
0.486
0.486
0.486
0.486
0.487
0.487
0.487
0.487
0.487
0.487
0.487
0.487
0.487
0.487
0.487
0.487
0.487
0.487
0.487
0.487
0.487
0.487
0.487
0.486
0.486
0.486
0.486
0.486
0.486
0.486
0.486
0.486
0.486
0.486
0.486
0.486
0.486
0.486
0.486
0.486
0.486
0.486
0.486
0.486
0.486
0.487
0.486
0.486
0.487
0.486
0.486
0.486
0.487
0.486
0.487
0.487
0.487
0.487
0.487
0.487
0.487
0.487
0.487
0.487
0.487
0.487
0.487
0.487
0.487
0.487
0.487
0.487
0.487
0.487
0.487
0.487
0.487
0.487
0.487
0.487
0.487
0.487
0.487
0.487
0.487
0.487
0.487
0.487
0.487
0.487
0.487
0.487
0.487
0.487
0.487
0.487
0.486
0.487
0.486
0.486
0.486
0.486
0.486
0.486
0.486
0.486
0.486
0.486
0.486
0.486
0.486
0.486
0.486
0.486
0.486
0.486
0.486
0.486
0.486
0.486
0.486
0.486
0.486
0.486
0.486
0.486
0.486
0.486
0.486
0.486
0.486
0.486
0.486
0.486
0.486
0.486
0.486
0.486
0.486
0.486
0.486
0.486
0.486
0.486
0.486
0.486
0.486
0.486
0.486
0.486
0.486
0.486
0.486
0.486
0.486
0.486
0.486
0.486
0.486
0.486
0.487
0.487
0.487
0.487
0.486
0.487
0.487
0.486
0.486
0.486
0.486
0.486
0.486
0.486
0.486
0.486
0.486
0.486
0.486
0.486
0.486
0.486
0.486
0.486
0.486
0.486
0.486
0.486
0.486
0.486
0.486
0.486
0.486
0.486
0.486
0.486
0.486
0.486
0.486
0.486
0.486
0.486
0.486
0.486
0.486
0.486
0.486
0.486
0.486
0.486
0.486
0.486
0.486
0.486
0.486
0.485
0.485
0.485
0.485
0.485
0.485
0.485
0.485
0.485
0.485
0.485
0.485
0.485
0.485
0.485
0.485
0.485
0.485
0.485
0.485
0.485
0.485
0.485
0.485
0.485
0.485
0.485
0.485
0.485
0.485
0.485
0.485
0.486
0.486
0.486
0.486
0.486
0.485
0.486
0.486
0.486
0.486
0.486
0.486
0.486
0.486
0.486
0.486
0.486
0.486
0.486
0.486
0.486
0.486
0.486
0.486
0.486
0.486
0.486
0.486
0.486
0.486
0.486
0.486
0.486
0.486
0.486
0.486
0.486
0.486
0.486
0.486
0.486
0.486
0.486
0.486
0.486
0.486
0.486
0.486
0.486
0.486
0.486
0.486
0.486
0.486
0.486
0.486
0.486
0.486
0.487
0.487
0.486
0.486
0.486
0.486
0.486
0.486
0.486
0.486
0.486
0.486
0.486
0.486
0.486
0.486
0.486
0.486
0.486
0.486
0.486
0.486
0.486
0.486
0.486
0.486
0.486
0.486
0.486
0.486
0.486
0.486
0.486
0.486
0.486
0.486
0.486
0.486
0.486
0.486
0.486
0.486
0.486
0.486
0.486
0.486
0.486
0.485
0.485
0.486
0.486
0.486
0.486
0.486
0.486
0.486
0.486
0.485
0.486
0.486
0.486
0.486
0.486
0.486
0.486
0.486
0.486
0.486
0.486
0.486
0.486
0.486
0.486
0.486
0.486
0.486
0.486
0.486
0.486
0.486
0.486
0.486
0.486
0.487
0.486
0.486
0.486
0.486
0.486
0.486
0.486
0.486
0.486
0.486
0.486
0.486
0.486
0.487
0.487
0.487
0.487
0.487
0.487
0.487
0.487
0.487
0.487
0.487
0.487
0.487
0.487
0.487
0.487
0.487
0.487
0.487
0.487
0.486
0.486
0.486
0.486
0.486
0.486
0.486
0.486
0.486
0.486
0.486
0.486
0.486
0.486
0.486
0.486
0.486
0.486
0.486
0.486
0.486
0.486
0.486
0.486
0.486
0.486
0.486
0.486
0.486
0.486
0.486
0.486
0.486
0.486
0.486
0.486
0.486
0.486
0.486
0.486
0.486
0.486
0.486
0.486
0.486
0.486
0.486
0.486
0.486
0.486
0.486
0.486
0.486
0.486
0.486
0.486
0.486
0.486
0.486
0.486
0.487
0.487
0.487
0.487
0.487
0.487
0.487
0.486
0.486
0.487
0.487
0.486
0.486
0.487
0.487
0.487
0.487
0.486
0.486
0.486
0.486
0.486
0.486
0.486
0.486
0.486
0.486
0.486
0.486
0.486
0.486
0.486
0.486
0.486
0.486
0.486
0.486
0.486
0.486
0.486
0.486
0.486
0.486
0.486
0.486
0.486
0.486
0.486
0.486
0.486
0.486
0.486
0.486
0.486
0.486
0.486
0.486
0.486
0.486
0.486
0.486
0.486
0.486
0.486
0.486
0.486
0.486
0.486
0.486
0.486
0.486
0.486
0.486
0.486
0.486
0.486
0.486
0.486
0.486
0.486
0.486
0.486
0.486
0.486
0.486
0.486
0.486
0.486
0.486
0.486
0.486
0.486
0.486
0.486
0.486
0.486
0.486
0.486
0.486
0.486
0.486
0.486
0.486
0.486
0.486
0.486
0.486
0.486
0.486
0.486
0.486
0.486
0.486
0.486
0.486
0.486
0.486
0.486
0.486
0.486
0.486
0.486
0.486
0.486
0.486
0.486
0.486
0.486
0.486
0.486
0.486
0.486
0.486
0.486
0.486
0.486
0.486
0.486
0.486
0.487
0.487
0.487
0.487
0.487