Precisão média por imagem
0.499
0.431
0.549
0.560
0.626
0.663
0.700
0.720
0.736
0.752
0.763
0.773
0.777
0.778
0.771
0.767
0.773
0.779
0.776
0.781
0.782
0.783
0.785
0.788
0.781
0.775
0.770
0.758
0.748
0.743
0.735
0.729
0.725
0.721
0.714
0.708
0.706
0.709
0.704
0.708
0.700
0.694
0.698
0.694
0.691
0.694
0.689
0.685
0.682
0.676
0.674
0.671
0.666
0.661
0.656
0.651
0.646
0.641
0.644
0.647
0.650
0.654
0.650
0.646
0.648
0.646
0.648
0.649
0.648
0.644
0.645
0.646
0.642
0.639
0.640
0.638
0.635
0.634
0.633
0.632
0.629
0.627
0.629
0.629
0.630
0.631
0.631
0.632
0.633
0.632
0.631
0.631
0.631
0.635
0.638
0.640
0.643
0.645
0.648
0.649
0.651
0.654
0.656
0.658
0.660
0.663
0.665
0.667
0.669
0.671
0.673
0.675
0.673
0.674
0.675
0.678
0.678
0.679
0.677
0.675
0.676
0.678
0.677
0.677
0.675
0.674
0.672
0.670
0.668
0.666
0.665
0.664
0.662
0.663
0.664
0.662
0.660
0.658
0.659
0.659
0.661
0.661
0.661
0.660
0.661
0.662
0.663
0.661
0.659
0.659
0.660
0.661
0.661
0.661
0.660
0.659
0.659
0.659
0.659
0.659
0.658
0.658
0.659
0.658
0.656
0.656
0.655
0.656
0.656
0.655
0.653
0.654
0.653
0.655
0.656
0.657
0.657
0.656
0.655
0.654
0.654
0.654
0.654
0.655
0.654
0.654
0.653
0.653
0.654
0.653
0.652
0.653
0.652
0.652
0.651
0.651
0.651
0.652
0.653
0.653
0.654
0.653
0.652
0.652
0.653
0.653
0.654
0.654
0.653
0.654
0.654
0.653
0.653
0.654
0.655
0.656
0.656
0.657
0.657
0.656
0.655
0.654
0.654
0.654
0.654
0.655
0.655
0.654
0.654
0.653
0.652
0.652
0.652
0.651
0.651
0.652
0.653
0.654
0.653
0.652
0.653
0.652
0.653
0.653
0.653
0.652
0.651
0.651
0.651
0.652
0.652
0.652
0.651
0.651
0.651
0.651
0.651
0.652
0.652
0.652
0.652
0.653
0.652
0.652
0.652
0.651
0.652
0.653
0.654
0.654
0.655
0.654
0.653
0.652
0.652
0.652
0.652
0.652
0.652
0.653
0.653
0.653
0.654
0.654
0.655
0.655
0.655
0.654
0.654
0.653
0.652
0.652
0.653
0.653
0.652
0.652
0.652
0.652
0.653
0.653
0.654
0.655
0.654
0.654
0.654
0.653
0.653
0.653
0.653
0.654
0.653
0.653
0.652
0.652
0.652
0.651
0.651
0.651
0.651
0.652
0.653
0.653
0.654
0.655
0.656
0.656
0.657
0.657
0.657
0.658
0.658
0.658
0.657
0.657
0.657
0.658
0.659
0.659
0.659
0.660
0.660
0.659
0.659
0.659
0.659
0.659
0.660
0.660
0.661
0.661
0.662
0.663
0.663
0.662
0.662
0.661
0.661
0.660
0.660
0.661
0.660
0.660
0.659
0.659
0.659
0.659
0.659
0.658
0.658
0.659
0.659
0.660
0.661
0.661
0.662
0.663
0.663
0.664
0.665
0.664
0.664
0.664
0.665
0.665
0.665
0.665
0.666
0.666
0.666
0.667
0.667
0.667
0.667
0.667
0.668
0.667
0.668
0.667
0.667
0.667
0.666
0.666
0.667
0.667
0.668
0.668
0.669
0.668
0.667
0.668
0.668
0.668
0.668
0.668
0.668
0.668
0.669
0.668
0.668
0.668
0.667
0.667
0.666
0.666
0.666
0.666
0.666
0.666
0.666
0.666
0.666
0.666
0.665
0.666
0.666
0.666
0.667
0.667
0.667
0.667
0.667
0.667
0.668
0.668
0.668
0.668
0.668
0.669
0.669
0.669
0.669
0.668
0.668
0.667
0.666
0.666
0.666
0.666
0.665
0.665
0.664
0.664
0.664
0.665
0.665
0.665
0.665
0.665
0.665
0.665
0.665
0.665
0.665
0.665
0.664
0.664
0.663
0.663
0.662
0.662
0.662
0.663
0.662
0.662
0.662
0.662
0.662
0.661
0.661
0.661
0.660
0.660
0.661
0.661
0.661
0.661
0.661
0.660
0.660
0.660
0.660
0.660
0.660
0.660
0.659
0.660
0.660
0.660
0.661
0.661
0.661
0.661
0.661
0.661
0.660
0.660
0.661
0.660
0.660
0.661
0.661
0.661
0.660
0.660
0.659
0.659
0.659
0.659
0.659
0.659
0.658
0.658
0.658
0.659
0.659
0.659
0.659
0.659
0.659
0.659
0.659
0.659
0.659
0.659
0.659
0.659
0.659
0.659
0.659
0.658
0.658
0.659
0.658
0.658
0.658
0.657
0.657
0.657
0.657
0.657
0.657
0.657
0.657
0.657
0.658
0.658
0.658
0.659
0.659
0.659
0.658
0.658
0.658
0.657
0.658
0.658
0.658
0.658
0.658
0.657
0.657
0.657
0.656
0.656
0.655
0.655
0.656
0.656
0.656
0.657
0.657
0.658
0.658
0.658
0.659
0.659
0.659
0.659
0.658
0.658
0.657
0.657
0.657
0.657
0.657
0.657
0.657
0.657
0.658
0.658
0.658
0.658
0.658
0.657
0.657
0.656
0.656
0.656
0.656
0.656
0.656
0.657
0.657
0.657
0.657
0.657
0.657
0.657
0.657
0.657
0.657
0.657
0.656
0.657
0.657
0.657
0.656
0.656
0.656
0.657
0.657
0.657
0.658
0.658
0.658
0.657
0.657
0.657
0.657
0.656
0.656
0.656
0.656
0.656
0.656
0.656
0.657
0.656
0.656
0.656
0.656
0.656
0.657
0.657
0.656
0.656
0.657
0.657
0.657
0.657
0.656
0.656
0.657
0.656
0.656
0.657
0.657
0.657
0.657
0.657
0.657
0.657
0.657
0.657
0.657
0.657
0.656
0.656
0.655
0.655
0.655
0.655
0.655
0.655
0.655
0.655
0.655
0.656
0.655
0.656
0.656
0.656
0.656
0.656
0.656
0.656
0.655
0.656
0.656
0.656
0.656
0.657
0.657
0.657
0.657
0.658
0.657
0.657
0.657
0.658
0.658
0.658
0.658
0.658
0.658
0.658
0.658
0.658
0.658
0.657
0.657
0.657
0.657
0.656
0.656
0.656
0.656
0.655
0.656
0.655
0.655
0.656
0.656
0.655
0.655
0.655
0.655
0.655
0.655
0.655
0.655
0.655
0.655
0.656
0.656
0.656
0.656
0.656
0.655
0.655
0.655
0.655
0.654
0.654
0.654
0.654
0.654
0.654
0.654
0.654
0.653
0.653
0.653
0.652
0.653
0.653
0.653
0.653
0.653
0.653
0.653
0.652
0.652
0.652
0.652
0.652
0.652
0.652
0.652
0.652
0.652
0.652
0.652
0.652
0.652
0.653
0.653
0.653
0.653
0.654
0.654
0.654
0.654
0.654
0.654
0.655
0.655
0.655
0.655
0.655
0.656
0.656
0.656
0.655
0.655
0.655
0.655
0.655
0.655
0.655
0.655
0.656
0.656
0.656
0.656
0.656
0.655
0.655
0.655
0.655
0.655
0.655
0.655
0.655
0.655
0.655
0.655
0.655
0.656
0.656
0.656
0.656
0.656
0.656
0.656
0.656
0.655
0.655
0.655
0.655
0.655
0.655
0.655
0.656
0.655
0.655
0.655
0.655
0.655
0.655
0.655
0.655
0.655
0.655
0.655
0.655
0.655
0.655
0.655
0.655
0.654
0.654
0.654
0.655
0.655
0.655
0.655
0.655
0.655
0.654
0.655
0.655
0.655
0.654
0.654
0.654
0.654
0.654
0.653
0.653
0.653
0.653
0.653
0.652
0.653
0.653
0.653
0.653
0.653
0.653
0.653
0.653
0.653
0.653
0.652
0.652
0.652
0.652
0.652
0.652
0.652
0.651
0.651
0.651
0.651
0.651
0.651
0.652
0.652
0.652
0.652
0.652
0.652
0.651
0.651
0.651
0.651
0.651
0.651
0.651
0.651
0.651
0.651
0.651
0.651
0.651
0.651
0.651
0.651
0.651
0.651
0.651
0.651
0.651
0.651
0.651
0.650
0.651
0.651
0.651
0.650
0.650
0.650
0.650
0.649
0.649
0.649
0.649
0.649
0.649
0.649
0.649
0.649
0.649
0.649
0.649
0.649
0.648
0.648
0.648
0.647
0.647
0.647
0.647
0.647
0.647
0.647
0.647
0.647
0.648
0.648
0.648
0.647
0.647
0.647
0.647
0.647
0.647
0.647
0.647
0.647
0.647
0.647
0.647
0.647
0.647
0.647
0.647
0.648
0.648
0.648
0.648
0.648
0.648
0.648
0.648
0.647
0.647
0.647
0.647
0.647
0.647
0.647
0.647
0.647
0.647
0.647
0.647
0.647
0.646
0.646
0.646
0.646
0.646
0.646
0.646
0.646
0.646
0.646
0.646
0.645
0.645
0.645
0.645
0.645
0.645
0.645
0.645
0.645
0.645
0.645
0.645
0.645
0.646
0.646
0.646
0.646
0.647
0.647
0.647
0.647
0.647
0.647
0.647
0.647
0.646
0.646
0.646
0.646
0.646
0.646
0.646
0.646
0.646
0.646
0.646
0.646
0.646
0.646
0.646
0.646
0.646
0.646
0.647
0.647
0.647
0.647
0.647
0.647
0.647
0.647
0.647
0.647
0.647
0.646
0.646
0.646
0.646
0.647
0.646
0.646
0.647
0.647
0.647
0.647
0.647
0.647
0.648
0.648
0.648
0.648
0.648
0.649
0.648
0.649
0.648
0.648
0.648
0.648
0.648
0.648
0.648
0.648
0.648
0.648
0.648
0.649
0.649
0.649
0.649
0.649
0.649
0.649
0.650
0.650
0.650
0.650
0.650
0.650
0.651
0.651
0.651
0.651
0.651
0.652
0.652
0.652
0.652
0.653
0.653
0.653
0.653
0.653
0.654
0.654
0.654
0.654
0.654
0.655
0.655
0.655
0.655
0.655
0.654
0.654
0.654
0.655
0.654
0.654
0.654
0.654
0.654
0.654
0.654
0.654
0.654
0.654
0.654
0.655
0.655
0.655
0.655
0.655
0.655
0.655
0.655
0.655
0.655
0.655
0.655
0.655
0.655
0.655
0.655
0.655
0.655
0.655
0.655
0.655
0.655
0.655
0.655
0.655
0.655
0.655
0.655
0.654
0.654
0.654
0.654
0.654
0.654
0.654
0.654
0.654
0.653
0.653
0.654
0.654
0.654
0.654
0.654
0.655
0.655
0.655
0.655
0.655
0.655
0.656
0.655
0.656
0.656
0.656
0.656
0.656
0.656
0.656
0.656
0.656
0.656
0.656
0.655
0.655
0.655
0.655
0.655
0.655
0.654
0.655
0.655
0.655
0.655
0.655
0.655
0.655
0.655
0.655
0.655
0.654
0.654
0.654
0.654
0.654
0.654
0.654
0.654
0.654
0.654
0.654
0.653
0.653
0.654
0.654
0.654
0.654
0.654
0.654
0.655
0.655
0.655
0.655
0.655
0.655
0.655
0.655
0.655
0.655
0.655
0.655
0.655
0.655
0.655
0.655
0.654
0.655
0.654
0.654
0.655
0.655
0.655
0.655
0.655
0.655
0.654
0.654
0.654
0.654
0.655
0.655
0.655
0.655
0.655
0.656
0.656
0.656
0.656
0.656
0.656
0.656
0.656
0.656
0.656
0.656
0.656
0.656
0.656
0.656
0.656
0.656
0.656
0.656
0.655
0.655
0.655
0.655
0.655
0.655
0.655
0.655
0.655
0.655
0.655
0.655
0.655
0.655
0.655
0.656
0.656
0.656
0.655
0.655
0.655
0.655
0.655
0.655
0.656
0.656
0.656
0.656
0.656
0.656
0.656
0.656
0.656
0.656
0.656
0.657
0.657
0.657
0.657
0.657
0.657
0.657
0.657
0.657
0.657
0.657
0.657
0.657
0.658
0.657
0.657
0.657
0.657
0.657
0.657
0.657
0.657
0.657
0.657
0.657
0.657
0.657
0.657
0.656
0.656
0.656
0.656
0.657
0.657
0.657
0.657
0.657
0.657
0.657
0.657
0.657
0.658
0.658
0.658
0.658
0.658
0.658
0.658
0.658
0.658
0.659
0.659
0.659
0.659
0.659
0.659
0.660
0.660
0.660
0.660
0.660
0.660
0.660
0.661
0.661
0.661
0.661
0.661
0.661
0.660
0.660
0.660
0.660
0.660
0.660
0.660
0.660
0.660
0.660
0.660
0.660
0.660
0.660
0.660
0.660
0.660
0.660
0.660
0.660
0.660
0.660
0.660
0.660
0.660
0.660
0.660
0.660
0.660
0.660
0.660
0.660
0.660
0.660
0.660
0.660
0.660
0.660
0.660
0.660
0.660
0.660
0.660
0.660
0.660
0.660
0.659
0.659
0.659
0.659
0.659
0.659
0.659
0.659
0.659
0.659
0.658
0.658
0.658
0.658
0.658
0.658
0.658
0.658
0.658
0.658
0.658
0.658
0.658
0.657
0.657
0.657
0.657
0.657
0.657
0.657
0.657
0.657
0.657
0.656
0.656
0.656
0.656
0.656
0.656
0.656
0.656
0.656
0.656
0.656
0.656
0.656
0.656
0.656
0.656
0.656
0.656
0.656
0.656
0.656
0.656
0.656
0.655
0.655
0.655
0.655
0.655
0.655
0.655
0.655
0.655
0.655
0.655
0.655
0.655
0.655
0.655
0.655
0.654
0.654
0.654