Precisão média por imagem
0.390
0.406
0.399
0.391
0.389
0.391
0.397
0.393
0.400
0.409
0.407
0.400
0.395
0.388
0.386
0.382
0.378
0.370
0.371
0.370
0.368
0.364
0.364
0.363
0.363
0.362
0.361
0.357
0.355
0.352
0.349
0.347
0.353
0.359
0.357
0.358
0.357
0.356
0.359
0.358
0.357
0.357
0.353
0.349
0.348
0.346
0.344
0.345
0.344
0.348
0.349
0.346
0.348
0.349
0.350
0.350
0.350
0.350
0.350
0.349
0.354
0.355
0.355
0.356
0.355
0.356
0.356
0.357
0.357
0.358
0.361
0.361
0.360
0.359
0.360
0.360
0.359
0.358
0.357
0.357
0.357
0.356
0.356
0.356
0.356
0.355
0.355
0.355
0.355
0.355
0.354
0.354
0.353
0.353
0.354
0.355
0.355
0.354
0.354
0.354
0.354
0.353
0.355
0.356
0.355
0.356
0.355
0.354
0.354
0.355
0.354
0.353
0.352
0.353
0.354
0.355
0.355
0.354
0.355
0.356
0.355
0.355
0.355
0.355
0.355
0.356
0.356
0.356
0.356
0.357
0.359
0.360
0.362
0.361
0.360
0.360
0.360
0.360
0.360
0.360
0.361
0.361
0.362
0.363
0.364
0.363
0.362
0.362
0.362
0.362
0.362
0.362
0.361
0.361
0.360
0.359
0.360
0.361
0.361
0.360
0.359
0.359
0.358
0.358
0.357
0.357
0.357
0.357
0.358
0.358
0.359
0.360
0.360
0.361
0.361
0.361
0.362
0.363
0.363
0.364
0.365
0.365
0.364
0.364
0.364
0.364
0.365
0.365
0.365
0.366
0.366
0.367
0.366
0.366
0.366
0.365
0.366
0.366
0.366
0.366
0.366
0.365
0.365
0.365
0.364
0.364
0.364
0.364
0.364
0.364
0.364
0.364
0.365
0.364
0.363
0.363
0.362
0.363
0.363
0.363
0.363
0.363
0.364
0.364
0.365
0.365
0.365
0.365
0.366
0.366
0.366
0.366
0.366
0.365
0.365
0.365
0.364
0.364
0.364
0.364
0.364
0.363
0.363
0.363
0.362
0.362
0.362
0.362
0.361
0.361
0.361
0.361
0.361
0.361
0.361
0.361
0.360
0.361
0.360
0.360
0.360
0.360
0.360
0.361
0.360
0.359
0.359
0.358
0.358
0.358
0.358
0.358
0.358
0.358
0.358
0.357
0.358
0.358
0.358
0.359
0.358
0.357
0.358
0.358
0.358
0.358
0.358
0.358
0.357
0.357
0.357
0.357
0.357
0.357
0.357
0.358
0.358
0.358
0.358
0.358
0.358
0.359
0.359
0.359
0.359
0.359
0.360
0.360
0.360
0.361
0.361
0.361
0.360
0.360
0.360
0.359
0.359
0.359
0.360
0.360
0.360
0.360
0.361
0.361
0.361
0.361
0.361
0.361
0.361
0.361
0.361
0.361
0.361
0.361
0.361
0.360
0.360
0.360
0.360
0.359
0.359
0.360
0.359
0.360
0.360
0.361
0.361
0.361
0.361
0.361
0.360
0.360
0.360
0.361
0.361
0.360
0.361
0.361
0.361
0.361
0.361
0.362
0.362
0.362
0.361
0.362
0.362
0.362
0.362
0.362
0.362
0.363
0.362
0.362
0.362
0.362
0.362
0.362
0.362
0.361
0.361
0.361
0.361
0.361
0.361
0.362
0.361
0.362
0.362
0.362
0.362
0.362
0.363
0.363
0.362
0.363
0.362
0.362
0.362
0.363
0.363
0.363
0.363
0.363
0.363
0.363
0.363
0.363
0.363
0.363
0.364
0.363
0.363
0.363
0.363
0.363
0.363
0.364
0.364
0.364
0.364
0.364
0.364
0.364
0.365
0.364
0.364
0.364
0.364
0.364
0.364
0.363
0.363
0.363
0.364
0.363
0.363
0.363
0.363
0.363
0.363
0.363
0.363
0.363
0.363
0.363
0.364
0.364
0.364
0.364
0.365
0.365
0.365
0.365
0.365
0.365
0.365
0.365
0.364
0.364
0.364
0.365
0.364
0.364
0.364
0.364
0.364
0.364
0.364
0.364
0.364
0.364
0.364
0.363
0.363
0.363
0.363
0.363
0.363
0.363
0.363
0.363
0.363
0.364
0.364
0.364
0.363
0.363
0.363
0.363
0.364
0.364
0.363
0.363
0.364
0.364
0.364
0.364
0.364
0.364
0.364
0.363
0.363
0.363
0.364
0.364
0.364
0.364
0.364
0.364
0.365
0.365
0.365
0.365
0.365
0.365
0.365
0.365
0.365
0.365
0.365
0.365
0.365
0.365
0.365
0.365
0.365
0.365
0.365
0.365
0.365
0.365
0.365
0.365
0.365
0.365
0.365
0.365
0.364
0.364
0.364
0.365
0.365
0.365
0.364
0.364
0.364
0.364
0.364
0.364
0.364
0.364
0.364
0.364
0.364
0.364
0.364
0.364
0.364
0.364
0.363
0.363
0.363
0.363
0.363
0.363
0.363
0.364
0.364
0.364
0.364
0.364
0.364
0.364
0.364
0.364
0.364
0.365
0.365
0.365
0.365
0.365
0.365
0.365
0.364
0.364
0.364
0.364
0.364
0.364
0.364
0.364
0.364
0.364
0.364
0.364
0.364
0.364
0.364
0.365
0.365
0.365
0.365
0.365
0.365
0.365
0.365
0.365
0.365
0.365
0.365
0.365
0.365
0.365
0.365
0.365
0.365
0.365
0.366
0.365
0.365
0.366
0.365
0.365
0.365
0.365
0.365
0.365
0.365
0.365
0.365
0.365
0.365
0.365
0.365
0.365
0.365
0.365
0.365
0.365
0.365
0.365
0.364
0.365
0.365
0.365
0.365
0.365
0.365
0.365
0.365
0.365
0.365
0.365
0.365
0.366
0.365
0.365
0.365
0.365
0.365
0.365
0.365
0.364
0.364
0.364
0.364
0.364
0.364
0.364
0.364
0.364
0.364
0.364
0.364
0.364
0.364
0.364
0.364
0.364
0.364
0.364
0.364
0.364
0.364
0.364
0.363
0.364
0.364
0.364
0.364
0.364
0.364
0.364
0.363
0.363
0.363
0.363
0.363
0.363
0.363
0.363
0.363
0.363
0.363
0.363
0.363
0.363
0.363
0.363
0.363
0.363
0.363
0.363
0.363
0.363
0.363
0.363
0.363
0.363
0.363
0.363
0.363
0.363
0.363
0.363
0.363
0.363
0.363
0.363
0.363
0.363
0.363
0.363
0.363
0.363
0.364
0.363
0.363
0.363
0.363
0.363
0.364
0.363
0.364
0.363
0.364
0.364
0.364
0.364
0.364
0.364
0.364
0.364
0.364
0.364
0.364
0.364
0.364
0.364
0.364
0.364
0.364
0.364
0.364
0.364
0.364
0.364
0.364
0.364
0.364
0.364
0.364
0.365
0.365
0.365
0.365
0.365
0.365
0.365
0.365
0.365
0.365
0.365
0.365
0.365
0.365
0.365
0.365
0.365
0.365
0.365
0.365
0.365
0.365
0.365
0.365
0.365
0.364
0.364
0.365
0.365
0.365
0.365
0.365
0.365
0.365
0.365
0.365
0.365
0.365
0.365
0.365
0.365
0.365
0.365
0.365
0.365
0.365
0.365
0.365
0.365
0.365
0.365
0.365
0.365
0.365
0.365
0.365
0.365
0.365
0.365
0.365
0.365
0.365
0.365
0.365
0.365
0.365
0.365
0.365
0.365
0.365
0.365
0.365
0.365
0.365
0.365
0.365
0.365
0.365
0.365
0.365
0.365
0.365
0.365
0.365
0.365
0.365
0.365
0.365
0.365
0.365
0.365
0.365
0.365
0.365
0.365
0.365
0.365
0.365
0.365
0.365
0.365
0.365
0.365
0.365
0.365
0.365
0.365
0.364
0.364
0.364
0.364
0.364
0.364
0.364
0.364
0.364
0.364
0.364
0.364
0.364
0.364
0.365
0.365
0.365
0.365
0.365
0.364
0.364
0.364
0.364
0.364
0.365
0.365
0.365
0.365
0.365
0.365
0.365
0.365
0.365
0.365
0.365
0.365
0.365
0.365
0.365
0.365
0.365
0.365
0.365
0.366
0.366
0.366
0.366
0.366
0.366
0.366
0.366
0.366
0.366
0.366
0.366
0.366
0.366
0.366
0.366
0.366
0.366
0.366
0.366
0.366
0.366
0.366
0.366
0.366
0.366
0.366
0.366
0.366
0.366
0.366
0.366
0.366
0.366
0.366
0.366
0.366
0.366
0.366
0.366
0.366
0.366
0.366
0.366
0.366
0.366
0.366
0.366
0.366
0.366
0.366
0.366
0.366
0.366
0.366
0.366
0.366
0.366
0.366
0.366
0.366
0.366
0.366
0.366
0.366
0.365
0.365
0.365
0.365
0.365
0.365
0.365
0.365
0.365
0.365
0.365
0.365
0.365
0.365
0.365
0.365
0.365
0.365
0.365
0.365
0.365
0.365
0.365
0.365
0.365
0.365
0.365
0.365
0.365
0.365
0.365
0.365
0.365
0.365
0.365
0.365
0.365
0.365
0.365
0.365
0.365
0.365
0.365
0.365
0.365
0.365
0.365
0.365
0.365
0.365
0.365
0.365
0.366
0.366
0.365
0.365
0.365
0.365
0.365
0.365
0.365
0.365
0.365
0.365
0.366
0.366
0.366
0.365
0.365
0.365
0.365
0.365
0.365
0.365
0.365
0.365
0.365
0.365
0.365
0.365
0.365
0.365
0.365
0.365
0.365
0.365
0.365
0.365
0.365
0.365
0.365
0.365
0.365
0.365
0.365
0.365
0.365
0.365
0.365
0.365
0.365
0.365
0.365
0.366
0.366
0.366
0.366
0.366
0.366
0.366
0.366
0.366
0.366
0.366
0.366
0.366
0.366
0.366
0.366
0.366
0.366
0.366
0.366
0.366
0.366
0.366
0.366
0.366
0.366
0.366
0.366
0.366
0.366
0.366
0.366
0.366
0.366
0.366
0.366
0.366
0.366
0.366
0.366
0.366
0.366
0.366
0.366
0.366
0.366
0.366
0.366
0.366
0.366
0.366
0.366
0.366
0.366
0.366
0.366
0.366
0.366
0.366
0.366
0.366
0.366
0.366
0.366
0.366
0.366
0.366
0.366
0.366
0.366
0.366
0.366
0.366
0.366
0.366
0.366
0.365
0.366
0.366
0.366
0.366
0.366
0.366
0.366
0.366
0.366
0.366
0.366
0.366
0.366
0.366
0.366
0.366
0.366
0.366
0.366
0.366
0.365
0.365
0.365
0.365
0.365
0.365
0.366
0.366
0.366
0.366
0.366
0.366
0.365
0.365
0.365
0.365
0.365
0.365
0.365
0.365
0.365
0.365
0.365
0.365
0.365
0.365
0.365
0.365
0.365
0.365
0.365
0.365
0.365
0.365
0.365
0.365
0.365
0.365
0.365
0.365
0.365
0.365
0.364
0.364
0.364
0.364
0.364
0.364
0.364
0.364
0.365
0.365
0.365
0.365
0.365
0.365
0.365
0.365
0.365
0.365
0.365
0.365
0.365
0.365
0.365
0.365
0.365
0.365
0.365
0.365
0.365
0.365
0.365
0.365
0.365
0.365
0.365
0.365
0.365
0.365
0.365
0.365
0.365
0.365
0.365
0.365
0.365
0.365
0.365
0.365
0.365
0.365
0.365
0.365
0.365
0.365
0.365
0.365
0.365
0.365
0.366
0.366
0.366
0.366
0.365
0.365
0.366
0.366
0.366
0.366
0.366
0.366
0.366
0.366
0.366
0.366
0.366
0.366
0.365
0.365
0.365
0.365
0.365
0.365
0.365
0.365
0.365
0.364
0.364
0.364