Precisão média por imagem
0.642
0.582
0.589
0.574
0.555
0.540
0.506
0.496
0.496
0.501
0.500
0.495
0.492
0.496
0.489
0.482
0.482
0.482
0.479
0.496
0.493
0.500
0.499
0.498
0.497
0.496
0.495
0.494
0.496
0.493
0.494
0.493
0.492
0.492
0.490
0.488
0.487
0.486
0.486
0.486
0.484
0.482
0.493
0.492
0.504
0.502
0.505
0.504
0.502
0.501
0.499
0.499
0.497
0.496
0.495
0.494
0.499
0.498
0.503
0.502
0.501
0.501
0.501
0.500
0.500
0.499
0.499
0.498
0.495
0.494
0.493
0.492
0.492
0.494
0.493
0.495
0.496
0.497
0.501
0.501
0.501
0.502
0.502
0.500
0.499
0.499
0.498
0.498
0.497
0.499
0.498
0.500
0.499
0.498
0.498
0.498
0.500
0.500
0.499
0.498
0.500
0.499
0.499
0.502
0.502
0.507
0.507
0.505
0.505
0.504
0.504
0.504
0.503
0.503
0.504
0.503
0.504
0.503
0.502
0.503
0.503
0.504
0.504
0.503
0.504
0.502
0.505
0.504
0.503
0.503
0.503
0.503
0.504
0.505
0.506
0.508
0.507
0.508
0.508
0.509
0.509
0.508
0.507
0.507
0.507
0.506
0.506
0.505
0.505
0.505
0.504
0.504
0.504
0.503
0.503
0.505
0.504
0.505
0.505
0.504
0.504
0.504
0.503
0.504
0.504
0.505
0.506
0.506
0.506
0.507
0.507
0.506
0.505
0.505
0.505
0.505
0.505
0.507
0.506
0.506
0.505
0.505
0.504
0.505
0.505
0.506
0.505
0.506
0.505
0.505
0.505
0.504
0.504
0.503
0.503
0.503
0.502
0.502
0.501
0.500
0.500
0.500
0.499
0.499
0.498
0.498
0.498
0.498
0.498
0.500
0.499
0.500
0.501
0.502
0.503
0.504
0.505
0.506
0.507
0.508
0.509
0.510
0.511
0.512
0.513
0.513
0.513
0.513
0.512
0.512
0.512
0.512
0.511
0.511
0.511
0.512
0.512
0.513
0.514
0.514
0.513
0.513
0.513
0.513
0.512
0.512
0.512
0.512
0.511
0.511
0.511
0.511
0.511
0.512
0.513
0.513
0.513
0.513
0.512
0.512
0.512
0.512
0.512
0.513
0.514
0.514
0.515
0.515
0.516
0.518
0.520
0.520
0.520
0.520
0.520
0.520
0.520
0.520
0.520
0.519
0.519
0.519
0.519
0.520
0.520
0.521
0.522
0.523
0.523
0.523
0.523
0.523
0.523
0.523
0.523
0.524
0.523
0.524
0.525
0.526
0.526
0.526
0.526
0.527
0.529
0.529
0.530
0.530
0.530
0.530
0.530
0.529
0.529
0.528
0.529
0.528
0.528
0.528
0.527
0.527
0.527
0.527
0.526
0.526
0.526
0.527
0.527
0.528
0.529
0.529
0.529
0.530
0.532
0.532
0.533
0.532
0.533
0.533
0.533
0.533
0.534
0.534
0.534
0.534
0.534
0.534
0.534
0.534
0.535
0.534
0.535
0.535
0.535
0.534
0.534
0.534
0.534
0.534
0.533
0.533
0.533
0.534
0.534
0.534
0.534
0.533
0.533
0.533
0.533
0.532
0.533
0.533
0.533
0.532
0.532
0.532
0.532
0.532
0.531
0.532
0.533
0.533
0.534
0.534
0.534
0.534
0.534
0.534
0.534
0.534
0.534
0.535
0.534
0.534
0.535
0.535
0.536
0.537
0.537
0.537
0.537
0.536
0.536
0.536
0.536
0.536
0.537
0.536
0.537
0.536