Precisão média por imagem
0.342
0.331
0.304
0.306
0.380
0.371
0.361
0.353
0.349
0.342
0.330
0.324
0.351
0.341
0.336
0.330
0.333
0.332
0.329
0.325
0.324
0.319
0.321
0.336
0.337
0.335
0.335
0.333
0.333
0.332
0.331
0.342
0.342
0.341
0.340
0.339
0.338
0.339
0.336
0.337
0.337
0.335
0.333
0.331
0.329
0.327
0.326
0.325
0.326
0.325
0.332
0.331
0.330
0.331
0.331
0.330
0.329
0.328
0.327
0.325
0.324
0.322
0.322
0.322
0.322
0.323
0.323
0.323
0.322
0.327
0.326
0.325
0.324
0.323
0.323
0.322
0.323
0.323
0.322
0.321
0.320
0.319
0.319
0.319
0.318
0.318
0.318
0.317
0.316
0.315
0.315
0.315
0.315
0.314
0.314
0.314
0.314
0.313
0.313
0.317
0.317
0.316
0.316
0.316
0.315
0.315
0.315
0.319
0.318
0.319
0.319
0.319
0.319
0.319
0.319
0.318